,Sponginess,Wonder level,Crunchiness,Loudness on impact,Meme creativity,Soap slipperiness,Hype root
0,5.4371799635,-0.8629350339999999,4.3349400055,0.350939996,-0.428429988,19.071175427500002,-0.06198498150000001
1,5.45975595,-0.8017640349999999,4.090588005,0.3745119992,-0.3854359924,19.123548234,-0.3449319798
2,5.449629984666667,-0.7609833689999999,3.8535400028333338,0.39022666799999994,-0.339896665,19.002976958333335,-0.5828099713333333
3,5.427931412285715,-0.7318543218571427,3.6206657140000003,0.40145143142857137,-0.307368574,18.96689164,-0.7780971065714286
4,5.391648584142857,-0.6365228767142856,3.1442457342857146,0.41828857657142854,-0.2495057268571428,19.000091495714287,-1.165588536
5,5.384297179571428,-0.5411914598571429,2.620160025,0.4519628632857143,-0.21346001028571426,18.983491342857143,-1.7470628270000002
6,5.355365756,-0.44586002900000005,1.6037657361428572,0.5110114341428572,-0.18452858671428568,18.816542658571425,-2.7582399694285717
7,5.297502852285715,-0.2869743108571429,-0.4610371528571428,0.7047571487142857,-0.15559716314285715,18.66643114142857,-4.780831337571429
8,5.232525726142858,-0.15986573628571427,-1.541222883,0.7891800037142858,-0.14848287014285713,18.566356871428574,-5.522614171428572
9,5.210945707142857,-0.08042287000000002,-2.2718600188571427,0.8313914294285712,-0.15583428885714284,18.566356871428574,-6.272697082142857
10,5.254342870714285,0.014908561000000004,-3.129605757571429,0.8904399985714286,-0.15583428885714284,18.549519705714285,-7.199688491714286
11,5.254342870714285,0.15790570028571427,-4.765654291,1.0336742847142857,-0.1703000007142857,18.46628260142857,-8.741828439714286
12,5.3700685649999995,0.28501427485714287,-5.845839950428571,1.1263971425714285,-0.12690286528571426,18.51631984857143,-9.904539839285714
13,5.485557133714287,0.38034570585714284,-6.417828564285714,1.1937457162857144,-0.11978857228571427,18.66643136571429,-10.578736967000001
14,5.608397163571429,0.7934485732857143,-7.799660027142857,1.4636142904285714,-0.14136856299999997,18.88318005857143,-12.002779851285712
15,5.6517943271428575,0.9523342915714286,-8.879845700285713,1.6488228555714284,-0.18452857271428572,19.116765917142857,-13.275051225571428
16,5.586580018857143,0.984111428142857,-9.73759138242857,1.7161714292857142,-0.23504000114285714,19.26687720857143,-14.033434072142857
17,5.4276942865714295,1.095331430857143,-10.976662675285713,1.850868574857143,-0.3000171412857143,19.350351550000003,-15.171008341428571
18,5.254342842428572,1.0317771435714287,-11.42154265742857,1.817194288142857,-0.3649942814285714,19.45042582,-15.642922572857142
19,5.052060003,1.079442859,-12.263162607,1.9184542882857143,-0.4662542781428571,19.467025748571427,-16.32565679
20,4.784800009142857,1.1668300040000001,-13.168336759142859,2.0280142805714285,-0.5167657065714285,19.517062771428574,-16.82270815142857
21,4.5535857178571435,0.7034133258333334,-11.643508115000001,1.6993342788571433,-0.5385828511428572,19.500462617142855,-15.187845281428569
22,4.365768561857143,0.4624366615,-10.992076748285715,1.5141257137142858,-0.5385828511428572,19.40038834857143,-14.539022522857142
23,4.271860012142857,0.4624366615,-11.023853962571431,1.5141257137142856,-0.5385828511428572,19.366951254285713,-14.53048532
24,4.192417146,0.38828999300000006,-10.674305509714287,1.4384771408571428,-0.5241171394285714,19.400388348571425,-14.058571088571428
25,4.149257136285715,0.7219500013333334,-11.277834099714285,1.6829714202857142,-0.5096514277142857,19.50046261857143,-14.606371188571428
26,4.084279981857143,0.6107299986666667,-11.611494228285713,1.7754571312857141,-0.47336857128571425,19.53389993857143,-14.808654197142857
27,4.041119972142857,0.5868971397142858,-11.19862858542857,1.6744342814285713,-0.47336857128571425,19.567337258571428,-14.522185808571427
28,4.012425674142858,0.5233428595714286,-10.849317145,1.6407599945714286,-0.47336857128571425,19.70084884857143,-14.17666871857143
29,4.026891386,0.5392314242857144,-10.976425663142857,1.6490599955714287,-0.4444371335714285,19.817760284285715,-14.202042974285714
30,4.005311395285714,0.3962342778571429,-10.150457082285715,1.5731742794285715,-0.43708571485714287,19.98470896857143,-13.334100153285716
31,4.005311395285714,0.25323713142857146,-9.11793706057143,1.488751420857143,-0.4444371335714286,20.16825758,-12.314385822428571
32,3.983494250571429,-0.17575430071428572,-7.180005648428572,1.1683714252857142,-0.4444371335714286,20.16825758,-10.342542951571428
33,3.961677105857143,-0.2869743035714286,-5.591622745285714,0.9155771414285715,-0.4517885522857143,20.435280305714286,-8.758191468142858
34,3.9616771058571425,-0.46174859357142856,-4.368677071857143,0.8143171411428572,-0.46625427828571425,20.685465865714285,-7.511057054285713
35,3.939859961142857,-0.6047457329999999,-3.256714247571428,0.7298942861428571,-0.4951857161428571,20.85217708428571,-6.331271362571428
36,3.946974240142857,-0.7795200160000001,-1.8431056912857142,0.637171430142857,-0.5459342985714286,21.052325622857143,-4.957739949285714
37,4.011951394571429,-0.8112971455714285,-1.0489142398571432,0.5866600017142857,-0.5604000102857143,21.269074088571426,-4.191057082714286
38,4.134554242142857,-0.8748514187142857,-0.19116852942857174,0.5361485732857143,-0.5819800151428571,21.55269696857143,-3.4158371265714287
39,4.329722802714286,-0.9225171271428572,0.9205571761428573,0.48563714485714293,-0.5964457268571428,21.83631984857143,-2.463471432857143
40,4.517539987,-0.9860714002857142,2.2229457155714285,0.418288573,-0.6035600198571428,21.91955695285714,-1.3173600032857142
41,4.683539998285715,-1.0178485298571427,3.160134320428572,0.38461428628571426,-0.6106742987142857,21.952994047142855,-0.49992860200000006
42,4.871357182571429,-1.208274266,3.8431057265714292,0.16549429457142856,-0.6106742987142857,22.053068542857144,0.0056599921428571575
43,4.994197184142857,-1.2559399744285713,4.398968558142857,0.0727714297142857,-0.6177885775714286,22.10310556428572,0.4102257099999999
44,5.059174310142857,-1.271828553285714,4.748279970285714,0.06447143057142855,-0.6322542894285714,22.08650563714286,0.7052314249999999
45,5.073640050142856,-1.3194942617142857,5.034037123428571,0.030797147285714286,-0.6467200012857143,21.702808487142853,0.9580257177142855
46,5.066288645571428,-1.3671599701428572,5.177034248714286,-0.0028771360000000045,-0.6540714342857142,21.06892577714285,1.0927228614285713
47,5.051822905571428,-1.4148256785714286,5.256477114857143,-0.0365514192857143,-0.6685371461428572,20.60199152285714,1.1769085767142855
48,5.073640050142856,-1.4836366331666666,5.653691389285713,0.07300858185714283,-0.6540714342857142,20.401842984285715,1.5392628669999997
49,5.04470857,-1.1131799538333336,5.971462854142857,0.26268333383333337,-0.6467200012857143,20.101619949999996,1.8847800121428568
50,5.052059974571429,-0.8907399648333335,6.305122869571429,0.351272009,-0.6251399964285714,19.868034317142854,2.221997156285714
51,5.0449456957142855,-0.723909969,7.289977182857143,0.36588001075,-0.6106742845714285,19.634448458571427,3.123614299285714
52,5.0449456957142855,-0.5200066553333335,8.227165787571428,0.5426700072499999,-0.5746285678571427,19.50093709571428,4.075980010571429
53,4.979968569571428,-0.3346400004999999,9.084911525999999,0.83773500525,-0.552811423142857,19.51753702285714,5.062020054714286
54,4.914991443428572,-0.11220001133333334,10.006211580142859,1.078573336,-0.5383457112857142,19.333988412857142,6.039522896285713
55,4.813731432571428,-0.016868582714285707,10.991065837428573,1.098493335,-0.5383457112857143,18.900254240000002,7.151959979428573
56,4.727174287428572,0.23734856657142858,12.118680150428572,1.36893501175,-0.5238799995714285,18.583194264285712,8.230485688428573
57,4.604334314142858,0.5233428594285714,13.182740147142857,1.5547720112,-0.5165285808571428,18.483119994285715,9.452245704571428
58,4.495960024285714,0.6345628622857143,13.548177264285716,1.6490600126666666,-0.5165285808571428,18.182897185714285,9.89048566042857
59,4.344425724857143,0.841114296,13.913614381428571,1.9539466808333332,-0.5309943068571429,17.965911480000003,10.25283991657143
60,4.264982858571429,1.2065514408571427,14.485365869999999,2.1210533481666665,-0.5383457255714286,18.065985750000003,10.766728444142858
61,4.214471416,1.5719885857142857,15.168337212857141,2.213697152,-0.5167657207142857,18.349608630000002,11.381876982857142
62,4.127914271000001,1.9533143094285716,15.263431502857143,2.3315571452857142,-0.502300009,18.766742874285715,11.558785622857144
63,4.055585712,2.2075314444285716,15.533537202857143,2.5926514335714286,-0.5096514277142857,19.167277191428575,11.96335130142857
64,4.012188576571428,2.6680628522857144,15.740088701428572,2.9213314282857143,-0.5096514277142858,19.300788555714284,12.39305411142857
65,3.9543257011428565,3.112705716428571,16.200620221428572,3.1909628625714284,-0.5025371347142858,19.817760055714285,13.041876982857143
66,3.9253942775714283,3.573237117142857,16.83592591142857,3.5786914599999995,-0.49518570171428566,20.351568497142857,13.842234125714285
67,3.8530656904285716,3.8589942701428575,17.344360209999998,3.9661828609999996,-0.5022999947142857,20.735265647142857,14.474219831428572
68,3.7446914005714285,3.9702142517142858,17.43969174,4.126254306428572,-0.5312314325714286,20.968851505714287,14.701876982857144
69,3.6794771204285714,4.112974251285715,17.884571837142854,4.522282867714286,-0.5456971442857143,21.152162878571428,15.097905572857144
70,3.6289657061428566,4.223957121285714,17.964014702857142,4.547657151857142,-0.5601628702857143,21.252237147142857,15.274814214285716
71,3.5279428491428573,4.128625704428572,18.281786167142858,4.5813314279999995,-0.6035600057142857,21.26883707428572,15.34239989142857
72,3.4629657230000004,4.208068570571429,18.504226102857142,4.783614267571429,-0.6469571552857143,21.268837074285717,15.603731375714286
73,3.405102875714286,4.081197178142857,18.186454638571426,4.783614267571429,-0.6758885790000001,21.268837074285717,15.452197105714287
74,3.361942894142857,4.081197178142857,18.075234444285716,4.80898858,-0.7048200027142857,21.23539998,15.41022280857143
75,3.318545758714286,4.2398457565714285,18.250008614285715,4.935385692857143,-0.7337514262857143,21.15192563857143,15.76404009
76,3.2753857490000007,4.271622886142857,18.345339917142855,5.002971427428571,-0.76268285,21.001814347142858,15.974622835714285
77,3.2319886135714286,4.176528595,18.075234217142857,5.095694264,-0.7916142735714287,20.868302984285712,15.873599837142857
78,3.2319886135714286,4.065545753142857,17.70979698714286,5.028108585857143,-0.7916142735714287,20.801666035714284,15.679617018571426
79,3.2319886135714286,3.986102886999999,17.423802622857142,4.9439228669999995,-0.7842628407142858,20.45140598,15.435122699999999
80,3.2248743064285716,3.9225485997142853,17.725685424285714,4.825825689714286,-0.7842628407142858,19.93443470571429,15.527845507142857
81,3.2175228735714287,3.779788572,17.725685424285714,4.699428548714286,-0.7771485617142858,18.916854618571428,15.435122699999999
82,3.2319885854285713,3.541697155571429,17.39202552142857,4.6152428581428575,-0.7697971288571429,17.88243747857143,14.921234058571429
83,3.253568604428571,3.430714313714286,17.21725135142857,4.665754300714285,-0.7771485617142858,16.948331734285713,14.643302647142859
84,3.2825000281428567,3.446602892571428,17.535022817142856,4.792151441714286,-0.7408657051428572,15.897314552857143,14.862185582857146
85,3.311194297857143,3.4307143137142857,17.75746275142857,4.733339978857144,-0.7482171380000001,14.762823030000002,14.921234284285717
86,3.3906371358571428,3.4307143137142853,17.932237147142857,4.648917134428571,-0.7266371472857143,13.845317325714287,14.912934321428574
87,3.4916599927142853,3.446602864428571,17.598577244285714,4.320237139857142,-0.7121714354285713,13.244634357142857,14.575717195714287
88,3.6073856871428567,3.5258086048571426,17.74157454,4.3034000017142855,-0.6977057237142856,13.077922912857144,14.651602837142857
89,3.7446914005714294,3.652917179428571,18.265897275714284,4.362448562142856,-0.6687743,13.094759965714287,15.157191288571427
90,3.896462797428572,3.5575857344285713,18.424783008571428,4.1684656865714285,-0.6469571552857144,13.161397027142856,15.241377119999997
91,4.1058599440000005,3.509919997857143,18.647222942857145,3.7975742838571427,-0.6324914435714286,13.07792279857143,15.123517182857142
92,4.279448513857143,3.4304771317142864,19.075977362857145,3.772199999714285,-0.6106742988571429,13.26147141,15.42682273857143
93,4.554059940571428,3.4781428401428576,19.695394389999997,3.5616171398571423,-0.5599257164285715,13.36154568,15.612268354285716
94,4.828671395714286,3.6367914185714283,20.362477181428574,3.688014294999999,-0.5094142880000001,13.26147141,15.890437005714286
95,5.066999966,3.748011414285714,20.870674240000003,3.7553628757142854,-0.4444371335714285,13.244634355714286,16.160068454285714
96,5.2043056792857145,4.065545696857142,21.172320028571427,3.923734313285714,-0.4228571287142856,13.127723032857144,16.26109145142857
97,5.392122835285714,4.398968558285714,21.41041138857143,4.0755057667142855,-0.32894856485714286,13.061085971428572,16.446537068571427
98,5.551008567714285,4.637060002857142,21.29919142142857,4.303162918571429,-0.22792570085714287,13.34470874,16.26109133857143
99,5.644679991714286,4.859262840285714,20.98165697,4.379048645285715,-0.09061998742857139,13.294671491428572,15.915574247142859
100,5.622862847142857,5.049925673857143,20.346351279999997,4.648680093714286,-0.03299428,13.27807145,15.409985795714286
101,5.608397107,5.145257090714286,19.96526285285714,4.8678000995714275,0.05380000499999999,13.394745760000001,15.207702898571428
102,5.593931423428572,5.097591382285714,18.964519932857144,4.690891515857143,0.11166285928571427,13.49482003,14.331222874285714
103,5.637091405,4.875151390857142,18.26566004,4.505682911857143,0.2055714301428571,13.745242942857143,13.606514248571429
104,5.622625721428571,4.541728529428571,17.20160004285714,4.1264914604285705,0.22715143499999998,13.828717284285714,12.258119993
105,5.601045702428571,4.287748534142858,15.565551431285714,4.008394311428571,0.22715143499999998,13.79551742857143,10.623257122857144
106,5.687839973285715,3.9066599925714285,14.628362938428571,3.8483228941428567,0.2126857231428571,14.062303142857143,9.55303140657143
107,5.7528171558571435,3.557348580571429,13.913614381285715,3.494505741,0.21268572314285716,14.429163127142857,8.828322780428572
108,5.7959771938571425,3.2557028768571428,13.31008567842857,3.2080371544285713,0.1692885735714286,14.779660195714285,7.943542793571429
109,5.882534339,3.0652771407142856,13.024328667,3.0899400055714286,0.118777138,15.330305915714286,7.522139948714285
110,5.976442945142857,2.8271856961428576,12.579685697000002,2.87912002,0.06091428371428572,15.930751532857142,6.9575027957142845
111,6.034068666714285,2.7636314229999996,12.389022862714285,2.8876571660000003,0.01751714828571428,16.597834324285714,6.949202832
112,5.976205819571428,2.588857125857143,13.040217104285714,2.7192857284285714,-0.054574278,17.248316962857142,7.699285714428572
113,5.853365846285714,2.4458599794285716,12.56379714642857,2.550677136857143,-0.13401714414285712,17.44846550142857,7.412817156000001
114,5.6800143738571425,2.3531766508333334,11.801382937571427,2.457954272,-0.20610857742857142,17.415265645714285,6.789131442857142
115,5.528480046142858,2.0380533261666667,10.737085814142857,2.3652314071428573,-0.24215428000000003,17.54877701,6.1486085915714295
116,5.311968592285715,1.8341500041666665,10.070002909,2.238834266,-0.2637342707142857,17.73232562142857,5.466111472000001
117,5.109685696285714,1.6673200083333333,9.323477250571429,2.0955999868571427,-0.27084856371428573,17.498739988571426,4.952222887428571
118,4.907639982428571,1.5375633383333334,8.656394345571428,2.0111771282857145,-0.28507713571428567,17.09844291142857,4.497145709285714
119,4.777685673571428,1.5561000138333334,7.735094404142857,1.9604285458571429,-0.26349714499999993,16.781382935714284,3.8566228298571423
120,4.691128528428572,1.7229300180000002,7.830188695285713,2.1204999914285714,-0.23480284714285712,16.914894525714285,4.033768539285714
121,4.633502806857143,1.7308743038571428,7.464751522,2.145637135714286,-0.22033712128571428,17.38182877857143,3.8400228317142857
122,4.568525680714285,1.8341500206666668,7.687191569999999,2.1961485641428573,-0.22033712128571428,17.314954590000003,4.143565682
123,4.539594257142857,1.8712233466666666,7.703080120571428,2.4238057161428577,-0.21322284228571428,16.847783098571426,4.421734248142856
124,4.467502852142857,1.8712233466666666,7.575971489428571,2.3142457238571432,-0.22033712128571428,16.797745850000002,4.244588567142857
125,4.445685707571429,1.9082966726666666,7.877854290571429,2.3647571522857143,-0.21322284228571428,17.081368504285713,4.151865730571428
126,4.402288572285714,1.9082966726666666,7.798411424428571,2.415505734714286,-0.23480283299999996,17.415028632857144,3.823185725285714
127,4.373357148714286,1.945370007,6.7343513847142855,2.407205714285714,-0.24903140499999996,17.64861426571429,2.8793571492857146
128,4.344425753428571,1.9787360046,6.782017093142857,2.508465711,-0.2708485495714285,17.69865128857143,2.9381685698571434
129,4.322608608714286,1.7600033358333331,6.384802762142857,2.407442861142857,-0.2926656941428571,18.115785532857142,2.474554274
130,4.315257204142857,1.5375633386666665,5.542945658857143,2.1629485639999997,-0.31424569899999993,18.78310556285714,1.7749828607142855
131,4.358654367714286,1.3521966673333334,5.352282825285714,2.1714857064285717,-0.32159713185714284,19.30031407714286,1.7244714179999998
132,4.423631493714285,1.1482933371666666,4.986845708571429,2.045088558285715,-0.31448283885714284,19.60053711142857,1.8423314130000001
133,4.5393572162857145,0.8702433301666667,5.4793914562857156,1.825968554142857,-0.31448283885714284,19.850959911428568,2.617788547714286
134,4.676662929571428,0.5736566559999999,6.877111511285714,1.6194566581666665,-0.3434142765714286,20.034508522857145,3.780499947285714
135,4.900525759857142,0.539231417,7.909631533571428,1.4816766593333333,-0.33606285785714285,20.184857278571428,4.606468499857143
136,5.095694320428572,0.45978855785714295,8.958040105714286,1.2359966561666667,-0.31424571328571427,20.30153170142857,5.524922848285714
137,5.276397140857143,0.2691257030000001,10.33987148357143,1.0099599890000002,-0.31424571328571427,20.385006044285714,6.611985761714286
138,5.362954286,-0.096074288,11.261171425285713,0.6165399998333334,-0.35764286285714286,20.385006044285714,7.395742892142858
139,5.362954286,-0.44562286800000006,12.023585747285713,0.24304000150000005,-0.45866571971428577,20.418443138571426,7.918405720142858
140,5.341137141285714,-0.7316171537142857,12.500005705714289,0.11522000433333333,-0.5454600045714286,20.35156895,8.145825689857144
141,5.312205717714285,-0.8428371494285715,12.579448458571429,0.23308000414285715,-0.58885714,20.33496902285714,8.230248534428572
142,5.218297167999999,-0.9381685802857145,12.500005591428572,0.132057149,-0.6467199872857143,20.33496902285714,8.238548611428572
143,5.1315028972857135,-1.0176114324285714,12.436451275714287,0.22454286528571427,-0.7119342814285714,20.351806189999998,8.213411368142859
144,5.052060031142857,-1.0017228677142858,12.357008408571428,0.3004285814285715,-0.7553314168571428,20.284931775714284,8.162899869
145,5.037594291142858,-0.7636314512857144,12.26167699142857,0.5785971422857142,-0.7697971285714286,20.20145766,8.129225649428571
146,5.066525714857143,-0.5570800105714285,12.293454092857143,0.8060171438571427,-0.7408657049999999,20.10138339,8.162899982142859
147,5.066525714857143,-0.38230572757142856,12.261676991428573,0.8733657121428573,-0.7119342814285714,20.00130912142857,8.137762852
148,5.023128551285714,-0.38230572757142856,12.150457024285714,0.8565285687142856,-0.7048200024285715,19.967871801428572,8.053340007428572
149,4.9655028297142865,-0.38230572757142856,11.975682741428571,0.8648285697142857,-0.6977057234285714,19.951034634285715,7.935479955857142
150,4.886059963428571,-0.3664171627142857,11.785019908571428,0.8816657131428569,-0.7048200024285715,19.934197467142855,7.834220001428571
151,4.777685673571428,-0.4140828852857143,11.94390564142857,0.9238771424285714,-0.7266371471428572,19.900997385714284,8.247085757285713
152,4.640379960142858,-0.1916428797142857,12.214011341428572,1.0417371427142859,-0.7337514261428572,19.900997385714284,8.760974284857143
153,4.474379948857143,-0.1863466961666667,12.626876984285715,1.2525571387142855,-0.748217138,19.900997385714284,9.216051350285714
154,4.329959928285715,0.14731331216666663,13.07151972857143,1.4799771419999999,-0.7626828498571429,19.900997385714284,9.755314247000001
155,4.214471359571428,0.5365833136666667,13.57971678857143,1.6990971354285715,-0.7408657051428572,19.817523270000002,10.328488603
156,4.1421428005714285,1.1853666548333333,14.45335107857143,2.1963857321428573,-0.7045828487142858,19.73428594142857,11.297454308428573
157,4.091631386285714,1.8526866713333334,15.533536864285713,2.7358857511428574,-0.6611857132857143,19.63421167285714,12.46040277714286
158,4.06981427,2.7792433646666663,16.375394052857143,3.3593343140000007,-0.6104371449999999,19.550737557142856,13.201948457142858
159,4.06981427,3.149976690666666,16.772371257142858,3.7302257451428575,-0.5670400095714286,19.53413740285714,13.539165584285714
160,4.105860000714285,3.509920012,17.598340007142856,4.294862883857143,-0.5091771622857143,19.534137402857144,14.47445707
161,4.141905731571429,4.1293371379999995,18.408420094285713,4.808988594142856,-0.45131431499999997,19.61761151857143,15.26651424857143
162,4.156371443285714,4.494537129,18.58319449,5.230391482,-0.42973431014285707,19.734522954285715,15.510771327142859
163,4.105860000714286,4.589631420142857,18.85330019,5.221854336,-0.4152685982857142,19.851197377142856,15.755265645714287
164,4.062462837,4.732391419714285,19.202611517142856,5.390225717142857,-0.41526859828571433,19.968108812857142,16.01659713
165,3.9974856825714284,4.843611387142857,19.282054382857144,5.550297134428571,-0.40815430514285717,20.23489452714286,16.33697709
166,3.925394249285714,5.065814252857144,19.726934480000004,5.845302838714287,-0.40815430514285717,20.41844313857143,16.977262758571428
167,3.838599950285715,4.906928520428571,19.695157152857142,5.609345723,-0.422620017,20.652028771428572,16.83402845142857
168,3.780974228714286,4.732154237428571,19.37762292714286,5.609345723,-0.4299714357142857,20.918814485714282,16.614908502857144
169,3.737577093285714,4.811597103571429,19.80661436,5.803091416428571,-0.42262001699999996,21.20243714,17.230057041428573
170,3.7231113814285712,4.938705650000001,19.854280124285715,6.0053742560000005,-0.4299714357142857,21.552697195714284,17.37329134857143
171,3.701531390714286,4.922817042857143,19.663854530000002,5.929725739714286,-0.4299714357142857,22.036468614285717,17.297405707142854
172,3.6870656788571425,4.906928492285715,19.552634562857143,5.795028634714286,-0.4299714357142857,22.487039952857142,17.01923728285714
173,3.701531390571428,4.779819917714286,19.091865802857143,5.415837211571429,-0.43732285442857144,22.95397420571428,16.42092591
174,3.7233485351428572,5.002259965714286,19.12364313,5.601045759000001,-0.43732285442857144,23.287634334285713,16.521948682857147
175,3.6870656787142857,5.113479989571429,19.21897443285714,5.483185763857143,-0.45178856628571434,23.554657287142856,16.505111515714287
176,3.687065678714286,5.113479989571429,19.36197150142857,5.399000045142857,-0.4662542781428571,23.85488032142857,16.496811552857142
177,3.658134255142857,5.065814281142857,19.282528635714282,5.281140050142858,-0.48071999,24.121903048571426,16.370414412857144
178,3.665248534142857,5.034037179857143,19.15542000428571,5.2726029041428575,-0.4880714087142857,24.38868876285714,16.168131629999998
179,3.665248534142857,4.811597188428571,19.36173426285714,5.0954571948571425,-0.4951857018571429,24.572237372857142,16.1429945
180,3.701294265,4.922817212428571,19.981151515714284,5.3650886432857146,-0.48071999,24.73918605714286,16.648820304285717
181,3.7228742557142853,4.906928605285714,19.80661435857143,5.373625789428571,-0.4662542781428571,24.92249743,16.556097495714283
182,3.845714257285714,4.906928605285714,20.04470571857143,5.407300065714286,-0.4228571427142857,25.07260872,16.825728944285714
183,3.9251571235714287,4.875151447571429,20.06035714285714,5.255528612142858,-0.39392570499999996,25.139245668571427,16.598071791428573
184,4.055111432428571,4.859262896857143,20.20335421142857,5.297740034285715,-0.3794599931428571,25.155845595714286,16.56439745857143
185,4.235814309428571,4.795708609571429,20.298685741428574,5.112294304571429,-0.32159714600000006,24.989134151428573,16.404325984285716
186,4.445448581857144,4.589394322714286,19.82226578285714,4.884874278428571,-0.28555142928571425,24.955697058571428,15.940711602857146
187,4.597220007,4.208305724571429,19.139294327142856,4.412959976428572,-0.2926657224285714,24.955697058571428,15.114742964285714
188,4.850014317428571,3.4776685957142854,18.805634198571425,3.865159975857143,-0.2926657224285714,25.022571247142857,14.432245872857143
189,4.987320030857143,3.0171371597142858,18.503988635714283,3.4691314145714287,-0.32159714600000006,25.172682765714285,13.892982862857142
190,5.153320042142857,2.7631571644285713,17.995791575714286,3.267085729,-0.31448286700000005,25.23955718,13.446442888571427
191,5.276160015428571,2.525065719857143,17.42380307428571,2.9552428582857146,-0.2855514434285714,25.323031522857143,12.755408594285715
192,5.319319996857142,2.2869742752857145,16.83592591,2.727822846142857,-0.2855514434285714,25.55661715571429,12.14856002
193,5.340900015857144,2.5091771409999994,16.629374412857143,2.8710571252857138,-0.2639714385714285,25.706728445714287,11.794742852857143
194,5.326434275857143,2.7313800067142857,16.422822915714285,3.115314275428571,-0.22792572185714285,25.790202561428575,11.592459957142859
195,5.261457149714286,3.1127057234285713,13.91314012842857,3.4693685824285714,-0.18476571214285714,26.040388347142862,9.232888517000001
196,5.1891285624285715,3.509682844,11.610008655142858,3.8485600338571433,-0.1487199955714286,26.140462615714284,7.033388579714286
197,5.117037100857142,3.7636628392857143,9.116214348142858,4.168702896714286,-0.13425428385714286,26.307174061428572,4.530582888285715
198,5.044708513571429,4.017642834571428,6.257220007571428,4.623780074857143,-0.112674279,26.423848484285717,1.7918200820000003
199,4.972617108571429,4.208305696428572,2.4610370618571435,4.901711529571428,-0.112674279,26.440448411428573,-1.8485598779999997
200,4.886059963428572,4.303637085,-1.6685685481428572,5.028108698857143,-0.11978857214285712,26.507085587142857,-5.750271322285714
201,4.900525703428571,4.6372971004285715,-5.417085616714286,5.297740090857142,-0.08374285557142858,26.773871301428567,-9.626608398
202,4.886059963428572,4.907165646285714,-7.465999870857142,5.558834336857143,-0.06927714385714286,26.823908324285714,-11.716311150714287
203,4.965502829571428,4.9548313545714295,-10.007459801857143,5.668394311571428,-0.054811432,26.923982594285714,-14.33697686485714
204,5.073877119285713,4.780294225428571,-10.118679783428574,5.2133171617142855,-0.025879994285714285,26.907382665714284,-14.404325473714284
205,5.218534293857142,5.2569514225714284,-12.485365502857144,5.550297162714285,0.00305142928571429,26.857345418571423,-16.965942740285715
206,5.377419969714286,5.828702826142858,-13.676534018571427,6.081259982857142,-0.004299989428571425,26.85734541857143,-18.322637186
207,5.528954241,5.670054276,-12.501254110142856,6.056122796142858,0.01016572242857143,26.874182585714287,-17.336597188428573
208,5.644442809714286,5.336394260571429,-12.707805492999999,5.896051378857143,-0.011414282428571426,26.807545635714284,-17.522043031285712
209,5.666259954285714,5.018860006285714,-12.596585525857142,5.5590714061428566,-0.040345705999999995,26.557360074285715,-17.581091732714285
210,5.637565656428571,5.3842971230000005,-14.041971302999999,5.921425662857144,-0.05481141785714285,26.474122971428574,-19.097857425571426
211,5.579702809285714,6.083157101142857,-17.711045533,6.772531402285714,-0.09109427428571427,26.4907229,-22.873171672428573
212,5.442397095857143,5.892494210857143,-18.155925628714286,6.5619485424285715,-0.1416057027142857,26.54076014714286,-23.05861728957143
213,5.25457999642857,5.304854228428572,-16.948868562999998,5.921662845,-0.1416057027142857,26.62423449,-21.693385868142858
214,5.088580041571428,5.25718852,-17.266639971142858,5.8709143049999994,-0.17053712628571427,26.590797395714286,-21.836857301428573
215,4.915228625714286,5.082651376857143,-16.043457173,5.719380033714286,-0.17053712628571427,26.490723125714286,-20.58948581857143
216,4.835785759571429,5.177745668,-14.899954309142856,5.7276800258571425,-0.1487199957142857,26.54076014714286,-19.182280100857145
217,4.806854336,4.542440005428571,-12.056848576142857,4.8934114811428575,-0.11978857214285712,26.707471591428572,-16.24147152371429
218,4.734525748714285,3.811802869571428,-9.134300032571428,4.126491460571428,-0.09797144157142858,26.974494318571427,-13.275051565142856
219,4.720060008714286,3.1288314280000002,-5.735094213857143,3.4605942968571424,-0.07639143671428571,27.24151727142857,-9.921140163
220,4.748991432285714,2.954057145,-3.940159898000001,3.283448573428571,-0.054574306142857146,27.408228715714284,-8.008345796
221,4.785037134857143,2.779282862,-2.319999922285714,3.0138171391428563,-0.03299430128571428,27.641814574285718,-6.381782911
222,4.806617097285715,2.8163166658333334,-0.9540570674285718,2.878882852142857,-0.03299430128571429,27.791925865714287,-4.865017169
223,4.813731376285714,2.5014699795,0.5548829127142861,2.642925708142857,-0.047460013142857145,27.95863731142857,-3.2892028454285707
224,4.813731376285715,2.056589976666667,1.6509571794285716,2.4489428535714284,-0.06904001800000001,27.758488772857145,-2.1853028521428572
225,4.799502818428572,1.6487833245,3.0012485811428573,2.1961485642857146,-0.06904001800000001,27.54150306714286,-0.7612599685714285
226,4.792388539428572,1.6858566588333332,2.8423628557142857,2.17101142,-0.07615431114285713,27.241280032857144,-0.8288457031428571
227,4.842899982,1.4078066601666668,3.843105691428572,1.994102855857143,-0.07615431114285713,26.87442004857143,0.16549428714285724
228,4.922342848142857,1.3151233244999998,3.8589942702857143,1.9858028637142857,-0.09062002300000001,26.390648402857146,0.1318200038571429
229,5.067000022714285,1.3018828504285713,4.208542836285715,1.8762428607142856,-0.09062002299999998,26.05698850142857,0.42682571528571434
230,5.2403514385714285,1.1747742829999999,4.875625741285715,1.7920571418571427,-0.09062002299999998,25.756765692857147,1.2864685865714287
231,5.377657151857143,1.2224399973333333,6.527562917285715,1.8174314260000002,-0.0979714417142857,25.506579905714286,2.9044942334285713
232,5.543657163142856,1.2224399973333335,8.004725767714286,1.8259685650000002,-0.11978857228571427,25.323031519999997,4.244351399
233,5.717008579,1.0000000000000002,10.101542940142858,1.707871423,-0.12713999099999998,25.189520157142855,6.157382806714286
234,5.774871426142857,1.0185366671666667,10.784514395714284,1.7669199921428569,-0.1776514194285714,25.122645742857145,6.688345626714287
235,5.760405686142858,0.7404866603333332,12.11891727514286,1.5224257021428573,-0.21369713599999998,25.239320165714282,7.935479955571429
236,5.680962819857142,0.6478033246666667,12.992551564714287,1.4465399965714283,-0.2715599831428571,25.172445751428572,8.752911334
237,5.615985693714285,0.5736566561666667,13.675760145714287,1.3791914299999999,-0.34388855628571424,25.18928291714286,9.098428481000001
238,5.587054270142856,0.6186742762857144,13.834645764285714,1.37919143,-0.40151427771428566,25.02233446,9.275337120857143
239,5.529191422999999,0.5868971327142857,14.009419934285715,1.387491429142857,-0.48095714385714283,24.755548745714286,9.435408481571429
240,5.4639771712857135,0.5551199891428572,14.07297425,1.4128657132857143,-0.5385828652857143,24.48852579142857,9.519594200428571
241,5.420580007714286,0.5710085608571429,14.200082768571429,1.4297028584285716,-0.5819800007142856,24.271777325714286,9.679665674285713
242,5.420580007714286,0.7140057072857144,14.247748419999999,1.5814742835714288,-0.6109114385714286,24.271777325714286,9.747014226714285
243,5.413228603142857,0.7140057072857144,14.23185986857143,1.5983114217142855,-0.6324914434285713,24.638874547142855,9.747014226714285
244,5.420342882142857,0.7140057072857144,14.104751238571428,1.6066114208571427,-0.5601628702857143,24.85562301428572,9.671128471714287
245,5.348014351428572,0.6663399918571429,13.914088405714285,1.5897742757142856,-0.5601628702857143,25.239320164285715,9.536431254142856
246,5.268571485142857,0.82522571,13.67575992,1.640522851,-0.5383457255714286,25.60618014857143,9.418571315571429
247,5.18201434,0.9046685691428572,14.104514227142857,1.8596428639999998,-0.5383457255714286,26.07335164142857,9.92415988
248,5.124151492714286,1.0158885720000002,14.40615990142857,2.0365514264285713,-0.5023000088571428,25.539542974285716,10.303351303142858
249,5.0157772028571435,1.0476657155714286,14.54891995857143,2.053388571571429,-0.48783428285714286,24.622037157142863,10.589819804428572
250,4.892937173,1.2542171492857146,14.88234284857143,2.095600000857143,-0.46625427799999997,23.387471365714287,10.876288419714285
251,4.734051497142858,1.4607685830000001,15.057117131428573,2.2136971427142855,-0.5167657064285714,22.45336584714286,11.305991342285713
252,4.654608630999999,1.651431444857143,15.231891527142858,2.3400942837142855,-0.5022999947142858,21.96959442714286,11.558785624142857
253,4.604097188428571,1.7149857251428569,15.692422935714287,2.415742856571428,-0.48783428300000004,21.61933437142857,12.013862802857144
254,4.517302889428572,1.8579828644285712,15.549425639999999,2.3566942680000005,-0.47336857128571436,21.11896279714286,11.93797716
255,4.430745744428571,1.969202867142857,15.676534271428574,2.466254271,-0.4804828644285715,21.70280871142857,12.022400004285714
256,4.380234330142858,2.334640005,16.184968568571428,2.7022114221428573,-0.4660171525714286,22.45360308428571,12.45233994
257,4.3731200512857145,2.5411914315714283,16.3120772,2.9635428502857146,-0.4515514407142857,23.337908819999996,12.907417004285715
258,4.329722887571429,2.604745718857143,16.61372298857143,3.039428563,-0.44443714757142855,24.0718658,13.135074155714287
259,4.264745733142858,2.795408580714286,16.97892298,3.342734273571429,-0.4373228544285714,24.53903706571429,13.640662832857142
260,4.170837155142857,2.9225171552857145,17.360248647142857,3.519879982857143,-0.4517885661428571,24.589074087142855,14.205062745714285
261,4.127677145428572,3.1447200210000004,17.88457161,3.7895114312857143,-0.4591399848571428,24.70574851142857,14.820448524285714
262,4.040882846285714,3.3987000162857144,18.25000884,3.9076085519999997,-0.46649140357142865,24.80582278142857,15.28382578
263,3.9903714037142857,3.414588595142857,18.075234444285712,4.050842831142857,-0.48095711542857156,24.889059884285718,15.233077268571426
264,3.9035771045714283,3.4304771739999995,18.138788647142857,4.042305685142857,-0.5025371202857143,25.055771330000002,15.23307726857143
265,3.860417094857143,3.5893628921428564,18.520114314285713,4.210677122714285,-0.5096514134285715,25.072371482857143,15.502708604285713
266,3.7809742287142853,3.5575857344285713,18.615445617142857,4.092817127714286,-0.5312314182857143,24.87222294428571,15.629105745714284
267,3.752042805142857,3.5893628639999995,18.42478278285714,4.042068559428572,-0.5167657065714286,25.12240873142857,15.410222809999997
268,3.744691372142857,3.684694280857142,18.17056552,4.126491403857143,-0.5167657065714285,25.23908292857143,15.174265467142858
269,3.730225660428571,3.7800256977142856,17.932236921428572,4.261188565285715,-0.5238799995714286,24.955460048571428,15.073242468571427
270,3.7084085157142854,3.7482485399999996,17.868682718571428,4.185302838571428,-0.5309942925714285,24.50512572285714,15.090079634285713
271,3.730225660428571,3.779788543857143,17.96401402142857,4.1938399845714285,-0.5238799995714285,23.887842938571428,15.073242468571427
272,3.722874227571428,3.8113285477142855,17.725685422857143,4.1938399845714285,-0.5312314182857143,23.220522908571432,15.047868325714287
273,3.722874227571429,3.969977126142857,17.932236921428572,4.337074292,-0.5312314182857143,22.619840052857143,15.056405301428573
274,3.7446913722857147,3.9381999965714285,18.218231285714285,4.488845745428572,-0.538582837,21.735771554285716,15.342873915714287
275,3.7302256605714286,3.811328575857143,18.186454184285715,4.412960047,-0.54569713,20.985214420000002,15.325799737142857
276,3.7665085170000006,3.605014289,18.20234262142857,4.236051491571429,-0.538582837,20.36793141,15.233076928571432
277,3.7954399405714283,3.6526800255714287,18.551891188571428,4.286562934142857,-0.531468544,19.834122742857144,15.544919912857143
278,3.7809742287142853,3.6685685762857143,18.77433135,4.454934371714286,-0.5530485488571429,19.317151242857143,15.839688491428571
279,3.7883256615714282,3.5258085768571426,18.91732841857143,4.421260095428571,-0.567514274857143,18.81677967,15.511008341428573
280,3.831722797,3.3830485772857144,18.67899982,4.404422929142857,-0.5748657078571429,18.76674264857143,15.477096997142857
281,3.874882806714286,3.3671599984285714,18.520114087142854,4.227514345571428,-0.6037971455714286,18.900254012857147,15.232602678571428
282,3.976142817571428,3.224162859142857,18.551891188571428,3.915671474857143,-0.6037971455714286,19.03376560285714,15.047394074285716
283,4.127677116999999,3.144720021142857,18.694888484285713,3.654340032571429,-0.6037971455714286,19.51753702285714,14.954671265714286
284,4.2360514351428575,3.0176114465714283,18.694888484285713,3.477431448857143,-0.6253771504285713,19.85119715142857,14.853648267142857
285,4.430982870142857,2.874851447,18.96475694571428,3.2331743128571433,-0.6253771504285714,20.33496857,14.92123417142857
286,4.633265737857142,2.700077149857143,19.44117713,3.266848589142857,-0.6109114244285715,20.88537716428571,15.460734307142856
287,4.828197172714286,2.5570800105714286,19.488842894285714,3.014054307,-0.5890942797142857,21.11896279714286,15.300662945714285
288,5.008900049714285,2.588857168285714,19.552397097142855,3.0645657212857143,-0.5383457114285715,21.352548430000002,15.149128788571428
289,5.1315028972857135,2.700077149857143,19.520619995714288,3.300522865285714,-0.48071998999999993,21.68620833142857,15.106917367142856
290,5.254342870714285,2.827185724428571,19.107517,3.3764085778571427,-0.4157428497142857,21.903194035714286,14.77823733
291,5.391648584,2.8430743034285717,18.646748465714285,3.4186200284285717,-0.2929028481428571,22.203416844285716,14.171388754285713
292,5.42058000757143,2.8907400118571425,17.66213144714286,3.494505726857143,-0.18452855842857144,22.43700247714286,13.176811552857142
293,5.471091450142858,3.129068568,16.582182672857144,3.334434281285714,-0.09061999457142854,22.520476818571428,12.157097221571428
294,5.485557190142857,3.303842836857143,16.343854074285712,3.393245716,-0.011177128428571435,22.470439571428567,11.803280054428573
295,5.485557190142857,3.001959972285714,15.581439865714287,3.0814028594285716,0.06091430485714285,22.303491114285713,11.070034337857143
296,5.492908651285714,2.843074268142857,14.707805690000002,2.7863971410000006,0.10431144028571428,21.869756717142852,10.092531485428571
297,5.471328688714286,2.620634262714286,14.279051497142857,2.609488578571429,0.13324286385714285,21.068925324285715,9.35952289542857
298,5.471328688714286,2.5094142528571433,13.818519977142858,2.4494171330000003,0.125891431,19.884634018571433,8.879308700714285
299,5.543657275999999,2.2551971248571427,13.611968479999998,2.2639714174285714,0.14035714285714287,18.800179744285717,8.668725841285715
300,5.637565825857143,2.080422856,13.468971411428571,2.1880857190000005,0.14770857571428572,18.066222538571427,8.415931559285713
301,5.7964515017142855,1.762651440714286,13.024328554285715,2.0365514335714288,0.15482285471428572,17.498977002857142,7.944017215000001
302,6.013200024857143,1.921537151857143,13.310085791428572,2.070225716857143,0.19821999714285715,16.765019795714288,7.952554304428572
303,6.2010171242857135,1.921537151857143,13.977168697142856,1.9775028590000001,0.22003714185714288,16.29784853,8.35712004
304,6.330971376571428,1.921537151857143,14.167831531428572,2.1039000071428573,0.2634342842857143,16.130900071428574,8.660425708142856
305,6.395948502714285,1.8579828645714287,14.040723012857143,2.110816679,0.285251429,16.564634242857142,8.542328530857144
306,6.374131358,1.6990971462857143,13.43719442342857,2.00264002,0.285251429,16.88169444428571,7.918642789428572
307,6.251291384571429,1.4607685688571428,12.436451616,1.7962466848333334,0.285251429,16.94833162,7.058999889857143
308,6.077939968714287,1.5084342842857144,11.626371585857143,1.6880700091666665,0.29260286185714285,16.898294372857144,6.418477066857143
309,5.832260022,1.4289914322857142,10.419314350285713,1.6980300128333334,0.26367143828571427,17.148480160000002,5.525159947571429
310,5.615511499,1.2965866741666667,8.561062816285714,1.7176733406666667,0.26367143828571427,17.432103040000005,4.117717089857143
311,5.413228659571429,1.0741466684999998,7.417322826571429,1.6487833371666667,0.22762572871428569,17.89927453285714,3.2160999927142853
312,5.246991522571428,1.0741466684999998,7.147217126571429,1.7666828631428573,0.205808584,18.38304595285714,2.9042571219999997
313,5.138617232714284,1.2780500069999998,7.369420048857143,1.758145717,0.21292287000000001,18.983491568571427,3.165588550142857
314,5.066288645428571,1.3521966755,7.925282873428571,1.817194287857143,0.22003715599999993,19.65081159857143,3.7638999650000002
315,5.051822961857142,1.3151233413333334,8.385814337857143,1.8086571488571432,0.24873143985714288,19.884397231428572,4.008394255
316,5.044708626428571,1.3521966755000001,8.941677219142857,1.8352566730000002,0.27031143771428573,19.984471501428573,4.522282825428571
317,5.015777146285714,1.381325723857143,9.989848666,1.8156133451666667,0.27031143771428573,19.967634335714283,5.39022566057143
318,5.0086628672857145,1.4819533455,10.672820121428572,1.7663666776666667,0.2847771495714285,19.80092289,6.039048532142858
319,5.037594291,1.3892700098333333,10.81581719,1.6385466741666666,0.3065942942857142,19.467262987142853,6.190819985571429
320,5.0665257147142855,1.1853666713333333,10.656931457571428,1.4910833410000002,0.3065942942857142,18.816780122857143,6.072959990428571
321,5.102808543,1.1112200028333332,10.529822939428572,1.3239766738333334,0.31394572014285715,18.166297258571426,5.912888573142857
322,5.102808543,0.9258533314999999,10.498045838,1.1864733381666668,0.2923657222857143,17.96614872,6.039285714142857
323,5.1388543019999995,0.6478033246666667,10.64104301942857,1.0924857162857144,0.2707857244285714,17.949548791428573,6.199594313714286
324,5.247228591857143,0.46243665333333334,10.879371618000002,1.0082999992857145,0.24896857971428568,17.99958581285714,6.494600018
325,5.384297179571428,0.4756771298571429,11.19714296942857,0.8721799966666667,0.22715143499999998,17.532414321428572,6.646134345857143
326,5.500022873857143,0.49156570171428576,11.610245850857144,0.8624966643333334,0.18375428542857145,16.981768488571426,7.067537134714286
327,5.622862847142857,0.4995099876666667,12.277565769,1.0002766651666666,0.14770856171428573,16.664708514285714,7.6319371618571425
328,5.745465751285714,0.5736566561666666,12.928997135714287,1.1084533324999999,0.11142570514285713,16.564397005714284,8.188037168714285
329,5.824908561,0.6478033246666667,13.310322802857144,1.2008599988,0.06091426957142858,16.48092289,8.491342893428572
330,5.83202284,0.5736566643333333,13.485097085714285,1.2360520008,-0.018528589571428573,16.347411301428572,8.685088586857145
331,5.738114290285714,0.518046663,13.500985635714287,1.324530002,-0.11243715342857143,16.280774125714284,8.777811508285714
332,5.622625721571429,0.4438999945,13.437431434285715,1.2715760010000001,-0.22792572214285714,16.747945617142857,8.845397186285714
333,5.506900027285715,0.2585333231666667,13.278545702857144,1.1537159996,-0.3291857188571429,17.348628471428572,8.803185764
334,5.384060054000001,0.2055714158571429,13.087882868571429,1.0358559982,-0.4304457155714286,17.69888852714286,8.744374301142857
335,5.246991466285714,0.06257426942857143,12.897220035714286,0.9887119966,-0.5314685724285714,17.832400117142857,8.685562838142857
336,5.13861717642857,-0.016868582571428568,12.817777170000001,1.00055333,-0.6182628572857143,17.33202854285714,8.702400004571428
337,5.052060031285714,-0.01686858257142857,12.67477998857143,1.059759997,-0.6832399975714285,16.781382934285713,8.651888618571428
338,4.994434309714286,-0.064534291,12.579448572857142,1.039839998,-0.7192857142857143,16.064025881428574,8.576002863571428
339,4.9078771645714285,-0.159865722,12.29345420857143,1.000276665,-0.7337514261428572,15.530217214285715,8.390557134
340,4.83578575942857,-0.255197153,12.023348508571429,0.941069998,-0.733751426142857,15.179720145714287,8.188274294571428
341,4.763694354285714,-0.31875144028571434,11.737354258571429,0.881863331,-0.733751426142857,15.096482817142856,7.969154288714287
342,4.676900083571428,-0.4935257091428572,11.419582792857142,0.6851533281666667,-0.741102859,15.046445570000001,7.733197173
343,4.5614115431428575,-0.7318542935714286,11.054145675714286,0.47848332166666663,-0.741102859,15.646891412857144,7.497240000714285
344,4.445922946142857,-0.8112971597142857,10.752262761571428,0.4687999925714285,-0.741102859,16.164099927142857,7.387679969428571
345,4.373594387142857,-0.9066286048571428,10.450379846714286,0.39315142328571423,-0.7195228682857142,16.747945617142857,7.210771385714286
346,4.308380078857143,-0.9860714568571429,10.259717013285714,0.27529143,-0.6905914445714286,17.114805601428575,7.0675370782857145
347,4.2865629342857146,-0.8907400258571428,10.625154128999998,0.40168857099999994,-0.647194295,17.248316965714288,7.455265647571427
348,4.243165770714286,-0.5570800175714286,11.46701131757143,0.6713199982857143,-0.6109114385714285,17.248316965714285,8.306371358428573
349,4.214234318857144,-0.06453431214285718,12.292979841857143,1.084185711857143,-0.5819800008571427,17.215116884285717,9.123565667
350,4.228700030714286,0.34856855528571434,12.944411321857144,1.4550771428571427,-0.5385828512857144,17.148479708571426,9.637691377285714
351,4.235814337857143,0.6981171354285715,13.421068518857142,1.7583828604285714,-0.49518571585714294,17.181916802857142,10.117905629000001
352,4.199768607142857,1.206551433857143,14.104277100857145,2.0616885779999996,-0.5096514275714286,17.181916802857142,10.775265647142858
353,4.149257164571429,1.635542866,14.93024573857143,2.390368572714285,-0.5241171394285714,17.09844246,11.499974274285716
354,4.048234279285714,1.9850914461428573,15.200114312857144,2.5758142811428573,-0.5601628561428572,16.94833116857143,11.879165697142858
355,3.9614399801428566,2.0327571617142857,14.993562814285715,2.6180257032857144,-0.5890942797142857,16.848019885714287,11.685182878571428
356,3.8459514114285716,2.128088592571429,14.850565745714286,2.7444228442857144,-0.6251399964285714,16.781145697142858,11.66004574857143
357,3.723111409857143,2.3346400191428573,14.977437138571428,2.820308557,-0.668537146,16.747708604285712,11.91284003
358,3.614737120142857,2.3346400191428573,15.152211308571427,2.963542836142857,-0.7048200024285716,16.597597312857143,12.165634312857142
359,3.527942849285714,2.3187514544285714,15.088656992857143,2.988917120285714,-0.7048200024285715,16.51412297,12.18247147857143
360,3.455851444142857,2.3505285981428576,14.802899754285715,3.064802832857143,-0.7192857142857143,16.530960137142852,12.173934275714286
361,3.3979885970000003,2.3187514544285714,14.691917025714286,3.1489885517142855,-0.7266371471428572,16.664471499999998,12.106585722857144
362,3.3548286155714284,2.2551971671428572,14.596822735714285,3.157525697857143,-0.7050571422857143,16.898057132857144,12.047774259999999
363,3.3403629037142855,2.096311449,14.311065611428573,3.047965694857143,-0.6979428632857143,17.11504283857143,11.828654198571428
364,3.3258971918571425,2.112200027857143,14.08886268857143,3.115314275428571,-0.6979428632857143,17.298591222857144,11.752768444285712
365,3.318782912857143,2.1280885995714285,14.104751352857145,2.9720799962857143,-0.6905914304285714,17.532176855714287,11.626371302857141
366,3.3116686338571433,2.0327571685714285,14.26339995857143,3.005754272571429,-0.6832399975714285,17.699125540000004,11.752768444285715
367,3.3116686338571433,2.048645733285714,14.279288622857143,2.988917134428571,-0.6761257185714287,17.832637130000002,11.634908505714284
368,3.304554354857143,1.873871443285714,14.025071361428571,2.803708572857143,-0.6687742857142857,17.94931132714286,11.424088521428573
369,3.2900886430000007,1.969202874142857,14.120165651428573,2.8120085648571425,-0.6977057234285714,17.882674152857145,11.558785625714284
370,3.2900886430000003,1.857982871285714,14.263162832857144,2.8373828490000004,-0.6977057234285714,17.9327114,11.626134177142857
371,3.3045543548571428,1.6514314375714287,13.850059951428571,2.635099981285714,-0.6687742857142858,17.88267437857143,11.179594201428571
372,3.3477143364285715,1.6037657221428572,13.802394298571429,2.710985679714286,-0.6616600068571429,17.849237284285717,11.339665674285714
373,3.419805741571429,1.7467628757142857,13.675522907142858,2.828845674714286,-0.6545457279999999,17.88267437857143,11.221568497142856
374,3.506362858428571,1.7944285982857144,13.977168582857145,2.862519951,-0.6327285832857142,17.94931132714286,11.457525612857143
375,3.628965706142857,1.9850914531428572,14.278814371428572,2.9803799318571427,-0.6182628714285714,17.932711400000002,11.659808508571428
376,3.7660342657142856,1.9533143095714287,14.21549718142857,3.1153142189999996,-0.5964457267142856,17.91611147142857,11.702019931428575
377,3.9249199981428573,2.2393086095714287,14.612474387142859,3.233174242285714,-0.5601628702857143,17.782599882857145,11.997025635714285
378,4.119851404714286,2.350528612428572,15.42255436142857,3.3344342531428572,-0.5383457397142857,17.68252561285714,12.645848507142857
379,4.315019965285715,2.3823057561428578,15.898974207142857,3.2839228388571433,-0.5094143018571428,17.515576928571427,12.713434185714286
380,4.481257102285714,2.3187514547142856,16.518391234285716,3.0901771311428576,-0.4875971571428571,17.281991295714285,13.025277055714286
381,4.6906542490000005,2.3664171772857148,17.20136269,3.0984771231428567,-0.4660171522857143,17.09844291142857,13.471817144285714
382,4.827959962428572,2.3346400335714286,17.646242558571426,3.073339993,-0.4589028592857142,16.948331394285713,13.58137711857143
383,4.979731387571428,2.366417177142857,17.995554112857143,2.854220001142857,-0.40839143085714286,16.881457207142855,13.463280054285715
384,5.117037100857142,2.286974310857143,17.614465458571427,2.651937133428571,-0.35076570928571427,16.848020112857142,13.058714375714287
385,5.196479967,2.064534305285714,17.169822714285715,2.576051420857143,-0.32207141142857143,16.83141996,12.477240056714283
386,5.275922833142857,2.1122000135714285,16.64573710428571,2.5589771288571432,-0.2570942712857143,16.88169422142857,11.920902980999998
387,5.2759228331428565,2.1280885924285715,15.962765761428573,2.6011885652857143,-0.21393426157142859,17.098442687142857,11.196194467857142
388,5.189365688142857,2.048645726142857,14.56504574857143,2.4496542939999997,-0.17788854500000004,17.181916802857145,9.965897220428571
389,5.153319985571429,2.0195166836666667,13.675523022857144,2.415742863857143,-0.14160568857142858,17.014968345714287,9.148465785571428
390,5.088342859428572,1.9824433494999998,12.881331487142857,2.4494171542857144,-0.15607140042857143,16.631271081428572,8.592365721857142
391,5.023365676857144,2.0195166838333334,12.50000570714286,2.483328584428572,-0.16318569357142856,16.19753679571429,8.154125710142857
392,4.958388550714287,2.3346400168333337,12.26167710857143,2.584351427142857,-0.16318569357142856,15.897076974285714,8.002354313285712
393,4.9365714060000006,2.4273233608333338,11.785020024285714,2.677074292,-0.1631856935714286,15.513380049999999,7.572651391
394,5.008662867571429,2.4273233608333338,11.054382916428569,2.7527228648571422,-0.14871998171428572,15.113082972857143,7.008014181714286
395,5.109685752714285,2.4087866855000004,11.165602883571427,2.921094302571429,-0.1558342747142857,14.946134514285713,6.906991353
396,5.275685764,2.429971450285714,11.006717150714286,2.9886800088571435,-0.134254284,15.029608855714287,6.527799929857141
397,5.477968603571429,2.4140828712857143,11.340377165000001,2.9633057247142855,-0.10532286042857142,15.313231850000003,6.553174298857142
398,5.680251499571428,2.4458600148571428,11.546928662142857,2.870582859857142,-0.09085714857142856,15.480180421428573,6.612222887571428
399,5.868068655571428,2.4458600148571428,11.276822962142859,2.8032342932857146,-0.06904001800000001,15.530217442857142,5.997074320428572
400,5.940397242857143,2.4458600148571428,10.609740057,2.7444228585714283,-0.08350572971428571,15.680328734285712,5.188180045714286
401,5.94774864742857,2.414082871142857,9.910642896714284,2.6602371397142854,-0.08350572971428571,15.713765828571427,4.303400058428571
402,5.933282907285713,2.2075314444285716,8.449368632142859,2.415979986,-0.054574306142857146,15.56365431142857,3.0731028677142853
403,5.8033285985714285,2.0804228698571428,7.448625768,2.230534284714286,-0.054574306142857146,15.463579815714283,2.247371412428571
404,5.629977182571428,1.9215371587142858,5.923797209428572,2.1209742817142856,-0.054574306142857146,15.430142495714284,1.0085370755714282
405,5.420342881857143,1.6355428658571431,4.891277187142856,2.0702257134285715,-0.061925724857142865,15.546816918571428,0.17426851671428567
406,5.261457149571428,1.4766571545714287,4.653185714428572,1.9606657175714286,-0.054811431857142864,15.81383987142857,0.16596852457142847
407,5.138617119714285,1.2965866738333334,5.098065697285715,1.7920571471428575,-0.040345720142857144,15.963951388571429,0.7306056632857142
408,5.073639993571428,1.1853666711666666,5.860717060142858,1.6151485741428573,-0.032994301428571425,16.097225738571428,1.7081085154285713
409,4.972617165,1.2669280066,6.893237018285715,1.6066114315714286,-0.04746001328571429,16.180700081428572,2.6856113675714286
410,4.9221057224285705,1.166830004,7.70331704857143,1.6319857155714286,-0.04746001328571429,16.18070008142857,3.511342822857143
411,4.878708558857143,1.1668300040000001,8.608491341714286,1.6741971378571432,-0.040345720142857144,15.797003044285715,4.429797086428571
412,4.878708558857142,1.3336600082499999,8.910374142857142,1.6573599927142857,-0.04034572014285714,15.613454432857141,4.724802804857142
413,4.821082837285715,1.3336600083333334,8.910374142857142,1.657359992714286,-0.054811431857142864,15.296394458571427,4.834362779571428
414,4.777922855857143,1.3336600083333334,8.529048419142857,1.6910342760000001,-0.07639143671428572,15.062808598571428,4.556194213285714
415,4.756105711142857,1.2224400053333333,8.338385585428572,1.6405228474285714,-0.08374285542857143,14.862660059999998,4.396122795999999
416,4.7705713947142865,1.13902500325,8.41782845157143,1.7754571345714287,-0.08374285542857143,14.679111448571428,4.539357103428571
417,4.785037134714286,1.088976002,8.306845609857143,1.7332457052857144,-0.09109427414285716,14.529000157142857,4.699428520714286
418,4.821082837142858,1.088976002,8.418065576714286,1.6827342838571429,-0.09109427414285716,14.6793488,4.741639999428571
419,4.871831405428572,0.9777559992,8.878597097857144,1.665897145714286,-0.10555998600000001,14.579274417142857,5.095457166714286
420,4.9223428479999995,0.9073166641666667,9.323239954857144,1.6068485748571428,-0.13425426985714287,14.412562972857142,5.516622886428571
421,5.037831416714285,0.8728914252857143,10.308094268,1.5309628622857143,-0.1558342605714286,14.229014475714285,6.384565792142857
422,5.124625687571429,0.6981171352857143,11.165840006999998,1.5309628622857143,-0.22081140085714288,13.97882868857143,7.109274362142857
423,5.261931400857143,0.5710085678571429,11.848811463,1.336980004285714,-0.278674248,13.728643014285714,7.648537202571428
424,5.334022805857144,0.31679141157142865,12.531782805714286,1.1263971444285714,-0.3507656812857142,13.49505726857143,8.112151526714285
425,5.370305690571429,0.09435141314285715,12.897220035714286,0.9831628582857143,-0.4591399711428571,13.27807145,8.483042929571429
426,5.355839950571428,-0.2234200021428571,13.071994318571429,0.7725800055714286,-0.5530485491428572,13.077922911428573,8.685325769
427,5.377419969571428,-0.429971443,13.2149915,0.6630200061428572,-0.6327285551428572,12.827737124285717,8.811722966571427
428,5.355602824857144,-0.6365228767142856,13.199102949999999,0.5366228651428572,-0.6979428492857144,12.627588585714287,8.803422889714286
429,5.333785680142857,-0.7636314512857142,13.103771532857142,0.4607371491428571,-0.7339885660000001,12.477477182857143,8.736074337285713
430,5.297502852,-0.8907400401428571,13.024328667142857,0.39338857899999996,-0.7773857155714287,12.394002841428572,8.67702574857143
431,5.290388573142857,-0.9225171695714286,12.944885801428573,0.4185257234285715,-0.8063171391428572,12.3105285,8.609439957428572
432,5.326434275714285,-0.9542943274285713,12.976662902857141,0.38485144014285716,-0.7989657062857143,12.22705415857143,8.584065701571427
433,5.319082871142858,-0.906628619,12.976662902857143,0.44390000757142856,-0.7989657062857144,12.043505547142857,8.600902868
434,5.283037112142857,-0.9225171695714286,12.897220037142858,0.41876286328571427,-0.8060799851428573,11.993468412857144,8.567228535285716
435,5.218059986,-0.970182878,12.722445754285715,0.39362571900000004,-0.8276599758571429,11.976868371428571,8.440831394285714
436,5.131502841,-1.0178485864285716,12.468228605714287,0.37678858085714284,-0.8492399665714286,11.976868371428571,8.272222831
437,5.023365676857144,-1.033737137,12.182234354285713,0.3767885808571428,-0.8563542454285715,12.026905618571428,8.086777157857144
438,4.914991387,-1.0019600075714286,11.912128654285713,0.4021628649999999,-0.8563542454285714,11.326385675857141,7.926705740571428
439,4.741639971142858,-1.2718285534285714,11.657911505714285,0.1662057138571428,-0.8708199571428572,10.742539986714286,7.850819985571428
440,4.604334257714286,-1.0811657057142856,12.007222832857142,0.30943999657142857,-0.8923999478571429,10.425717138142858,8.263922754428572
441,4.4670285725714285,-0.8110599988571427,12.388548612857141,0.4946485651428571,-0.8923999478571429,9.791597132000001,8.676788510285714
442,4.308142840285714,-0.525065713142857,12.610988547142856,0.705231425,-0.9068656597142858,8.90729145257143,9.12332848557143
443,4.1419057032857145,-0.23907142742857138,13.008202877142855,0.9072771388571429,-0.9142170925714286,8.089860017000001,9.519357074714284
444,3.9827828452857146,0.1422542822857142,13.691174332857143,1.1937457112857144,-0.9286828044285714,7.656125732714286,10.370462786285714
445,3.838362853,0.31442001216666665,14.43769999,1.522425713,-0.9431485162857144,8.156497136857142,11.263779919857143
446,3.715522851428571,1.2224399971666668,15.168337097142857,2.263971421285714,-0.9431485162857144,8.623668628857143,12.216145585714287
447,3.6000342827142857,1.6858566671666668,15.613217192857144,2.6263256957142853,-0.9357970834285715,8.973928684571428,12.746871280000002
448,3.491659992857143,1.8341500041666665,15.78775435,2.811771404142857,-0.9429113624285714,9.658085825,13.134599792857143
449,3.4051028477142857,2.167810020833333,16.295951635714285,3.2163371114285715,-0.9355599295714285,10.575591473,13.699236945714285
450,3.347477126142857,2.6312266990000004,16.724705942857145,3.5872285635714287,-0.9210942177142858,11.426460001428572,14.247036932857144
451,3.2824999999999998,2.890740038666667,16.851814574285715,3.840022845714286,-0.9066285058571429,11.843594245714286,14.424182585714288
452,3.217522845571429,2.843074324428571,17.058366072857144,4.1011171481428565,-0.892162794,12.043742784285714,14.575953982857145
453,3.1670114028571428,2.8430743244285717,16.89948034,3.9156714467142852,-0.892162794,12.127217012857145,14.441019751428572
454,3.1020342484285712,2.8748514540000007,16.581708875714288,4.033531441714286,-0.892162794,12.17725414857143,14.348296942857145
455,3.0515228058571435,3.04962573,16.48637734571429,4.159928582857143,-0.885048515,12.210454117142858,14.381971275714289
456,3.0152399494285715,3.065514280571428,16.343380051428575,4.134554326857143,-0.877934236,12.327365552857144,14.280711265714286
457,2.971842814000001,2.9066285624285717,16.18449431857143,4.033531441714286,-0.877934236,12.460639904285713,14.289011228571427
458,2.921331371428572,2.6365228414285715,15.676297032857144,3.6375028732857144,-0.885048515,12.594151267142859,13.732674152857143
459,2.892399947857143,2.7318542722857146,15.326748465714287,3.5111057039999998,-0.885048515,12.861174219999999,13.53039137
460,2.8563542454285717,2.8112971384285714,15.501522862857144,3.637502845,-0.892162794,13.09452284,13.522091407142856
461,2.8563542454285717,2.7795200088571432,15.295208604285715,3.359571432714286,-0.892162794,13.294671378571428,13.277834327142857
462,2.8492399665714285,2.5888571611428577,15.073005795714286,3.2331742915714288,-0.899277073,13.461619948571428,13.016740081428575
463,2.827659975857143,2.5888571611428572,14.99356292857143,3.2077999792857144,-0.9137427848571428,13.611731465714286,12.949391528571429
464,2.806079985142857,2.6683000131428574,14.676028590000003,3.056028554142857,-0.9208570638571427,13.74524282857143,12.629248694285716
465,2.806079985142857,2.7318543004285716,15.057117244285715,3.325659981428571,-0.9137427848571429,13.82871717142857,13.016977205714284
466,2.7989657062857143,2.4617485794285714,14.94613429,3.216099978428571,-0.9137427848571429,13.745242829999999,13.000140038571429
467,2.7989657062857143,2.1916428584285716,14.660377164285714,3.0897028374285713,-0.9137427848571429,13.71204274857143,12.839831438571428
468,2.806079985285714,1.9056485727142858,14.56504574714286,3.1148399675714282,-0.8850485151428572,13.662005612857143,12.68805992857143
469,2.8637057067142853,1.9215371444285714,14.692154265714288,3.1907256942857143,-0.8708199572857144,13.578531384285714,12.704896981428572
470,2.964728563571429,1.8579828712857143,14.771597132857144,3.0391914230000006,-0.8347742547142857,13.378382732857144,12.587037042857144
471,3.080217132285714,1.6673200164285713,15.089131471428574,3.072865699142857,-0.806079985,13.161634154285716,12.679759851428571
472,3.231988557428571,1.7785400192857144,15.120908572857145,2.946468558142857,-0.7844999942857144,12.994685582857144,12.595574245714285
473,3.4053399732857152,1.8897600221428572,15.327223057142858,2.946468558142857,-0.7555685707142857,12.86117421857143,12.460640015714286
474,3.600271408142858,1.8738714504285714,15.438205785714288,2.921094274,-0.719522868142857,12.76109995,12.233219989999998
475,3.8243714205714285,1.8738714504285714,15.787517225714286,2.8032342931428573,-0.7266371471428572,12.711062815714286,12.418665720000002
476,4.062699990857142,1.6832085885714285,16.21627141857143,2.525065719857143,-0.7337514260000001,12.76109995,12.612411412857142
477,4.286800003285713,1.6196543012857145,16.486377117142858,2.4745542772857148,-0.740865705,12.86117421857143,12.797619904285712
478,4.539594285428572,1.6514314378571429,16.534042882857143,2.297645714857143,-0.7263999932857143,12.927811392857143,12.704897095714285
479,4.7345257485714285,1.5719885715714288,16.645262849999998,2.3735314132857144,-0.7263999932857143,12.994448568571428,12.670985637142858
480,4.9078771927142855,1.4766571405714288,16.64526285,2.2893457085714286,-0.6903542765714287,13.011285622857143,12.435028408571428
481,5.081228636857142,1.3336599941428573,16.00995716,2.0282514202857143,-0.6543085598571429,12.961248487142857,11.853554145428573
482,5.182251522,1.2224399912857145,15.136322871428572,2.0029166499999995,-0.6037971312857142,13.01128562142857,10.682305600000001
483,5.2111829457142855,1.2065514194285714,13.881600153571426,1.8161666468333328,-0.5170028464285713,13.044722715714286,9.367585678285716
484,5.167785782142857,0.9682228420000001,12.309105915142856,1.4916366466666666,-0.45913999914285714,13.044722715714286,7.791771453
485,5.073877232428571,0.8570028464285715,10.927274396,1.5209633151666668,-0.4302085612857142,13.07815981,6.494125710142856
486,4.987320087285714,0.7616714225714285,9.164117267142856,1.412786656,-0.38681141171428574,13.094996862857144,4.783614257571428
487,4.893411537571429,0.6345628480000001,7.639288623857142,1.3342133283333333,-0.37234569999999995,13.295145514285716,3.426920015285714
488,4.7923886524285715,0.8570028534285715,6.845097200285714,1.6880699906666667,-0.3794599931428571,13.578768508571429,2.550440018285714
489,4.7274114698571434,1.1112200027142858,5.653928585571429,1.8171942757142858,-0.3649942814285714,13.728879912857142,1.547562853714286
490,4.7274114698571434,1.4289914392857141,4.351302835857143,2.1880856997142857,-0.3723457142857143,13.845554222857142,0.23308000071428595
491,4.828434355,1.7944285771428572,2.445148581285715,2.55043999,-0.3868114261428572,13.995665739999998,-1.8566228654285712
492,5.016251454428571,1.889760008,1.8892857285714286,2.6348628414285713,-0.38681142614285713,14.2292516,-2.674054300285714
493,5.196717149285713,2.0168685755714284,1.0792057264285717,2.592888559,-0.3939257192857143,14.46283746,-3.5673714229999995
494,5.384534248714284,2.2075314374285715,0.7298942859999998,2.6516999795714287,-0.408391431,14.596348937142855,-4.081497110285714
495,5.492671412857142,2.2234200092857144,-0.0007428357142857944,2.6853742557142857,-0.4157428497142857,14.713023134285711,-4.780831394571428
496,5.528717115285715,2.1757542937142857,-0.5248285450000001,2.626562835142857,-0.44467427328571435,14.93000895285714,-5.252745682571429
497,5.449274249,2.2234200162857145,-2.0496571602857143,2.7275856920000003,-0.473605696857143,15.113557451428571,-6.651651380714285
498,5.283274237714287,2.1916428867142854,-2.7326286158571427,2.794934272714286,-0.4880714085714285,15.280268897142857,-7.233125586428572
499,5.016014272,2.3028628824285713,-4.607005741142856,2.794934272714286,-0.4880714085714285,15.497017362857141,-8.733054113
500,4.756105682714286,2.414082878142857,-6.131834243,3.1319143018571434,-0.4809571154285714,15.630291487142859,-10.064374076285715
501,4.5030742749999995,2.501470020833333,-7.227908523714285,3.207800014428572,-0.45202569185714286,15.88047704714286,-10.822756979142858
502,4.315257119,2.464396686666667,-8.133319900142856,3.1658257461428576,-0.4157428354285714,16.047188491428567,-11.513791216428572
503,4.192417145714285,2.3531766839999997,-7.847562761142856,3.0645657422857147,-0.37234569999999995,16.14726276142857,-11.168274069571428
504,4.098508567714285,1.945369998833333,-6.513397007714286,2.8032343212857143,-0.3434142764285714,16.29737427857143,-9.75253126157143
505,4.040645692142856,1.500489987833333,-5.210771286285714,2.525302880714286,-0.3218342715714286,16.397448547142858,-8.277977047857144
506,3.9972485285714283,1.2780499904999998,-4.3053598954285714,2.457954314142857,-0.3218342715714285,16.414048474285714,-7.3258485077142845
507,3.9898971239999996,0.7034133341666666,-2.621645668142857,2.0282514308571433,-0.3218342715714285,16.514122742857143,-5.598500011428571
508,3.9393856814285715,0.634562855142857,-1.5732371098571427,1.7671571531428572,-0.36523140699999995,16.580759918571427,-4.511437142142857
509,3.874408527,0.4597885650000001,-0.8345766861666668,1.5731742915714284,-0.41597998942857145,16.681071201428573,-3.500260042
510,3.823897084428571,0.3009028538571429,-0.7233566916666668,1.5143628604285715,-0.48095712971428567,16.73110822285714,-3.281140007857142
511,3.8094313727142857,0.2532371384285715,-0.01896334083333325,1.489225716,-0.538819991,16.78114547142857,-2.5815685751428568
512,3.780499949142857,0.030797147000000007,0.9446666701666667,1.202520003857143,-0.5893314195714286,16.814582565714286,-1.679714299285714
513,3.7949656608571423,-0.3664171344285715,2.2048833551666664,0.9243514377142856,-0.6398428481428571,16.681308441428573,-0.6348628681428571
514,3.766034209,-0.5094142737142857,2.9460733688333334,0.7303685797142857,-0.6977057095714286,16.58123417285714,0.013960010571428658
515,3.794965660857143,-0.747742837,3.594580014,0.5868971502857143,-0.7337514262857142,16.34764854,0.5280857348571428
516,3.874408527142857,-1.0337371227142857,4.320000063571428,0.3763142904285715,-0.7626828498571429,16.11406290714286,1.5563371835714286
517,3.9972485570000003,-1.2561771282857144,5.781274341857142,0.19086857842857147,-0.7844999945714287,15.797002932857142,2.8456828782857144
518,4.149020010428571,-1.4839133126666668,7.067774316285714,-0.07876284885714287,-0.41597998985714296,15.446742875714284,3.915671420142857
519,4.336837138142857,-1.4913279828000001,8.274831438285714,-0.12073713128571428,-0.04034570614285725,15.196557088571428,4.910011442285714
520,4.4812571587142855,-1.0242039909999998,9.481888560285714,-0.188085712,0.32793714471428576,15.013008477142858,5.963400022857144
521,4.625677151,-0.6905440023999999,10.530297132714285,-0.4828542907142857,0.7035714284285713,14.796260010000001,6.873554315428572
522,4.726937133571428,-0.3791280144,11.324488612999998,-0.6175514238571429,1.0647399932857142,14.629548564285715,7.564588552857143
523,4.77768573,0.0657519868,11.769131470000001,-0.6765999982857143,1.4332599910000001,14.512637128571429,7.96061714242857
524,4.792151413571427,0.48838798740000006,11.912128652857144,-0.7524857108571429,1.8017799887142858,14.479437272857142,8.08701434
525,4.792151413571429,0.4809733205,11.99157151857143,-0.8200714312857144,1.7873142698571431,14.479437272857142,8.188274350857142
526,4.7632199900000005,0.4756771298571429,11.99157151857143,-0.8876571518571429,1.7654971251428573,14.429400251428572,8.213411481
527,4.741639971142858,0.42801141442857144,11.99157151857143,-0.9384057201428571,1.7583828391428573,14.379363117142857,8.213411481
528,4.741639971142858,0.4756771298571429,11.991571518571428,-0.7531971444285713,1.7583828391428573,14.279288848571428,8.213411481
529,4.770334269000001,0.5233428452857143,11.991571518571428,-0.7448971524285714,1.7583828391428573,14.095740237142858,8.179737261285714
530,4.79191423157143,0.4915657015714286,11.975682855714286,-0.7954085667142857,1.7510314132857143,13.895591697142859,8.146062928428572
531,4.770334269,0.4756771297142857,11.896239988571429,-0.8039457127142857,1.7510314132857145,13.67860587857143,8.095551429285713
532,4.712471421857144,0.45978855785714284,11.737354257142856,-0.8122457048571429,1.7436799874285716,13.461620174285715,7.969154288285714
533,4.640380016857143,0.45978855785714284,11.546691424285713,-0.8037085588571429,1.7510314132857143,13.22803442857143,7.851294293285714
534,4.568051457857143,0.443899986,11.32425149,-0.8037085588571429,1.7436799874285713,12.994448682857143,7.649011453857143
535,4.438097177285715,0.42801141414285715,11.022368575857143,-0.7024485479999999,1.7220999895714288,12.760862937142859,7.480640016285713
536,4.264745733142857,0.6504514125714286,10.89525994442857,-0.5084656934285714,1.7147485637142859,12.443802962857145,7.514314236
537,4.084042884285714,0.872891411,10.704597110142856,-0.2978828442857142,1.7220999895714288,12.160180082857144,7.455265647428571
538,3.903340007285714,1.1112199884285714,10.577488478714285,-0.08706284457142856,1.7220999895714288,12.01006867857143,7.438191355285714
539,3.722874255857142,1.3336599939999998,10.402714195285714,0.08154572585714286,1.707871417571429,11.843357232857146,7.353768510857143
540,3.5495228115714283,1.5560999924285714,10.243828462714285,0.24161715028571426,1.700519991714286,11.693245828571431,7.2356713337142855
541,3.3761713955714283,1.7944285698571427,10.132608382142857,0.4607371491428572,1.686291419714286,11.49309729,7.311557032142857
542,3.238865682285714,2.0168685682857146,10.084942730285714,0.5534599998571429,1.6791771337142862,11.30954867857143,7.311557032142857
543,3.123377113571429,2.0195166671666667,9.83096270642857,0.570297145,1.6575971360000001,11.376422980000001,7.0838999367142845
544,3.029705689571429,1.834150004166667,9.497539816714285,0.5451600042857143,1.6360171381428574,11.443297281428574,7.041688514428571
545,2.950262823428571,1.7970766698333336,9.243559906857143,0.5451600042857143,1.6144371402857145,11.476734375714287,6.788894232428571
546,2.892399976285714,1.6858566671666668,9.06902274957143,0.46073713857142856,1.6215514262857145,11.510171470000001,6.6456599249999995
547,2.834537129142857,1.6673200083333335,8.735599916428573,0.3933885648571428,1.6073228542857143,11.360060065714285,6.536099950285715
548,2.784025686571429,1.6302466739999997,8.37039992557143,0.35141428242857137,1.6073228542857143,11.4100972,6.333817054285715
549,2.740865705142857,1.5931733479999999,8.179974217571429,0.30920285314285717,1.6073228542857145,11.426697240000001,6.1652084910000005
550,2.6974685697142853,1.6673200165714286,8.10053146442857,0.3343399957142857,1.628902852,11.510171468571428,6.148371324714285
551,2.654071420142857,1.8262057277142856,8.021088654714287,0.3763142781428571,1.636017138,11.426697240000001,5.962925595142857
552,2.6251399964285715,1.8262057277142856,7.782760056142856,0.350939994,1.657597135857143,11.093037224714283,5.904114188714286
553,2.5890942797142857,1.810317155857143,7.528542963428571,0.4521999978571428,1.650482849857143,10.792577290857142,5.853602802571428
554,2.560162856142857,1.8262057205714284,7.639762987428571,0.4605000041428572,1.650482849857143,10.792577290857142,5.8199285262857146
555,2.5385828512857147,1.8420942852857143,7.7033173029999995,0.4688000032857143,1.664711421857143,10.659065813714284,5.929488557428571
556,2.524117125285715,1.889760000857143,7.52854302,0.5278485741428571,1.6862914197142858,10.709340073714287,5.963162833714286
557,2.509651413571429,1.889760000857143,7.401434388857142,0.48587428642857144,1.6862914197142858,10.525791575142858,5.887277135142858
558,2.4951857017142856,1.8738714361428574,7.4332115467142845,0.443900004,1.7007571315714287,10.142094424571427,5.870440025285715
559,2.4807199900000003,1.889760000857143,7.544431514142857,0.443900004,1.6862914197142858,10.192131559285714,5.904114301428571
560,2.466254278142857,1.889760000857143,7.687428639428572,0.3426400001428571,1.7078714175714287,10.325642923142857,5.870440025285715
561,2.4736056968571427,1.889760000857143,7.671539975714286,0.3511771461428571,1.7294514154285718,9.758397162285716,5.862140005
562,2.473605696857143,1.8738714361428574,7.687428526285715,0.2669914272857143,1.7294514154285718,9.141114323285715,5.702068587714286
563,2.473605696857143,1.6990971460000002,7.814537044285715,0.13205713671428573,1.7220999895714288,8.523831484428571,5.617882868857143
564,2.502537120428572,1.699097146,7.750982785285715,0.16573142342857142,1.7220999895714286,7.939985739428573,5.626420015
565,2.524117125285714,1.540211427714286,7.655651368428572,0.19086856414285713,1.7220999895714286,7.656362858714286,5.584445718428571
566,2.553048548857143,1.5084342911428572,7.719205684,0.174031419,1.7292142755714288,7.172591495714286,5.7276800258571425
567,2.6180256891428573,1.508434291142857,7.814537100857143,0.2584542847142857,1.7292142755714288,6.605345790571429,5.845777146571428
568,2.6830028294285713,1.3177714364285713,7.735094291142857,0.28382856171428567,1.7292142755714288,6.922405765285714,5.854077166857143
569,2.7840257004285713,1.2224400055,7.878091472857143,0.33433999014285715,1.7292142755714288,7.189428661857143,5.854077166857143
570,2.9068657161428573,1.3707333425000001,7.941645788428572,0.3006657140000001,1.7365657014285716,7.1559915112857135,5.9973114742857145
571,3.0512857084285714,1.3336600081666667,8.402177252714285,0.25015428914285714,1.7365657014285716,7.206028645999999,6.098334359428572
572,3.260919980857143,1.5004900123333333,9.164591461142857,0.191342858,1.7220999895714288,7.523088620714285,6.587085813714286
573,3.506599955714286,1.4819533453333333,9.942894333714287,0.14913142871428572,1.7220999895714286,7.973422889714286,6.9662772368571435
574,3.759394266142857,1.6487833494999997,10.594088687857143,0.0900828612857143,1.7292142755714288,8.557268634857142,7.471865801
575,4.019302827142857,1.8897600221666668,11.467722920142856,0.10692000657142857,1.7436799944285715,8.874091483857143,7.918642902285714
576,4.264982802142858,2.096311434714286,12.214248578000001,0.26699143799999997,1.779962851,9.290988602,8.474979978285715
577,4.503311372428572,2.3028628684285715,12.754222851428574,0.5366228651428572,1.8088942817142857,9.874834291428572,8.795122869285715
578,4.6840142212857145,2.5411914387142858,13.087882754285715,0.7218314337142857,1.85964285,10.425242830285715,9.056454297428571
579,4.799502818285714,2.7000771641428574,13.103771418571428,0.9155771484285714,1.9101542855714284,10.742065679714287,9.03108004157143
580,4.8644800009999996,2.874851461285714,12.89721992142857,1.1432342931428572,1.9535514351428571,10.925614291428573,8.77828575957143
581,4.871831405571429,2.986071471142857,12.865442707142858,1.370654284,1.9824828728571429,10.975888551428572,8.576002863571428
582,4.828671424142857,3.2559400311428575,12.674779874285715,1.5895371429999998,1.9969485847142856,10.992725717142857,8.525254351857143
583,4.756342893428571,3.255940031142857,12.388785624285715,1.715934284142857,2.0114142964285713,11.009562884285714,8.28076014657143
584,4.669548622714286,3.271828581857143,12.245788442857144,1.8423314181428572,2.025880008142857,11.04300009142857,8.146062928714285
585,4.611685775428571,3.3510342941428566,11.928017089999999,1.8508685642857141,2.025880008142857,11.043000091428572,7.851057167857142
586,4.5756400728571425,3.414588553142857,11.832685672857142,1.909917138714286,2.04034572,11.059600131428573,7.682448547999999
587,4.63350292,3.6050142610000004,11.594357187142858,1.9013799927142858,2.0621628505714287,10.959525748571432,7.572888516714286
588,4.748991488714286,3.763662811142858,11.578468637142858,2.078525709142857,2.0839799811428574,10.926088655714286,7.614862813285713
589,4.922342904571429,3.8272170984285716,11.880351551428573,2.1292742844285715,2.098445692857143,10.959288624285715,7.673911401857142
590,5.146205762999999,3.7477742604285718,12.166345801428571,2.070225717,2.1055599860000003,11.059362892857143,7.926705684
591,5.326908583428571,3.7795514181428564,12.388785850000001,1.9186914387142857,2.1126742791428574,11.259511431428573,7.918168594428572
592,5.420817189714285,3.589125710142857,12.452340052857142,1.9269914378571429,2.1342542840000003,11.609771487142856,7.9772171830000005
593,5.500259999428572,3.4779057285714288,11.944142880285714,1.8594057244285713,2.1487199957142855,11.843357232857144,7.4379543144285725
594,5.4423971522857135,3.3192571501428567,11.213505659571426,1.8088942995714283,2.162948567714286,12.126980112857142,6.713245772714286
595,5.3340228625714285,3.1606086,10.578199968428569,1.4548400137142856,2.1916428655714286,12.243654309999998,6.148845802142858
596,5.167785725571428,2.9542943131428574,9.609234205428573,1.2947685787142855,2.2061085774285716,12.17701724857143,5.516860040428571
597,4.936808531571429,2.8430743032857144,8.98957994,1.1432342897142858,2.2061085774285716,12.126980114285715,4.910248591
598,4.763457115714287,2.7318543075714286,8.528811406142857,1.1263971462857143,2.2205742891428573,11.743282964,4.657454252428572
599,4.662434230571429,2.668300020285714,8.274594257142857,1.0170742865714286,2.227688568142857,11.276348597714287,4.505682799000001
600,4.517777112571428,2.7795200018571427,8.179262783857142,1.0339114247142855,2.2132228564285716,10.826014272714286,4.589868546
601,4.452799929857143,2.8112971314285713,8.71947418357143,1.0844228495714285,2.1989942844285713,10.258768625,5.078619971999999
602,4.344425668285714,2.715965686285714,8.655919868000002,1.244494280857143,2.148482856,9.808434412,5.061782805571428
603,4.286562821142857,2.6047456905714284,8.147485597857143,1.311842851,2.1340171441428573,9.641485841000001,4.5393570891428565
604,4.250279993,2.7954085384285716,7.861728473142857,1.4128657114285714,2.141368562857143,9.541411571,4.471771354571429
605,4.170837126857142,2.811297117428571,7.623637000285714,1.4211657124285715,2.1124371392857144,9.85847154557143,4.286325681428571
606,4.084042827714286,2.7795199738571426,7.306102774285714,1.4380028558571427,2.0763914367142857,10.242168696142857,3.974719992857143
607,4.062462837,2.5729685612857147,7.337879932,1.3623542865714284,2.0692771435714286,10.625865846857144,4.067442801142858
608,4.004600018142857,2.3346400051428575,7.051885681571428,1.2022828622857145,2.047460013,11.29318576457143,3.915671376
609,4.026180008857143,2.2234200094285717,7.067774232142858,1.0339114318571427,2.0548114317142856,11.943668629,3.923971396285715
610,4.026180008857142,2.1439771574285715,7.5285427938571425,0.8906771457142858,2.047460013,12.510914277142858,4.3958856701428575
611,4.076928577142857,1.9533143095714287,7.623874210571429,0.7979542862857142,2.0401085942857144,12.944648562857143,4.387585706285714
612,4.170837183285714,1.7626514405714284,7.830425594857144,0.6715571417142857,2.047460013,13.228271444285713,4.539357103142857
613,4.337074348571428,1.6673200095714285,8.46573128557143,0.5871342848571428,2.047460013,13.495057158571427,5.078619943571428
614,4.532005755142857,1.6990971532857144,9.053371325142857,0.5532228565714287,2.047460013,13.862154267142856,5.474885658857143
615,4.726937161714285,1.826205727857143,9.815785646571427,0.6376457115714285,2.047460013,14.145777261428572,6.0563599497142855
616,4.914754317714285,1.8738714432857144,10.419314235571429,0.6544828567142856,2.0401085942857144,14.412800101428571,6.486062815428572
617,5.066525771142857,1.9056485868571431,11.086397141285714,0.6459457177142857,2.0401085942857144,14.612948639999999,7.016788509714286
618,5.189128618714285,1.7944285912857143,11.610482864714287,0.5112485721428571,2.0256428824285715,14.846534272857141,7.437954172857142
619,5.275685763857142,1.7308743039999999,11.991571519999997,0.44389999842857136,2.003825737857143,15.096720058571426,7.732959877285714
620,5.297265782857143,1.746762875857143,12.071014385714287,0.42706285685714285,1.9893600120000001,15.330305917142855,7.792008465857143
621,5.311731523,1.6673200167142856,12.150457251428573,0.368251431,1.9675428674285715,15.497017362857141,7.825682798571427
622,5.3046172441428565,1.5243228702857146,12.134568701428572,0.2755285768571428,1.9459628625714287,15.563654311428573,7.817382834857143
623,5.246991522571428,1.476657154857143,12.118680151428569,0.2669914308571429,1.909917138857143,15.68032850857143,7.868131403142857
624,5.246991522571428,1.4131028675714286,12.134568701428574,0.2586914317142857,1.880985701142857,15.81384009857143,7.876668605714286
625,5.239877243714285,1.4131028675714286,12.102791600000002,0.29236572214285717,1.8594056962857142,15.913914367142855,7.851531475571428
626,5.232762908285713,1.4448800111428572,12.039237284285715,0.3345771514285715,1.8522914172857143,15.963951388571429,7.775645777142857
627,5.218297168285715,1.3972142957142857,11.896240102857144,0.275528577,1.8451771382857143,16.11406268,7.6407114901428566
628,5.117274283142857,1.3495485802857143,11.657911504285718,0.23331714771428572,1.8307114264285713,16.364248465714287,7.446728614428571
629,5.052297157,1.301882864857143,11.387805804285716,0.19110571842857144,1.8307114264285713,16.564397231428572,7.244445718285713
630,5.008899993428571,1.0794428592857144,11.19714297,-0.12073713114285715,1.852291424285714,16.697908821428573,7.075837154999999
631,4.943922810857144,1.0000000001428573,11.165365868571428,-0.42427998857142857,1.8741085690000001,16.78138293714286,7.02532571242857
632,4.799502818571429,1.2542171351428573,11.403694354285715,-0.21369713585714287,1.8812228480000002,16.864620040000002,7.4718656885714285
633,4.654845700571429,1.4607685688571428,11.626134401428573,-0.0704628478571429,1.888337127,16.981294464285714,7.9269428094285725
634,4.495959996428572,1.714985703857143,11.99157163142857,0.18233144128571427,1.888337127,16.93125744285714,8.415694263999999
635,4.3949371394285714,1.9533142882857142,12.436451614285716,0.3509400115714286,1.902802838857143,16.814583019999997,8.853934219285714
636,4.308142840428572,2.1439771501428573,12.849554382857141,0.527848581,1.909917117857143,16.747945844285713,9.216288476142855
637,4.199768578857143,2.6365228555714286,13.230880051428572,0.9746257175714286,1.917268550714286,16.797982865714285,9.64599128542857
638,4.1058600290000005,2.843074289285714,13.32621146857143,1.3877285725714283,1.909917117857143,16.831419959999998,9.974671266000001
639,4.0335314417142865,3.0176114465714288,13.56430282857143,1.556337143,1.902802838857143,16.981768717142856,10.084231353142856
640,3.9830199991428574,3.1921485757142856,13.850059954285715,1.6151485688571428,1.902802838857143,17.165317101428574,10.218928571714287
641,3.954088547285714,3.446128571,14.088151427142858,1.7332457107142858,1.9028028388571427,17.298828464285716,10.555908571714285
642,3.874408555428571,3.493794279285715,14.040485661428571,1.8088942835714286,1.888337127,17.532414322857143,10.690842914714286
643,3.7589199867142855,3.7636628392857143,14.262688584285712,2.002877145142857,1.873871415142857,17.749162788571432,11.010985748714287
644,3.657897129714286,3.8587571304285717,14.199134268571429,2.0616885727142855,1.8449399844285714,17.866074224285715,11.162757258857143
645,3.5639885518571432,4.144514283428571,14.516905732857142,2.2891085689999997,1.8160085607142857,17.96614872,11.40701445142857
646,3.499011425714286,4.128625704571429,14.469477205714286,2.2976457150000003,1.801542841857143,17.98274864714286,11.491437295714286
647,3.412454280571428,4.192179991857143,14.231385732857143,2.4325800091428573,1.7726114181428572,17.966148720000003,11.365040154285714
648,3.3185457308571427,4.160402834,14.136291441428572,2.449417147285714,1.7507942734285713,17.932711625714287,11.30622869142857
649,3.2969657401428565,4.319051412428572,14.183957207142859,2.592888573285714,1.7363285615714283,17.765762942857144,11.491674421428572
650,3.2535686047142858,4.287274282857143,13.866422867142857,2.550677136857143,1.7076342777142859,17.69912576857143,11.365277281428572
651,3.224637152857143,4.096848574857144,13.612205717142858,2.584588567,1.686054279857143,17.632251580000002,11.20520580742857
652,3.159659998428572,3.9540885471428573,13.421542771428573,2.466728571857143,1.6718257078571432,17.548777237142858,11.205205807428571
653,3.1307285748571423,3.9858657048571438,13.389765671428574,2.3991428512857143,1.6644742820000002,17.465302895714284,11.255717193142857
654,3.152308593857143,3.7636628674285717,13.230879938571428,2.3569314150000005,1.6789399938571428,17.415265874285716,11.196668604571428
655,3.159659998428572,3.731885766142857,12.928997024285716,2.2305342738571428,1.6862914197142858,17.465302895714284,10.960711488857143
656,3.123614267571429,3.6524429,13.02432844142857,2.1883228515714284,1.6862914197142858,17.53217731,10.918500067428573
657,3.138079979285714,3.446128613142857,13.071994207142856,2.1378114231428573,1.7078714175714287,17.448703194285716,10.82577725857143
658,3.181477143,3.3666857611428576,13.262657154285716,2.1883228517142856,1.7294514154285714,17.265154582857146,10.977311529714285
659,3.2030571620000003,3.4617800522857145,13.262657154285716,2.2388342802857144,1.7581456992857145,17.23171749,10.960474364000001
660,3.224874306571429,3.5094457607142857,13.325974344285713,2.297882854857143,1.7726114111428573,17.281754737142858,10.951937275428573
661,3.2248743065714285,3.7157600474285712,13.548414391428574,2.331557145142857,1.7726114111428575,17.26491757,11.137383005428571
662,3.2825000281428567,3.5730000197142857,13.54841439142857,2.289345715857143,1.7941914090000002,17.26491757,10.960474365857143
663,3.3474771825714282,3.4461285991428565,13.278308691428572,2.196622851,1.8160085537142856,17.198043155714288,10.749654380142857
664,3.419805741571428,3.5888885987142856,13.516637175714285,2.171248566857143,1.8160085537142856,17.33155451857143,10.943637198999998
665,3.4992485795714288,3.7636628675714285,13.691411458571428,2.1121999922857144,1.8231228397142856,17.49850297714286,10.952174401857146
666,3.658134283714286,3.636791446857143,13.866185741428572,2.0194771344285716,1.8304742725714287,17.59857724571429,10.800403004714287
667,3.8241342951428576,3.5096828722857145,14.025071472857144,1.9099171314285717,1.8449399844285714,17.665451434285718,10.741354416142858
668,4.047997153571429,3.255702863,14.40616012857143,1.648822843142857,1.8522914172857143,17.69888852857143,10.876288646142857
669,4.279211473142857,3.271591441857143,15.168574337142855,1.7332457088571427,1.859642850142857,17.682288601428574,11.314291532857142
670,4.5609371788571424,3.525571437,15.99454286142857,1.7332457088571427,1.8956885668571428,17.782362870000004,11.693720081428571
671,4.828197201,3.6367914044285716,16.343854415714283,1.8174314277142858,1.9606657141428572,17.88243714,11.971651494285712
672,5.080991483,3.9702142658571438,16.709054292857143,1.9943400114285714,2.047459999,17.932474387142857,12.10634859857143
673,5.225648629142857,4.319525706142858,16.89948011285714,2.2976457150000003,2.1124371392857144,17.999348575714286,12.291794214285716
674,5.3484886024285725,4.653185721571428,16.91536855,2.508228574857143,2.1918800054285716,17.815799964285713,12.308868505714287
675,5.399237170714286,5.081940013857143,16.248285644285716,2.980142848714286,2.3291857188571434,17.69912554142857,11.525111347571427
676,5.399237170714286,5.5265828710000005,15.40642857,3.367634278,2.401277152142857,17.582451118571434,10.665705672
677,5.3992371707142865,5.606025737285714,14.516905730000001,3.510868557142857,2.480720004142857,17.53241409714286,9.831437070571429
678,5.3992371707142865,5.812577178142858,13.293960000142858,3.7890371515714287,2.567514289142857,17.48237684857143,8.584302826142856
679,5.334260044571429,5.479154316714285,12.182234351714287,3.5784542845714284,2.5746285822857145,17.532413870000003,7.429891390714286
680,5.420817189714286,5.098065747,10.832179991428571,3.216100010142857,2.625140010714286,17.532413870000003,5.963637151857143
681,5.471328632285713,4.891514306142857,9.14846578557143,3.1487514294285717,2.6830028578571428,17.732562408571432,4.320237122142857
682,5.565237181999999,4.939180014571428,7.0995514751428574,3.2497743145714284,2.690117136714286,17.932711172857147,2.382068527714286
683,5.717008579000001,5.161620062571429,4.304111449714285,3.3761714557142857,2.711934281428572,18.19949688714286,-0.48309158957142856
684,5.868542850285714,5.399948604571428,1.2862314892857145,3.654340022,2.7408657050000005,18.466519614285712,-3.4578115124285715
685,6.012962842714286,5.241062928714285,-0.12761428442857153,3.536479998714286,2.762445695714286,18.66666838,-5.151485845142857
686,6.207894277714286,5.622151498571428,-1.3507971257142857,3.8229485641428576,2.820308542857142,18.883654085714284,-6.499880100142856
687,6.301802827428572,5.812577206428571,-1.3190200245714283,3.999857137142857,2.7842628261428573,19.083802624285713,-6.491342957714285
688,6.345199934571428,5.860242914857143,-1.0965800331428568,3.856622858,2.7263999790000004,19.333988411428574,-6.356408674142856
689,6.272871403857144,5.8443543642857145,-1.6209029387142857,3.6460399981428573,2.661422838714286,19.43406268142857,-6.980094303
690,6.106634266857143,5.335920009285714,-1.6685685905714285,3.199499994285714,2.6324914008571425,19.417462752857144,-6.760974240142858
691,5.875657129428572,5.097591467285715,-1.65268004,2.8622828677142853,2.5675142605714285,19.350588564285715,-6.474505737285715
692,5.593931423714285,5.1293685685714285,-2.319762860285714,2.769560003,2.473605696714286,19.33398841,-6.76951144157143
693,5.319557122571429,5.0975914672857146,-3.2251742649999997,2.8200714455714286,2.4012771377142856,19.384025657142853,-7.3424485581428565
694,5.066762840571428,5.494805769999999,-5.544194218857143,3.056028589571429,2.4012771377142856,19.550737101428574,-9.407014244571428
695,4.878945741142857,5.669580053,-7.291462797571428,3.1572886004285716,2.4157428494285713,19.550737101428574,-10.957691378000002
696,4.763457172428572,5.415362875571428,-6.354274206857143,3.0140543071428576,2.451788566142857,19.567337028571426,-9.904302826857144
697,4.676900027285714,5.463028640571429,-5.306102830857143,3.0055171611428575,2.4807200039999997,19.650574132857145,-8.859451365999998
698,4.582991477571428,5.320031487,-4.4483570921428575,3.039428591285714,2.502300008857143,19.684011227142857,-7.806062815857142
699,4.546945718428572,5.224700070142857,-3.177508556714286,2.845445736714286,2.5528114372857145,19.784085497142858,-6.449368483999999
700,4.503548554714286,5.113480046142857,-1.5573485525714286,2.5336028731428573,2.5962085727142856,19.884159767142854,-4.856717107142858
701,4.445685707428572,4.748042873,0.1263657105714287,2.3315571592857145,2.6177885775714285,19.90099693428571,-3.196717135
702,4.373357120142857,4.509714274428571,1.000000014,2.263971438857143,2.6033228658571423,20.00107120285714,-2.3034000015714287
703,4.3081428118571425,4.620934270142857,0.8252257168571429,2.398668586142857,2.581742861,20.134582567142854,-2.421259996714286
704,4.271859955428572,4.446397112714286,0.8093371521428573,2.3735314417142854,2.5599257162857145,20.201456979999996,-1.8483228518571428
705,4.2573942435714285,4.382842825428571,1.7462885748571428,2.2891085831428577,2.545460004571429,20.401605518571426,-1.148988551714286
706,4.278974262571428,4.366954274714286,1.2696314342857142,2.5336028802857142,2.523879999714286,20.368168424285717,-1.6462771521428572
707,4.315020021714286,4.2875114085714285,1.253742827142857,2.6348628840000003,2.502299994857143,20.184619812857143,-1.5789285784285716
708,4.36576859,4.192179991714285,2.1432656671428574,2.558977171428571,2.4733685712857145,20.051108448571426,-0.7192857495714283
709,4.495960024428571,4.065308599285713,3.4141142732857146,2.533840027,2.4444371335714288,20.03450852142857,0.6879199682857144
710,4.662197161428572,3.890771470142856,5.336157162857143,2.3483943044285716,2.41550571,20.067945841428575,2.5838771405714285
711,4.813968586571428,3.843105733571428,7.2899772102857145,2.2471343077142856,2.372345700285714,20.151420184285712,3.8732228917142857
712,5.001785714285715,3.732122863571429,8.576714324428572,2.1292743055714287,2.3362999835714287,20.08478301,5.061545743571428
713,5.124625744142857,3.5416971274285713,10.562311416285715,1.8342685835714285,2.285788555142857,20.101620175714284,6.822805754428571
714,5.218534293857142,3.065277133714286,11.753717170857144,1.5055885747142856,2.2279257080000003,20.201694445714285,7.817382891571428
715,5.276160015428571,2.7477428441428566,12.325468659285715,1.2191199951428568,2.191879991428572,20.235131539999998,8.34810864242857
716,5.3337857369999995,2.5411914034285714,12.96077435,1.0785733316666666,2.1703000007142856,20.13505727,8.735837211571427
717,5.3337857369999995,2.382305685285714,13.135548632857143,0.9510299953333332,2.134254284,19.984708514285717,8.870771442142857
718,5.406114324285714,2.302862847285714,13.342099904285714,0.7998039948,2.141368577,19.86779707857143,9.056217171857142
719,5.398762919714285,2.2551971388571426,13.53276273857143,0.7526599932,2.1197885721428573,19.784322962857143,9.17407722342857
720,5.413228603285715,2.2075314304285714,13.612205605714284,0.6318949895,2.1053228602857144,19.767485797142857,9.275337234285713
721,5.449274305857143,2.414082864142857,13.70753702142857,0.7648333263333335,2.098208567142857,19.73404870285714,9.359522952999999
722,5.449274305857143,2.5570800105714286,13.786979887142857,1.019919999,2.091094274,19.717211537142855,9.485920094142855
723,5.377182844285715,2.5570800105714286,13.707537021428573,0.98547499825,2.083979980857143,19.683774444285714,9.376360119571428
724,5.312205718142856,2.5094143021428574,13.437431322857142,0.9116049970000001,2.091094274,19.767248785714287,9.182377300428572
725,5.196479967142857,2.4776371585714285,13.167325735714286,0.9173319982000001,2.091094274,19.800685878571425,9.013768737142858
726,5.080991398428571,2.4458600150000005,12.881331484285713,0.8817249985,2.105559985857143,19.8507229,8.845160173857144
727,4.9655028297142865,2.2551971601428575,12.500005817142858,0.775567998,2.127139990714286,19.8507229,8.62604022457143
728,4.777685702,2.2551971601428575,12.229900118571425,0.8915466675,2.141605702571429,19.884159994285714,8.566991636000001
729,4.633265709571428,2.286974303714286,11.959794305714286,0.8915466675000001,2.1560714144285718,19.867560065714283,8.457431661285714
730,4.517540015142857,2.2710857390000005,11.800908572857143,0.8934280017999999,2.1705371262857147,19.900997158571425,8.271985931571429
731,4.373119994571428,2.540954299,12.102791372857142,0.92571500425,2.1705371262857143,19.917834324285714,8.507943047285716
732,4.264745733142857,2.8267114095714283,12.277565655714286,1.1913149920000001,2.1850028381428572,20.017908594285718,8.769274418285715
733,4.199768578714286,2.9379314192857144,12.388785624285715,1.2473399966,2.192117131142857,20.084783008571428,8.963257237428573
734,4.112974307857143,3.39846282,12.515894141428571,1.6367759992,2.192117131142857,20.06818308,9.165540020285714
735,4.069814298142857,3.620665671571429,12.738334075714286,1.7194439936,2.1992314241428574,20.034745985714288,9.376360005142857
736,4.0193028555714285,3.858757088,13.214991159999999,1.9910199947999998,2.1992314241428574,19.95127164428572,9.696739965428572
737,3.9761428458571424,4.2875113521428565,13.691411118571429,2.0814900025,2.1992314241428574,19.78432296142857,10.320425707428571
738,3.9687914130000004,4.2875113521428565,13.468971184285715,2.112437146285714,2.213697135857143,19.633974431428573,10.219402822285716
739,3.882234267857143,4.2239570931428565,13.43719397,2.1883228729999997,2.1921171310000003,19.36695147857143,10.337262873714284
740,3.795439968857143,4.446159930714286,13.373639767142857,2.3232571529999997,2.177651419285714,19.116528452857146,10.370937092714286
741,3.701531391,4.446159930714286,13.421305532857144,2.4074428575714286,2.1631857075714285,18.983016864285712,10.547845733142859
742,3.6292028320000003,4.430271351857143,13.278308464285715,2.5255400065714286,2.148719995857143,18.73283107714286,10.581520066
743,3.5568742730000005,4.477937060285715,13.055868530000001,2.475028578,2.134254284,18.53268253857143,10.623494363142857
744,3.4556142904285716,4.382605643428572,12.706557202857143,2.4328171417142856,2.1124371534285715,18.399408414285716,10.362162877857143
745,3.3761714524285718,4.398494222285715,12.80188862,2.5001657082857145,2.083505729857143,18.199259875714286,10.623257236142857
746,3.318308605142857,4.541491347571428,12.849554385714287,2.6602371255714283,2.069040018,18.032548431428573,10.640331416142857
747,3.2533314790000003,4.430271351857143,12.881331487142857,2.6685371318571427,2.054574306142857,17.949311328571433,10.699380004714286
748,3.2317514881428577,4.430271351857143,12.690668652857143,2.5926514192857146,2.054574306142857,17.832637131428573,10.497097108428571
749,3.1883543527142857,4.525602796857143,12.611225787142857,2.6177885494285715,2.0401085942857144,17.816037204285717,10.387537134285713
750,3.1812400455714287,4.414382801142858,12.515894369999998,2.6765999700000003,2.0327571755714287,17.832637131428573,10.26967708142857
751,3.1812400455714283,4.319051384285714,12.515894369999998,2.7102742602857144,2.0401085942857144,17.89927408,10.387774258142857
752,3.1885914784285716,4.382605643285714,12.29345432142857,2.676599984,2.054574306142857,17.932711174285718,10.18572848842857
753,3.181477171285714,4.207831388428572,12.03923717142857,2.4660171382857143,2.061688599285714,17.966148494285715,9.890722783714285
754,3.1959428830000003,4.350828541857142,12.102791487142857,2.5336028447142858,2.061688599285714,17.882674152857145,9.890722783714285
755,3.203057162,4.366717149,12.484117154285714,2.6094885572857143,2.0761543110000003,17.815799964285716,10.168891321428571
756,3.2319885855714285,4.430271408142857,12.595337121428571,2.7107485681428574,2.0906200228571428,17.815799964285716,10.328962682714286
757,3.275148595285714,4.462048565857143,12.738334302857142,2.7275857204285714,2.083505729857143,17.832637131428573,10.421685604142857
758,3.3401257214285716,4.573268533285714,12.849554269999999,2.7192857141428566,2.069040018142857,17.79920003714286,10.379474182714285
759,3.426682838285714,4.255734279,12.817777168571427,2.5760514208571434,2.061925725,17.815799964285716,10.244539952142857
760,3.5782171378571426,4.382842825428572,13.071994318571427,2.668774271571429,2.054811431857143,17.86583698571429,10.514171401142857
761,3.751568582142857,4.351065667714286,12.913108585714285,2.576051420857143,2.0621628505714287,17.93247416,10.22746577442857
762,3.939385738142857,4.081197093571428,12.786000068571427,2.3991428584285717,2.040582845714286,17.965911254285718,9.940760147285715
763,4.185065741285714,3.954088547142857,13.230642925714287,2.247371433285714,2.0334685525714287,18.01594850142857,10.083994454428574
764,4.423631437285715,4.033531385142857,13.78650575,2.3232571317142856,2.0550485574285715,18.06598574857143,10.44634871157143
765,4.690891459428571,3.858994256142857,13.913614268571427,2.1883228517142856,2.083979981,18.06598574857143,10.202091518714285
766,4.914754346285714,4.192417117571429,14.469477092857144,2.4242800098571426,2.127139990714286,18.06598574857143,10.606657197571428
767,5.0809915114285715,4.430745716142857,14.405922777142857,2.558977143,2.1631857074285716,18.049148581428575,10.269677196142856
768,5.239877187285714,4.589631448428571,14.183482728571429,2.786397155,2.2497428525714285,18.032548654285716,9.848511419857143
769,5.340900015857143,5.081940014,13.357514147142856,3.1570514392857136,2.3362999977142858,18.01594872714286,8.896382795285714
770,5.326434275857143,5.431488551714286,11.705577013142857,3.5867543050000004,2.422857142857143,17.93247438571429,7.118285660285714
771,5.384059997428571,5.669817150285715,9.338891323,3.713151474285714,2.560162842,17.815562950000004,4.581805693428572
772,5.2901513911428575,6.082682877857144,6.479659969142857,3.9996200397142863,2.6177885634285714,17.83240011714286,1.9440657721428571
773,5.232525669571429,6.3527885777142865,3.096580018571428,4.092342876285715,2.6901171224285716,17.782363095714288,-1.527942750714286
774,5.124151379857143,6.336899970571429,-0.3344028228571427,4.2777885777142854,2.740628550857143,17.715725921428575,-4.907228465
775,5.044708513571429,6.622894221000001,-3.7333714371428575,4.429560003,2.762445695571429,17.715725921428575,-8.294814086285713
776,4.979731387428571,7.004219944857143,-7.053134254285715,4.674054264714286,2.7697971284285714,17.88243714,-11.539165484571429
777,4.979731387428571,7.306102858999999,-10.261677188857144,4.817288515714286,2.784262840285714,18.015948502857146,-14.606608371000002
778,4.878708558714285,7.703317076857142,-12.882579971571428,5.205017056714285,2.740865705,18.099422618571428,-17.168462594142856
779,4.922105722428571,8.243291407857143,-14.677277076285716,5.727679941285714,2.755331416857143,18.232696968571428,-19.089793965714286
780,5.016014272142856,8.942151414714287,-16.45632275571429,6.384802861571429,2.740865705142857,18.46628260142857,-20.909865438571433
781,5.203831371571428,9.688677129285713,-17.949374185714287,6.890391482285715,2.7626828498571427,18.733068315714288,-22.687962615714287
782,5.3050913824285715,10.196874302571429,-19.061337074285717,7.353768624142857,2.733751426285714,19.016691195714284,-23.783562815714284
783,5.3700685085714275,10.514408528285715,-19.76019719428572,7.690748681571429,2.7119342815714282,19.033291348571428,-24.643205899999998
784,5.377182787428572,10.847831304714287,-20.64948290857143,7.985754442428571,2.675888564857143,19.200002794285716,-25.595334325714283
785,5.3556027684285725,11.165365644285714,-21.77709744857143,8.204874504857143,2.625377136285714,19.517062995714287,-26.648722762857144
786,5.247228478571429,11.117699878857142,-22.825506134285714,8.322734443285714,2.6037971314285713,19.767485795714286,-27.52520301285714
787,5.008899908285715,11.181254194571427,-23.65147465857143,8.305897276857143,2.5459342841428567,19.951034407142856,-28.24161156285714
788,4.720059923714286,11.085922777428573,-24.413888754285715,8.297360074285715,2.4807200039999997,20.184620265714283,-28.578591451428572
789,4.4672656417142855,11.149477093142858,-25.287523042857142,8.331034407142857,2.429971421571428,20.401368732857144,-29.286462571428576
790,4.293914225857143,11.371917141714286,-25.811608765714283,8.347871573571428,2.4949485759999996,20.835102905714283,-29.640279398571433
791,4.163959973571429,11.419582907428573,-25.65296004714285,8.406920162142859,2.5094143019999997,21.402348667142856,-29.556093792857148
792,4.077165702714285,11.514914323142857,-25.12887409714286,8.432057292285714,2.5309943068571426,21.96935719,-29.058805644285716
793,4.034005693,11.800908574285714,-24.525345507142855,8.423757328428572,2.5309943068571426,22.519765784285713,-28.50246834142857
794,4.034005693,11.499025659428572,-23.778819849999998,8.525017339285714,2.559925730428571,23.103611472857146,-27.592313985714288
795,4.019539981142858,11.308362826285714,-22.82574292,8.449368823,2.588857154,23.55418281142857,-26.65702249857143
796,4.048234279000001,10.831942754142856,-21.539242874285712,8.137763077857144,2.6467200152857147,23.954717128571424,-25.334002612857144
797,4.04112,10.291968479857143,-20.459294327142857,7.792245874285714,2.574628567857143,24.205140152857147,-24.179591404285713
798,4.048234279,9.799659857285715,-19.124891504285717,7.294957273857144,2.574628567857143,24.121665810000003,-22.662588472857145
799,4.062699990857142,9.084911300857142,-17.67950584,6.797905799142858,2.574628567857143,24.07162856142857,-21.053099745714288
800,4.091394288857143,8.29071993357143,-16.23412006285714,6.157382947857142,2.5890942938571433,24.02159131428571,-19.53633405428571
801,4.1345542985714285,7.750745659714285,-14.455074382428572,5.4578114797142865,2.596445726857143,23.971554067142854,-17.758236989999997
802,4.199531453,7.2107713857142866,-12.437937173714285,4.800451462,2.5819800151428574,23.954716899999998,-15.676834257714287
803,4.257394300142858,6.7341143017142855,-10.309342815285715,4.370511442428572,2.5819800151428574,23.88784271142857,-13.469034384428571
804,4.336837166428571,6.193902845571428,-7.831437008714286,3.966182889142857,2.6035600199999998,23.871005545714286,-10.907179991428574
805,4.416517158285715,5.685468603714286,-5.321754192428573,3.570154299714286,2.581742875285714,23.854405618571427,-8.438285787999998
806,4.517540015142857,5.2882543292857145,-2.5896313567142855,3.2497743112857145,2.560162870428571,23.854405618571427,-5.817620018
807,4.640380016714286,4.9389428888571425,0.41236005299999995,3.0643285958571433,2.531231432571428,23.787768668571427,-2.9019485707142856
808,4.748754306571428,4.510188610571428,3.2713542811428575,2.6851371655714287,2.473368571142857,23.70429455285714,-0.23907146242857116
809,4.857128596285714,4.129100012428571,5.860479991,2.398668589714286,2.4373228544285714,23.604220282857142,2.2300600087142857
810,4.914991443571429,3.8115657015714284,8.147722843999999,2.1207371561428574,2.379459993142857,23.43750883857143,4.345374312571429
811,4.958388550714285,3.3510342937142856,9.863214314571428,1.7161714277142857,2.3215971318571427,23.254197239999996,5.912651504285715
812,5.008899993285715,3.0811657337142857,11.181491432571429,1.5406066698333332,2.2926656941428574,23.137522817142855,7.1514858128571435
813,5.095694264142858,2.906628576428571,12.086902822571428,1.2852433383333333,2.3142456989999998,22.904174197142854,8.002591552142858
814,5.095694264142857,2.8271857102857147,12.658891322857142,1.1770666708333333,2.2781999824285712,22.72062558714285,8.575765794428573
815,5.1030456687142856,2.8589628680000003,13.071994204285716,1.1770666708333333,2.2781999824285712,22.45383987285714,8.971794327428572
816,5.1246256877142855,2.858962868,13.246768487142857,1.1867500071666666,2.2637342707142856,22.253691334285715,9.115028634857142
817,5.1462057067142855,2.874851446857143,13.326211352857143,1.1964333395,2.2637342707142856,22.136779897142862,9.182377187285713
818,5.167785725714286,3.0814028594285716,13.437431319999998,1.3735000063333331,2.2781999965714284,22.036468614285717,9.283637084999999
819,5.145968580999999,3.1608457114285717,13.42154277,1.3791914335714284,2.2781999965714284,21.852920228571428,9.283637085
820,5.044708570142857,3.1608457114285717,13.246768487142857,1.4297028621428571,2.2276885681428573,21.569297574285713,9.199451366285714
821,4.979731444,3.1449571325714287,13.040217102857143,1.412865717,2.2419171401428573,21.30227462,9.030842803
822,4.9363343368571435,2.986071414428572,12.833665718571428,1.1686085738571423,2.328711425142857,21.085288914285716,8.879308531714287
823,4.806380028142857,2.9066285624285717,12.992314212857142,1.1517714287142857,2.3936885652857143,20.868540448571427,9.157477069428571
824,4.719822883000001,3.144719978857143,13.214754147142857,1.1686085738571428,2.4444371477142854,20.685229077142854,9.528131402714285
825,4.6043343142857145,3.223925719285714,13.452845507142857,1.2696314342857142,2.502299995,20.451880457142856,9.831437184571428
826,4.517777169285714,3.4302399778571426,13.897488364285715,1.4633771454285716,2.5456971444285714,20.268331845714282,10.337025748285715
827,4.409640033428572,3.8907713857142854,14.389796987142859,1.7498457212857141,2.5672771492857143,20.234894525714285,10.943874323428572
828,4.344662879,4.494299947,15.168099747142858,2.0280143017142858,2.618025731714286,20.15165742285714,11.8371914
829,4.229174282000001,5.081939943428571,16.184731104285714,2.685137179571428,2.574628582142857,20.051583154285716,12.924254397142859
830,4.214708570142857,5.828465644,16.867939798571427,3.2329371801428572,2.5601628704285715,19.90123439857143,13.623588768571429
831,4.1857771465714295,6.225679918428571,17.662131222857145,3.688014337142857,2.5238800138571427,19.784322962857143,14.31462295
832,4.2218228490000005,6.765891346428572,18.250008387142856,4.0925800585714285,2.4733685852857143,19.767485797142857,14.879260102857144
833,4.2362885324285715,7.274325701428571,18.932979842857144,4.404422929285714,2.4444371617142857,19.734048704285716,15.67131716857143
834,4.2505171185714286,7.496765692714286,19.457302804285714,4.741402930285714,2.4444371617142857,19.68401168142857,16.092482775714288
835,4.228937099571428,7.623874323857143,19.965500090000003,5.036408662857143,2.422620017,19.65057458714286,16.513648495714286
836,4.221585695,8.068517124428572,20.251257215714283,5.424137232,2.4226200170000003,19.68401168,16.77474274142857
837,4.17107425242857,7.877854290857143,20.17181435,5.297740091,2.415505723857143,19.717449000000006,16.783279717142854
838,4.1132113768571426,8.068517181,20.298685741428574,5.483185764142857,2.422857142571428,19.68401168,17.01093686857143
839,4.026654231857143,8.052628573857143,20.473460137142858,5.491485727857142,2.4299714357142856,19.65081159857143,17.390128291428574
840,3.9327456821428575,8.100294225714286,20.648234307142854,5.651557145142857,2.4228571427142858,19.55073710285714,17.53359983857143
841,3.896699951285714,8.116182776428571,20.822771238571427,5.634719978714286,2.4302085614285716,19.517300010000003,17.76125699
842,3.867768527714286,8.116182776428571,20.505237012857144,5.550297077714285,2.423094268285714,19.41722574142857,17.592885552857144
843,3.8606542205714285,7.766871392714286,20.203591449999998,5.272128483285714,2.3868114118571424,19.417225741428574,17.50869972
844,3.8606542205714285,8.084642857428571,20.44168281,5.642782760428572,2.350765695285714,19.367188492857142,17.803468298571428
845,3.8390742298571423,8.084642857428571,20.409905708571426,5.533222785714286,2.3289485507142857,19.48409992857143,17.744419822857143
846,3.8246085180000002,8.005200047714286,20.076245580000002,5.415362819000001,2.300017113,19.450662834285716,17.205156925714284
847,3.8606542488571423,7.989311497000001,20.108022907142857,5.415362819,2.285551401142857,19.517300010000003,17.221994091428574
848,3.8751199890000003,8.084643026857142,20.21924310142857,5.491248573999999,2.2566199775714284,19.48386269,17.373528362857144
849,3.896700008,7.735094404285715,19.774363005714285,5.246991437857142,2.234802833,19.550499865714283,16.84256554285714
850,3.896700008,7.814537270428571,19.77436300571429,5.196479995285714,2.234802833,19.583936959999996,16.54755995142857
851,3.925631431571429,7.7350944042857135,19.552160082857142,4.960760005142857,2.306894266285714,19.70084839571428,16.28646570571429
852,3.983257153142857,7.385545838285714,19.504494318571428,4.842662884428571,2.3142456991428566,19.65081137285714,16.084182922857142
853,4.048234307571429,7.718968614857142,20.155688674285717,5.213317189857142,2.3505285555714286,19.717448548571433,16.766680127142855
854,4.135028606571429,7.718968614857142,19.96502561428571,5.187942877428571,2.3721085604285714,19.73428571428571,16.631745784285716
855,4.221822905571429,7.417085700714287,19.583936958571428,5.036171424000001,2.3792228394285715,19.75112288,16.210580064285715
856,4.323082888142857,7.846077189428572,20.600568315714288,5.348014294714285,2.379222839428571,19.73452272571429,16.98580019
857,4.445685735714286,7.7030800642857145,20.79099391142857,5.288965762571428,2.3792228394285715,19.66764853857143,17.23029450857143
858,4.611685775285714,7.607748590857143,21.23563676857143,5.179405731428572,2.335825704,19.600774351428573,17.280806007142857
859,4.806854335857143,8.100057099857143,21.950622564285716,5.491248545714286,2.3284742711428565,19.550737104285712,17.904491748571427
860,5.052297213285714,7.8778542907142866,22.06184253142857,5.2806656858571435,2.3066571405714282,19.450662834285716,17.94670305714286
861,5.290625755428572,7.655414299285714,22.077731195714282,4.952222859142857,2.314008559285714,19.433825668571426,17.575811597142856
862,5.3771829005714284,8.068280055142857,22.681259785714285,5.036645703571429,2.306894280285714,19.40038857428571,17.82860587857143
863,5.499785748285714,8.020614290142857,22.23661692857143,5.061782833857143,2.3358257179999997,19.41698872857143,17.449414454285712
864,5.601045759142857,7.845840007142857,20.98189409714286,4.876574229857142,2.429734281857143,19.36695148,16.160068675285714
865,5.694954308857143,7.861728557857143,19.552396982857143,4.918548526428572,2.5309942644285712,19.36695148,14.786537177714283
866,5.738351472571429,7.671302849857142,17.21725123957143,4.674291390285715,2.661185684714286,19.40038857428571,12.401591369142855
867,5.673374289999999,7.6395256921428585,14.977674095142858,4.691128500142858,2.7624456672857143,19.517300009999996,9.890248582285713
868,5.500022874,7.846077133000001,12.10279125257143,5.036408493142858,2.8203085287142855,19.70084862,7.227371418
869,5.478442855,7.512654243285715,8.370162678714285,4.884637096285714,2.914217092571429,19.984471501428573,3.7133885994285705
870,5.384534305142856,7.496765692714285,4.780294161571428,4.901474262571429,2.964965660857143,20.318131402857144,0.1320571154285715
871,5.283274294285714,7.782759943142857,1.5717512544285719,5.154268544714285,2.9578513818571426,20.651791305714283,-3.154505791285714
872,5.167785725571428,7.703317133428571,-2.0022287684285707,5.086919992285715,2.928919958285714,21.10236264285714,-6.778048698
873,5.066525714714286,7.719205797142856,-5.369420055142858,5.213317133285715,2.885522822857143,21.536097039999998,-10.165634319428571
874,5.008899993142856,8.08440584442857,-8.78451440357143,5.348251420285714,2.856591399285714,21.936394118571428,-13.435122926857142
875,5.066525714714286,8.433717284142856,-11.500748625285713,5.550534259857143,2.863705678142857,22.25345409428571,-16.224397232571427
876,5.145968580857144,9.132577290571428,-13.708548668571428,6.191057054571429,2.8565913992857146,22.470439798571427,-18.600805782571427
877,5.290625698857142,9.577220147428573,-15.51937162,6.730319951571429,2.8492399664285712,22.570514068571434,-20.623397278571428
878,5.449748556857143,10.371411570285716,-16.821760102857144,7.497002875142857,2.834774254714286,22.770662832857145,-22.081114494285714
879,5.558122846714285,11.292711511571428,-18.09237148428571,8.390320008571429,2.813194264,22.770662832857145,-23.252600335714284
880,5.551008567714285,11.785020020000001,-19.458551635714283,8.836859984142857,2.748217123714286,22.820699854285717,-24.38163740285714
881,5.486031441571429,11.991571404285716,-20.64972015,9.148465672714286,2.675888564714285,22.837300007142858,-25.426726102857142
882,5.305565718428572,12.150457137142856,-21.68200293285714,9.249725740142859,2.5819800008571425,22.92077434857143,-26.43790323142857
883,5.117748562571428,12.007459955714284,-22.841631358571426,9.055980046714286,2.5167657207142855,23.00401145142857,-27.40710606285714
884,4.886534299571429,11.975682741428571,-24.080465411428573,8.853934276285715,2.466254292142857,23.20415999,-28.36777169142857
885,4.626388612857142,11.800908458571428,-25.065319894285714,8.525491364428571,2.408391444857142,23.421145695714284,-29.18520301428571
886,4.387822888571429,11.642022725714284,-25.79595688857143,8.188274237714285,2.393925733142857,23.721368504285717,-29.78351416
887,4.207120011571429,11.499025544285715,-26.018159584285716,8.104088519,2.3794600214285713,24.238340005714285,-29.985797168571427
888,4.156371443285714,11.467248442857143,-26.049936685714282,8.053577132857143,2.408391445,24.82218569571429,-29.951885370000003
889,4.134791424285715,11.514914094285714,-25.55762829,8.061877096571427,2.4373228685714285,25.322557042857145,-29.412622472857144
890,4.156371443285715,11.562579858571429,-24.826991295714286,8.061877096571429,2.451788580428571,25.906402732857146,-28.654239627142857
891,4.141905731428571,11.483137105714286,-23.746805735714286,7.952317122000001,2.451788580428571,26.20686278,-27.63452529571428
892,4.120325712571429,11.292474272857143,-22.460305690000002,7.808845689,2.459139999142857,26.457048339999997,-26.277831077142853
893,4.098745721857143,10.92703715657143,-20.840145742857143,7.539214240571427,2.4446742731428572,26.740671221428567,-24.777665538571426
894,4.1566085972857145,10.609502930857143,-19.41064862857143,7.151485727857143,2.4662542780000005,26.724071294285714,-23.30311138142857
895,4.113448587571428,10.05364005,-17.504731442857143,6.738620028571428,2.4517885662857144,26.607396870000002,-21.542088835714285
896,4.120562894714285,9.243560076857142,-15.884571381428573,6.132008579285715,2.466254278142858,26.507322600000002,-19.738617515714285
897,4.0700514519999995,8.433480046857143,-14.026082835714286,5.499785748285714,2.4880714228571432,26.35721130857143,-17.83412319714286
898,4.062700019142857,7.607511409428571,-12.104277099857145,4.926611449428571,2.517002860714286,26.307174061428572,-15.719046132714285
899,4.149257164142857,6.781542827857143,-9.975682684571428,4.277788591857143,2.553048577428572,26.190499864285716,-13.61226891785714
900,4.2505171467142855,5.9396857245714285,-9.080903210333334,3.6711771707142864,2.5530485774285716,26.040388347142855,-11.193885958571428
901,4.3515400035714284,5.288254300857143,-5.967573303666666,3.2668485891428576,2.560399996142857,25.95691400571428,-8.572982991857142
902,4.495960024142856,4.811597160285714,-2.872780006833333,2.8117714251428576,2.5532857030000002,25.923476912857137,-5.867894320285714
903,4.654845756571428,4.382842853714285,0.5553966025000001,2.508228581857143,2.5388199911428573,25.906876985714284,-3.1122942342857143
904,4.806617153571429,4.033531441571428,3.8908900008333336,2.2217600094285714,2.5025371345714285,25.840239809999996,-0.36499422499999995
905,4.951274271571428,3.795440025142857,6.930073370666666,1.9606657139999997,2.473605696714286,25.823402868571428,2.070462913285714
906,5.023602858857144,3.5573486087142854,9.505839956166666,1.7754571488571427,2.430208561285714,25.823402868571428,4.278262899714286
907,5.059648561428572,3.2557028838571433,9.815548493857142,1.5058257215714286,2.4083914307142855,25.639854482857142,5.778191425857143
908,5.103045725142858,3.0176114392857145,11.133825668142858,1.3372171441428573,2.3939257188571426,25.423106015714286,7.025325684
909,5.124625744142857,2.843074310285714,12.039237059428572,1.2108199995714286,2.364994295285714,25.239557404285716,7.926942866
910,5.225885698428571,2.8589628891428567,12.69066854,1.160308571,2.3649942952857144,24.955934524285713,8.483042929428573
911,5.319794304714286,2.8907400187142858,13.071994207142856,1.1688457135714285,2.3794600071428573,24.622274395714282,8.777811508000001
912,5.377420026285714,2.938405727142857,13.278545591428571,1.1856828552857142,2.379460007142857,24.305451434285715,8.870534316285715
913,5.384534305285714,3.033737144,13.326211355714287,1.2361942838571427,2.4157428637142857,24.02182855428572,8.870534316285713
914,5.427931468857143,3.2561771284285714,13.516874301428572,1.4045657144285713,2.4520257202857145,23.804842848571433,9.047680082142858
915,5.420817133428572,3.335619994571428,13.51687430142857,1.3877285728571425,2.452025720285714,23.504619814285718,9.081354415
916,5.3847713744285715,3.383285702857143,13.389765782857141,1.3962657152857143,2.488071437,23.12092266428571,8.963494363428572
917,5.283511420142857,3.3356199944285714,13.119660082857143,1.371128571,2.5170028748571434,22.803862688571428,8.769748556857143
918,5.211182832857142,3.367397152142857,12.881331597142857,1.3879657125714284,2.545934298428572,22.570277055714286,8.62651424942857
919,5.139091427714286,3.7802628515714285,13.008202990000001,1.7839942914285716,2.5675143032857144,22.303254102857142,8.912982864142858
920,5.1464428322857145,4.240794259285715,13.468734511428574,2.2305342845714287,2.516765720857143,22.03623115,9.401734261428572
921,5.074114245142858,4.748991403714285,13.84982294,2.62656286,2.509414287857143,21.802645291428572,9.730414185857144
922,5.095694264142858,5.320742807285714,14.405685878571427,3.1153142754285716,2.552811437428571,21.66913392714286,10.202328416714286
923,5.001785714428571,5.685942826571429,15.231654402857142,3.3764085708571434,2.603560005714286,21.569059657142862,10.994385596142859
924,4.900762829285715,6.114697104857143,16.08940002857143,3.6375028662857147,2.5890942797142853,21.452385460000006,11.862328530428572
925,4.777922855999999,6.559339962,17.137808487142856,4.075742864,2.567514274857143,21.26883684857143,12.991602835714287
926,4.669548566285714,6.559339962000001,17.630354348571426,4.016694275428572,2.6180256892857146,21.152162651428572,13.438142811428571
927,4.604571440142857,6.607005727000001,17.884571384285714,4.033531441857143,2.654308545714286,21.035488454285712,13.85930853142857
928,4.597457161142857,6.638782884714286,18.504225877142858,4.193840013,2.654308545714286,20.90221433,14.685040042857143
929,4.496434332428572,6.654671491857142,19.10775424,4.210677179428571,2.646957112857143,20.768702967142854,15.418285872857142
930,4.554297179571429,6.908888584571429,19.44117713,4.446634295142857,2.632491401,20.635428842857145,15.856525884285714
931,4.525365756,6.940665742428571,19.568285761428573,4.623542878714285,2.661422838714286,20.518517407142856,16.033434524285713
932,4.518251420428571,7.210771498857143,19.83815444857143,4.960522879571428,2.65407142,20.485317552857143,16.336740305714287
933,4.50378570857143,7.2584372071428565,19.981151517142855,5.145968580999999,2.596445712571429,20.385243282857143,16.64858329
934,4.4675028804285715,7.258437207142857,20.060594382857143,5.188180003285714,2.6035600055714285,20.33520626142857,16.556097494285716
935,4.409640033285714,7.401434389,19.997039952857143,5.407062883571428,2.6035600055714285,20.318369094285714,16.46337468571429
936,4.351777157857144,7.210771498857143,19.60006286,5.221617153857143,2.574628582,20.284932,16.11785736857143
937,4.315494329714285,7.226660106,19.504968568571428,5.1879428775714285,2.5456971442857146,20.26809483285714,16.033671537142858
938,4.293677185,7.1789943975714285,19.60030009857143,5.1964800235714295,2.509414287857143,20.234894751428573,16.08418281
939,4.250280077857142,6.813557224428572,19.250988545714286,4.859500022714286,2.5238799995714287,20.201457431428572,15.764039862857144
940,4.242928645,6.797668673857144,19.23509988142857,4.859500022714286,2.5238799995714287,20.168020337142856,15.646179697142857
941,4.213997193142857,6.575228625857143,19.04443704857143,4.7921514137142855,2.516765706571429,20.101145922857143,15.629342531428572
942,4.206645760285714,6.209791452571429,18.790220012857144,4.3878228038571425,2.531231418428572,20.001071654285713,15.410222355714284
943,4.257157174571429,6.289234318714286,18.98088284714286,4.531057111285714,2.538582837142857,19.83436021,15.460733855714285
944,4.206645731857143,6.289234318714286,18.996771511428573,4.5901057,2.5456971301428575,19.65081159857143,15.587130995714286
945,4.221111443714286,6.352788577714286,18.774331350000004,4.606942809857143,2.567514274857143,19.483862915714287,15.536619722857143
946,4.242691434571428,6.495785702857143,18.933217082857144,4.657454252428571,2.567514274857143,19.26687721,15.70522839857143
947,4.206645703714286,6.559340018428571,18.949105747142855,4.674291418714286,2.545697144285714,19.14996577428571,15.780877028571428
948,4.1921799918571425,6.861222876142857,19.568522774285714,4.825825746428571,2.5238800137142854,19.049891504285714,16.261091450000002
949,4.221111443714285,7.353768567428572,19.933959778571428,5.053245772571429,2.5094143018571424,18.99985425571429,16.682494408571433
950,4.1777143084285715,7.480877142,19.933959778571428,4.994197184000001,2.5165285948571423,19.066491431428574,16.876240214285716
951,4.257157174714286,7.051885709714286,19.441413917142857,4.6318428847142865,2.5309943067142853,19.033291350000002,16.286228918571428
952,4.379997176285714,6.988331450714286,19.441413917142857,4.5222828818571426,2.559925730285714,18.999854255714286,16.353577357142857
953,4.589631448571429,6.924777135142858,19.552396871428574,4.294625729857143,2.588857154,18.999854255714286,16.23548018
954,4.827960019,6.702337087142857,19.838153995714286,4.100880008142857,2.632254289428571,18.96665417428571,16.235480180000003
955,5.109685724714287,6.543451411285714,19.774599792857142,3.789037137428571,2.6901171367142855,18.916616927142854,16.142757371428573
956,5.434808537428571,6.336899970571428,20.21924265,3.6121285538571435,2.7190485604285715,18.883179832857145,16.176431704285715
957,5.716534271285714,6.25745710442857,20.695662834285717,3.721688528428572,2.697468555571428,18.78310533714286,16.210105811428573
958,5.933282850857142,6.702337087285714,21.235874234285717,4.117717103857143,2.6903542767142854,18.78310533714286,16.45460001714286
959,5.983794293428572,6.9247770787142855,21.09287716571429,4.336837138,2.654071420142857,18.900016772857146,16.083945797142857
960,5.911465762714285,7.0677742605714275,20.330462844285712,4.791914259714285,2.6324914294285717,19.016928208571425,15.249677195714286
961,5.832022896428572,7.480877142142857,18.821522864285715,5.103519976428571,2.6469571412857142,19.167039725714286,13.994242931142853
962,5.7236486065714285,7.893742784857143,17.519134268571428,5.626182832714286,2.6469571412857142,19.25051406714286,12.494314291714286
963,5.42745721742857,8.02085135942857,15.073005739714286,5.895814281142856,2.639842862285714,19.317388255714288,10.219165668285713
964,5.210945763571429,8.306845666428572,12.245788500285713,6.022211422285714,2.675888579,19.384025431428572,7.6490114814285715
965,5.0231286075714285,8.402177083285714,8.687697140000001,6.173982875714286,2.683002857857143,19.567574042857142,4.387822944571429
966,4.922105722428571,8.513397050714286,5.542708548285715,6.485825689857143,2.7192857144285716,19.63421121857143,0.9665629331428577
967,4.857128539857143,8.672282783000002,1.5717514325714286,6.544874278428572,2.755331416857143,19.71768556,-2.7328656154285715
968,4.857128539857143,8.894485592285715,-1.874882947428571,6.688345711571428,2.7769114075714287,19.984471274285713,-6.356408579428572
969,4.7995028184285715,9.085148538428571,-5.925282816,6.722019987857143,2.7984913982857145,20.368168424285717,-10.435028551428571
970,4.864479944571429,9.498014294,-9.16560288142857,6.941139993714286,2.8200713889999998,20.768465728571424,-13.822614370857142
971,4.951037089714285,9.815548519714286,-12.326480023428573,7.337405708857143,2.8418885337142856,21.252474385714287,-16.99961724542857
972,5.05205991842857,10.403188558142858,-14.359505727428571,7.7334342984285716,2.877934236285714,21.619334369999997,-19.241328689999996
973,5.2038313718571425,11.022605698000001,-16.424308531428572,8.028440002714287,2.8634685244285714,22.069905707142855,-21.23024585142857
974,5.377182787714285,11.435471341571429,-17.583699945714283,8.348582893714285,2.834537100857143,22.536839960000002,-22.763848935714286
975,5.485557077571428,11.753242805714288,-19.0452114,8.68556289457143,2.8129571101428574,22.73722551142857,-24.230103128571425
976,5.514488501142857,12.007459955714285,-20.268157242857143,9.031080041428572,2.7697971287142855,22.90393695571429,-25.20760615
977,5.449511375,12.039237057142856,-21.761208784285717,9.140640016142857,2.726399993285714,23.12092266,-26.42106583571429
978,5.355602825285714,12.277565655714286,-22.952614538571428,9.106728670857143,2.6830028437142857,23.304234032857146,-27.524965998571428
979,5.204068554000001,12.134568474285715,-24.318794688571426,9.039142879714287,2.6469571411428574,23.45434555,-28.66254004142857
980,5.001785657857143,11.991571405714286,-25.462534678571433,8.988394368000002,2.618025703428571,23.654494315714285,-29.665180194285714
981,4.756105683,12.150457137142856,-26.54272046571429,8.912745738714285,2.610911424571429,23.921517270000002,-30.330840007142857
982,4.546708564571429,12.118680037142857,-26.892031565714287,8.820022930428571,2.596445712714286,24.321814574285717,-30.54165999285714
983,4.416517158428571,11.959794304285714,-26.939697331428572,8.659714331000002,2.5964457127142855,24.87246040857143,-30.60070824285714
984,4.373119994714285,12.102791485714286,-26.526831350000002,8.575528612142858,2.610911424571429,25.556380141428573,-30.322777055714283
985,4.2936771284285715,11.959794417142858,-25.939191424285717,8.63457708757143,2.6253771505714285,26.27373719428572,-29.715928481428573
986,4.235814281142857,11.800908684285714,-25.04966847142857,8.542091404857144,2.632728583428571,26.974494092857146,-28.999519932857144
987,4.2068828858571425,11.594357187142856,-24.128368642857144,8.247322826285716,2.661660021142857,27.508302760000003,-28.00517974428571
988,4.1853028949999995,11.21303152,-22.85752002285714,8.045039986857143,2.6761257328571424,27.87516251714286,-26.985702651428568
989,4.170837183142857,10.863482953285715,-21.634574632857145,7.935479899142857,2.669011454,28.19222226571429,-25.70465706142857
990,4.149257192285715,10.736374321857143,-20.268631721428573,7.876668549285715,2.669011454,28.308896462857142,-24.14568006
991,4.120325768714285,10.29149433942857,-18.55314035714286,7.691222819714286,2.6618971751428573,28.141948005714287,-22.359045679999998
992,4.127440047714286,9.735631401857145,-16.885314531428573,7.194171458142857,2.697942877571429,27.941799467142857,-20.631697014285713
993,4.2068829139999995,9.275099994714285,-15.074491636571429,6.6800457479999995,2.748454291857143,27.875162291428573,-18.626180150000003
994,4.264745789428571,8.782791429142858,-13.16857433842857,6.410414299428571,2.733988580142857,27.808287651428575,-16.359331575142853
995,4.315257232142857,8.338148572142858,-11.008440059857142,6.06489715242857,2.755568570857143,27.875162291428577,-13.78894009342857
996,4.358654367571428,7.829951399428571,-8.641754256571428,5.4834229180000005,2.755568570857143,27.891762671428573,-11.210485717142857
997,4.481494340999999,7.178757158571429,-5.973185651571429,4.842900010142857,2.7266371329999997,27.908599611428574,-8.488560053428571
998,4.647731478,6.559339962,-3.399948491714286,4.320474307857142,2.7411028447142853,27.958636632857147,-5.834220120428571
999,4.821082893857143,6.066794270857143,-0.4136085068571429,3.924208564428571,2.705057142285714,27.992073952857144,-3.044708632285714
1000,4.936571462571428,5.621914287999999,2.651937218285714,3.620902853857143,2.6545457279999995,27.941799692857142,-0.028014299999999843
1001,5.15308286,5.272365721999999,5.558834337285714,3.1319142810000002,2.7484543058571433,27.891762671428577,2.483091354571429
1002,5.348251420571429,4.811597132,8.052628630142857,2.6263257238571427,2.770034324857143,27.77485101,4.690891341000001
1003,5.528717115428571,4.4463971128571425,10.244777106857143,2.1966228528571428,2.827660046285714,27.60790232714286,6.460688497857143
1004,5.6876028477142855,4.112974251428571,11.849048419,1.8342685731428572,2.892637186571428,27.50759104571429,7.648774243428571
1005,5.795977137428571,3.8589942561428563,12.976899800571429,1.5729371502857143,2.892637186571428,27.457554024285717,8.533554259142857
1006,5.875657129285714,3.7321228354285716,13.771091224285716,1.3960285807142856,2.8926371865714287,27.390679610000003,9.317074292142859
1007,5.93351997642857,3.668805702,14.231622631428573,1.286468574285714,2.8997514655714283,27.357479754285716,9.570105699857143
1008,5.940871437571429,3.5578228601428568,14.517379642857142,1.2108200014285713,2.7984914547142856,27.274242651428573,9.679665674571428
1009,5.976917139999999,3.526282856285714,14.69191680142857,1.2191200005714282,2.7697971568571433,27.12413136,9.671128472000001
1010,6.0203143035714275,3.542171435142857,14.739582565714286,1.2613314298571427,2.733751426142857,26.940819761428568,9.637454139285714
1011,5.969802860999999,3.5262828562857136,14.723694128571427,1.2781685732857142,2.7121714354285715,26.6906342,9.662828395142856
1012,5.9119400138571425,3.5103943055714284,14.628362712857143,1.2698685722857144,2.7266371472857145,26.407248557142857,9.654528431285714
1013,5.883008590285714,3.494505726714286,14.501254194285716,1.2447314297142857,2.7266371472857145,26.140462842857143,9.528131290285714
1014,5.745702876857143,3.4786171478571424,14.088388438571428,1.202520002142857,2.697705723571428,25.840240034285717,9.283637085142857
1015,5.521840018285714,3.2720657071428567,13.850297078571428,0.9916999954285713,2.6761257187142853,25.606654401428575,9.165777146571429
1016,5.290625755285715,3.4307142855714283,13.85029707857143,1.0675857079999997,2.618262857285714,25.40650563571429,9.502994386714287
1017,5.059411492285714,3.6052514428571425,14.0407229,1.2191199917142856,2.5677514287142853,25.28959419857143,9.848274464857143
1018,4.84977722,3.763899993,14.278814260000003,1.4467771329999999,2.5170028604285712,25.206119857142856,10.320188696857143
1019,4.6474943522857135,4.049657146142857,14.882342735714287,1.707871410714286,2.4517885802857142,25.15584559714286,10.960474366285714
1020,4.466791531857143,4.494300003285714,15.69242271,2.1207371365714285,2.4299714355714284,25.15584559714286,11.937977161857143
1021,4.358417242142857,4.954831439285714,16.53427989857143,2.6263257237142854,2.415505723857143,25.088971182857144,12.848131405571428
1022,4.329485762,5.4630286120000005,17.16958558857143,3.073102867428571,2.429971435714286,24.988896912857143,13.556002865714285
1023,4.336837166571429,5.828465728714286,17.947888347142857,3.4439942702857143,2.4444371475714286,24.872222717142854,14.246799919999999
1024,4.336837166571429,6.241568553857143,18.805633972857144,3.8907714421428565,2.458902859428572,24.80558576857143,15.10644277714286
1025,4.329722887571429,6.7658914594285715,19.552159630000002,4.219214297,2.466254278142857,24.688911345714285,15.92387421142857
1026,4.337074320428571,6.940665742428571,19.774599791428574,4.455171441,2.4807199900000003,24.572236922857144,16.227417004285716
1027,4.286562877714286,7.163105790428571,19.695156924285715,4.564731415714285,2.4951857017142856,24.455325487142858,16.328677015714284
1028,4.2649828869999995,7.353768680714286,19.885819757142855,4.6742913904285714,2.4951857017142856,24.505362735714282,16.49704845285714
1029,4.192654327999999,7.623874380571428,19.965262624285714,5.002971399142857,2.4951857017142856,24.605437005714286,16.69909411
1030,4.120325769,7.750983011714285,19.854279895714285,5.146205706571428,2.4878342830000006,24.77214845,16.733005681428573
1031,4.076928605285714,7.8939801368571425,19.647728398571427,5.179879982714286,2.5817428468571433,24.938859894285713,16.707631311428575
1032,4.112974336142857,8.005200104285715,19.711282827142856,5.365325712428572,2.6396057082857145,25.022334235714283,16.59807133714286
1033,4.250280049428571,7.893980080285715,19.282291394285714,5.171580018999999,2.6830028437142857,25.13900865857143,16.159831438571427
1034,4.243165742285714,8.005200047714284,19.488842891428572,5.289440014,2.6830028437142857,25.105808802857144,16.210342937142855
1035,4.214234290428572,7.941645732142857,19.63160294857143,5.238928571428572,2.6903542624285715,24.955697285714287,16.277928615714284
1036,4.214234290428572,7.957534282714285,19.69515737714286,5.205017112999999,2.7048199884285715,24.888822871428573,16.40432575714286
1037,4.207119983285714,8.021088485142856,19.72693447857143,5.280665685714285,2.7121714071428573,24.72211142714286,16.496811327142858
1038,4.171074252428571,7.9575342827142865,19.345846050000002,5.238454263571429,2.6327285692857143,24.57199991,16.151294237142857
1039,4.091631357857143,7.750982842,19.10775469142857,4.968822815,2.5964457127142855,24.63863708571429,16.016359892857142
1040,3.8819970572857145,8.068754250142858,19.31430596285714,5.255291373285714,2.560399996,24.755548521428572,16.395551317142857
1041,3.8385999218571425,8.005199934571428,19.409400254285718,5.297502795571428,2.5677514290000003,25.005734081428574,16.538785624285715
1042,3.8385999218571425,7.862202752714286,19.218974432857145,5.162568536714285,2.5748657219999997,25.305957115714286,16.395551315714286
1043,3.9543256445714285,7.893979854,19.67950572714286,5.171105682857144,2.610911424428571,25.539542974285716,16.55585980142857
1044,4.105859915714285,7.782759886571429,19.695394391428575,5.070082854285714,2.661422852857143,25.873203101428572,16.244254055714283
1045,4.250279936285714,7.814536987714287,19.933722990000003,4.994197099285714,2.6974685552857145,26.190263077142856,16.328676899999998
1046,4.423631380571428,7.893979910428572,20.092371482857143,5.0364085215714285,2.7479799697142857,26.490485885714286,16.404562768571427
1047,4.625914276571429,7.639762817857145,20.36247740857143,4.850962820142857,2.7840256864285715,26.623997250000002,16.311839959999997
1048,4.914754261285714,7.369657118,20.251494454285712,4.623305724714285,2.8490028124285716,26.674034498571427,15.966322869999999
1049,5.268808554285714,7.401434275857143,20.52136314142857,4.56449429,2.9502628232857147,26.757508614285715,15.949485704285715
1050,5.499785691714286,7.4014342758571425,20.537251805714284,4.4717714815714285,2.993659958714286,26.740908460000004,15.865062859999998
1051,5.680488568857143,7.163105733857143,20.88656313285714,4.30316289,3.015239977714286,26.62399702428571,15.982923025714285
1052,5.853839984857143,6.781780010142858,20.96600599857143,4.067205774285715,3.0586371131428574,26.507085588571424,15.890200218571428
1053,5.969565679142856,6.734114245142857,21.09311463,4.067205774285715,3.0515228341428573,26.273736968571427,15.974385824285715
1054,6.056359949999999,6.988331337714286,21.474203058571426,4.218977199571429,3.0731028248571426,26.223699945714287,16.252554248571432
1055,6.027428526428571,6.988331337714286,21.267651561428572,4.252888601571429,3.0225914105714287,26.140225604285714,16.10101975142857
1056,5.9550999391428565,7.08366275457143,20.950117335714285,4.370748596571429,2.9791942469999997,26.17366292428571,15.92387409857143
1057,5.940634255571429,6.924777078714286,20.378365847142856,4.337074292142857,3.0297056895714283,26.29033734857143,15.266751377142858
1058,5.846725705714285,6.9565541799999995,19.29818006,4.269725711428571,3.0586371131428574,26.49048588857143,14.42418269857143
1059,5.709657118000001,7.274325588142857,18.24977137571429,4.379285714285714,3.0586371131428574,26.607397324285717,13.522565544142855
1060,5.593931423714286,7.242548430428571,16.645499865714285,4.311700036142858,3.058637113142858,26.790708922857142,11.938451298999999
1061,5.492671412857144,7.178994171428572,14.469477037285714,4.345374312285714,3.0804542577142855,26.807308851428576,10.084468508285713
1062,5.449511431285714,7.290214195428571,12.102791417000002,4.3873486087142854,3.1236142674285716,27.04089448428571,7.758571485571427
1063,5.3556028815714285,6.908888528142858,10.27607991542857,4.1345543267142855,3.145194286428572,27.04089448428571,5.963637226714285
1064,5.1896028702857135,6.670559986142857,8.481145628285715,3.8480857542857145,3.094682843857143,26.857582885714287,4.438334313428572
1065,5.1246256877142855,6.511674310285715,7.146979987571429,3.8058743319999997,3.087568536714286,26.607397098571425,3.030891462714286
1066,5.131740023142856,6.464008602,4.049657160571428,4.008157199857143,3.087568536714286,26.490485662857143,-0.27250861000000015
1067,5.204068610285715,6.289234319,2.191405711714286,3.9239714528571428,3.1309656721428576,26.22369994857143,-2.278025813428571
1068,5.290862881,6.289234319000001,0.8095743061428576,3.8734600102857146,3.138079979428572,26.090188584285716,-3.828465867
1069,5.384771430714286,6.384565679285714,0.09482570671428604,3.8566228440000003,3.1309656722857144,25.823402869999995,-4.688108752428572
1070,5.536542884142857,7.067537078428571,-3.0978285931428573,4.463471419,3.1309656722857144,25.489742741428568,-7.848037363571428
1071,5.666497136428572,7.623637028571428,-6.099819945999999,5.061782833857143,3.109148555857143,25.256157108571426,-10.991365831714287
1072,5.7025428954285715,7.703079894714286,-7.465762800857142,5.053482841857144,3.058637141571429,24.939334145714287,-12.280711491000002
1073,5.659145731714285,7.57597132,-7.8311999181428575,4.9185485547142855,2.979194303714286,24.60567424285714,-12.466157106714286
1074,5.521840018428571,7.2264227821428575,-7.084674203428571,4.598405705999999,2.9068657447142856,24.32205136142857,-11.547702758285714
1075,5.348488602571428,6.749765641571429,-7.68843991857143,4.295100009571429,2.8347743114285717,23.988391232857143,-12.044991245428573
1076,5.117274339571429,6.2889971081428575,-7.92676846057143,3.958120022714286,2.7769114641428567,23.70476857714286,-11.75852263057143
1077,4.864480000857143,5.606025709,-6.258942748000001,3.2502485907142855,2.719285742571428,23.571257214285716,-9.988962542571429
1078,4.655082882428572,5.002260050428572,-4.067031383,2.6602371680000005,2.6687743,23.571257214285712,-7.545205496714286
1079,4.532242852571429,4.954594285428572,-3.447614257,2.5843514412857145,2.6543085881428574,23.72136873285714,-6.803422691142857
1080,4.467265726571428,4.748042901285714,-2.1132114052857145,2.441117133857143,2.675888578857143,23.854880095714286,-5.362305571857143
1081,4.423868562857143,5.192922912428571,-3.3999484914285714,2.8371457092857146,2.748217137857143,23.70476857857143,-6.693862688857143
1082,4.438334302857142,5.351808644857143,-1.8115656451428568,2.8539828474285716,2.7697971285714287,23.588094382857143,-5.10951129
1083,4.481731466428571,5.415362960428571,-0.3820685312857141,2.8791199918571424,2.8060799851428575,23.27103418285714,-3.938025604571429
1084,4.510662946571428,5.447140061714285,0.9203200079999999,2.921094274285714,2.827659975857143,23.104322737142855,-2.5727942257142864
1085,4.503311542,5.542471478428571,1.1268714345714286,3.0643285675714287,2.8421256877142858,22.73722551428571,-2.3451371020000003
1086,4.459914406714286,5.606025794,1.3969771485714284,3.013817139,2.849239966714286,22.220017000000002,-2.0335313852857144
1087,4.481731551285714,5.717245761428572,2.1117257055714282,2.904257136142857,2.8565913995714287,21.61957138428571,-1.4859685527142854
1088,4.5106629748571425,5.3518085882857145,4.208542850285714,2.6009514255714286,2.813194264142857,21.26931132857143,0.6798571372857144
1089,4.546708677428572,5.320031430428572,4.891751431714285,2.575577141428571,2.827659975857143,20.818739764285716,1.3286799805714284
1090,4.561174361,5.256477114857143,5.400185730142857,2.685137144285714,2.827659975857143,20.435042614285717,1.8257313847142858
1091,4.575640044571429,5.1929228557142855,6.051617153714285,2.7019742965714286,2.827659975857143,19.850959687142854,2.390368523428571
1092,4.691365738857143,5.097591439,7.195120045428571,2.5924142935714287,2.8492399665714285,19.467262537142858,3.511105654714286
1093,4.864717182999999,4.906928548857143,8.545174293857142,2.592414293571429,2.8637056782857147,19.31715102,4.741402760714286
1094,4.893411424428571,4.589157140571429,9.815785760857143,2.541902865142857,2.7769113932857143,18.933453869999997,6.1234713201428566
1095,4.936808588142858,4.509714302571428,10.371648584999999,2.533365719142857,2.6830028294285713,18.532919779999997,6.645897050714285
1096,5.0956942640000005,4.3508285984285715,11.02284282642857,2.390131432857143,2.625139982285714,18.132622701428573,7.2188341672857135
1097,5.2616942752857145,4.192180048142856,11.721702832999998,2.137337143714286,2.6393685401428573,17.69888853,7.657074178999999
1098,5.413228546571429,4.001754312,12.420562839,1.9521285697142858,2.588857111714286,17.415265648571427,8.19633701942857
1099,5.485319951714286,3.795439996857143,13.071994205714287,1.8005942808571427,2.5528114091428575,17.08160574571429,8.659714217857141
1100,5.53606852,3.668568604428571,13.421542771428573,1.682497139,2.531231418428572,16.664471501428576,8.887371369857142
1101,5.66625995442857,3.6052514428571425,13.70753702142857,1.5141257118571432,2.6251399822857144,16.59759708714286,8.996931344428571
1102,5.810679946714286,3.510157151714286,13.882311304285716,1.4130633271666666,2.6685371177142865,16.547559838571427,9.013768510714286
1103,5.767282839571428,3.3991742817142856,13.882311304285716,1.3658639918000002,2.711934253142857,16.44748557,8.980094291142859
1104,5.774634244142857,3.3197314155714284,13.739314122857142,1.2360519959999998,2.697705695285715,16.297374051428573,8.879071406
1105,5.767519965142857,3.287954286,13.580428391428569,1.1885759963999998,2.7192857001428576,15.930514181428574,8.735837098571428
1106,5.717008579,3.240288577571429,13.342099792857143,1.0823359961999999,2.755331402714286,15.496779897142856,8.558928458428571
1107,5.594168549142857,3.1608457114285717,13.024328441428569,0.9525240004000001,2.7697971145714284,15.22999418285714,8.365182764857144
1108,5.500259999428571,3.113180003,12.72244564,0.9286200016,2.834774269,14.879734125714284,8.196574201571428
1109,5.406351449714285,3.1290685537142857,12.500005592857145,0.9504766674999999,2.8637057067142853,14.696185514285714,8.070177060571428
1110,5.355840007142858,3.192622841,12.27756565857143,0.9743885727142857,2.9142171492857147,14.596111244285712,7.926942753142858
1111,5.290625755428572,3.113179989,12.039237172857142,0.7891800075714286,2.892400004571429,14.46259988142857,7.817382778428572
1112,5.153320042142858,3.2082742801428568,12.198122904285713,0.9241142910000001,2.9502628517142857,14.329088404285715,8.162899981285713
1113,5.088342859571428,3.303368571285714,12.468228717142855,1.016837147,2.914217149142857,14.26245122857143,8.592602903571429
1114,4.994434309857143,3.3828114374285714,12.770111517142857,1.0927228629999999,2.8634685808571434,14.062065564285716,8.971794326857141
1115,4.857128596428572,3.605014274857143,13.357751555714286,1.2361942924285714,2.82742285,13.761842757142857,9.561805735714286
1116,4.785037134857143,4.113211419285714,14.151943091428572,1.5309628747142856,2.82742285,13.428182855714285,10.345562838428572
1117,4.655082825999999,4.462522831428571,14.962022951428569,1.9355285767142856,2.798491398142857,13.127959934285714,11.213505659571428
1118,4.561174219714286,4.986608540571429,15.597328528571426,2.5338399915714285,2.755094262714286,12.944411435714287,11.836954275714286
1119,4.539594257142857,5.272602847571428,16.312077085714286,2.8371457162857143,2.6827657037142854,12.81089996,12.443565612857144
1120,4.489082871,5.733371437571429,16.88382846142857,3.2922228802857143,2.6393685682857138,12.577314327142858,12.999902688571428
1121,4.575640016,5.9555743034285715,17.02658851857143,3.4271571602857143,2.668299991857143,12.210454342857144,13.193648381428572
1122,4.684014305857143,6.003240068428572,17.18547425142857,3.5703914395714285,2.6104371447142856,11.726682922857142,13.488654198571428
1123,4.684014305857143,6.035017226142857,17.32847132,3.798048591428571,2.603085711857143,11.342985772857144,13.766585609999998
1124,4.756105767428571,6.178014407857143,17.487357052857142,3.882234310142857,2.545460004428571,10.975888662857143,13.968868505714285
1125,4.748991488571428,6.082682991,17.884571384285714,3.865397172,2.6106742845714286,10.792577177142856,14.272411298571429
1126,4.741640027428572,6.130348699428572,17.56679992,3.865397172,2.6611856990000002,10.742540042857144,14.070128515714286
1127,4.7271742874285705,6.003240124857143,17.630354122857142,3.7390000027142856,2.668537117714286,10.85921424,13.977405707142859
1128,4.590105699857142,6.114460092285715,18.234119724285716,3.882234296,2.646957112857143,11.109399914285715,14.40710851714286
1129,4.525128517142858,6.464008658285715,18.297673927142856,4.219214325142857,2.639842834,11.493097064285715,14.48275703285714
1130,4.423868534571429,6.559340075142857,18.31356259142857,4.35391143,2.6253771221428575,11.743519862857143,14.508131401428571
1131,4.308379965857143,6.559340075142857,18.13878842142857,4.303400015714286,2.6324914151428573,11.87703134,14.331222874285714
1132,4.257868523142858,6.908888584714286,18.23411995142857,4.573031464142858,2.6396056939999997,12.01030557857143,14.609154287142855
1133,4.250754244285714,7.1154399690000005,18.265897278571426,4.6742914749999995,2.596445712571428,12.027142744285715,14.744088629999998
1134,4.2144713878571425,7.242548543571429,17.94812604,4.665754329,2.6253771504285717,11.910468547142857,14.625991452857145
1135,4.236051406714286,7.512654243285715,17.725686105714285,4.927085757142857,2.632491443428571,11.760357142857144,14.685040154285714
1136,4.221585723285714,7.576208502285715,17.741574542857144,4.901711444714286,2.6324914434285716,11.71032000857143,14.685040154285714
1137,4.329959984857143,7.464988534857143,17.376137312857143,4.623780032428572,2.6253771504285717,11.576808645714285,14.43224576
1138,4.3228456777142865,7.449099927714285,17.471468615714286,4.598405748285714,2.596445726857143,11.760357144285715,14.449082812857142
1139,4.322845677714286,7.2584370940000005,17.201362915714288,4.337074292,2.589331448,11.843831485714286,14.322685671428571
1140,4.30837993757143,7.210771385571428,17.137808487142856,4.311699979571428,2.6109114387142855,11.776957184285717,14.221662787142858
1141,4.344662794,7.2584370940000005,17.280805555714284,4.337074263714286,2.6324914294285713,11.576808532285716,14.263874209999999
1142,4.431457064857143,6.972442843571429,17.20136268857143,4.134791396,2.668774286,11.526771398000003,14.011079814285713
1143,4.496434191,6.765891402857143,17.169585587142855,4.042305656857143,2.668774286,11.493334303714287,13.867845507142858
1144,4.503548469857143,6.797668504142857,17.455579951428568,4.101117091571429,2.7192857144285716,11.72691993657143,13.943731261428571
1145,4.655082769428572,6.718225638000001,17.423802849999998,4.0674427871428565,2.770034282714285,11.643445708,13.89298275
1146,4.7705713947142865,6.622894221285715,17.487357052857142,4.008394226714286,2.7482171380000002,11.610008613714285,13.741448478571428
1147,4.88606002,6.321011363714285,17.61446568428571,3.7302256605714286,2.7482171380000002,11.660045749428573,13.699237055714283
1148,5.001548588714286,5.971462797714286,17.884571384285714,3.5447799591428573,2.7482171380000002,11.77672006,13.834171285714286
1149,5.182014283571428,5.987351348428571,18.250008614285715,3.3761713958571424,2.7482171380000002,11.609771489,13.960568539999999
1150,5.384297179571428,5.764911357000001,18.615445844285713,3.131677134142857,2.7482171380000002,11.292711401142858,14.314622832857141
1151,5.500022930428571,5.447139948714286,18.583668515714287,3.0138171391428576,2.690354290857143,10.692028545285714,14.339759962857142
1152,5.550534373,5.542471422,18.77433135,2.9969800010000003,2.668537146142857,10.241694219142857,14.50006845
1153,5.593931480142857,5.701357154285715,18.853774215714285,3.1992628405714285,2.654071434285714,9.941471297714285,14.432482772857144
1154,5.586817144714286,5.939685752714285,18.933217081428573,3.351034265714286,2.6180257175714283,9.991508432000002,14.289248465714286
1155,5.593931423571429,6.130348586285715,18.472448547142857,3.6206656858571433,2.603560005714286,10.208494136285713,13.783422888571428
1156,5.521602892857142,6.321011476428572,17.93223714714286,3.7975742694285715,2.625139996428571,10.709102608714286,13.46327994142857
1157,5.355365699285715,6.781780009857143,17.630354345714288,4.244114245,2.646719987142857,11.176274100857142,13.235622789999999
1158,5.290388516714287,7.0201085518571436,17.439691512857145,4.3619742399999994,2.6830028435714284,11.793556996714287,12.856431367142859
1159,5.247228478714286,6.734114244857143,16.391283054285715,4.294625687571428,2.733514258,12.327365551428572,11.727157117571428
1160,5.182251352571429,6.495785646285715,15.247543065714286,4.008157129285714,2.7913771052857146,12.761099837142856,10.682305712571429
1161,5.174899948000001,6.273345655,13.945154469999997,3.8480857120000005,2.8418885337142856,12.711062702857143,9.578405719142856
1162,5.138854245571428,6.050905663571428,13.262183014285712,3.603828576,2.877934236285714,12.66102556857143,8.938119937714285
1163,5.131739966571429,5.749022805999999,12.753985728571426,3.384708556,2.8634685244285714,12.744499911428571,8.440831450285714
1164,5.2329999774285705,5.22470001342857,12.340882734285712,2.912794296285714,2.8708199572857143,13.211671402857144,7.640474307428572
1165,5.341374267142856,4.922817155857143,11.76913135857143,2.626325723857143,2.863468524428572,13.545331418571427,7.017025748571429
1166,5.478442854857143,4.859262840285714,11.785019908571428,2.5082285607142856,2.841888533714286,13.795517204285714,7.050700081285714
1167,5.579465683571429,4.716265715142858,11.880351324285716,2.4577171321428573,2.805842831142857,14.012503022857143,7.050700081285713
1168,5.637328530714285,4.589157140428571,12.293217080000002,2.474554270285714,2.7913771194285713,14.479674514285714,7.379380061857142
1169,5.637328530714286,4.668600006714286,11.928017089285715,2.280571415714286,2.7626828497142855,14.996646015714287,7.160260055999999
1170,5.543419924571429,4.525602853142858,10.974939990714287,2.162711420714286,2.748217138,15.263431730000002,6.149082864
1171,5.398999932285714,4.446159987000001,10.069765725714287,1.9606657085714283,2.7624456958571426,15.229994410000002,5.516860033142857
1172,5.2256485164285715,4.3508285984285715,9.672551508571429,1.825968563,2.769797128714285,15.263431504285714,5.188179996142857
1173,5.030717081571429,4.255497209857142,9.338891493142857,1.699571429,2.7842628404285716,15.296868598571427,4.893174235285714
1174,4.886297089285714,4.176054371857142,9.084911469999998,1.5563371464285716,2.798728552285714,15.196794328571428,4.699428485285714
1175,4.748991375857143,3.9856286357142854,8.529048532428572,1.396265715,2.8060799851428575,15.046682924285715,4.210677059142857
1176,4.669548509571428,3.858520061,8.544937083142857,1.4889885728571428,2.820545697,14.77989721,4.210677059142857
1177,4.619037066857143,3.906185741142857,9.180242830285712,1.4889885728571433,2.813431418,14.596348598571426,4.766777073
1178,4.590105643285715,4.049182866428572,9.164354279714285,1.5309628605714287,2.806317139,14.21265156142857,4.893174214
1179,4.5538228151428575,4.176291412857144,9.180242829714286,1.648822853857143,2.8134314179999995,13.84555445142857,5.044945667428572
1180,4.532242852571429,4.271622801428572,9.243797145142858,1.7078714212857142,2.8063171391428576,13.712043088571429,5.120831422428572
1181,4.4961971499999995,4.351065639428572,9.243797145142858,1.7666828524285714,2.7989657062857143,13.628568747142856,5.087157146285715
1182,4.510662890142857,4.557379926285714,9.561331484142856,1.7918199967142858,2.813194264142857,13.528494364285717,5.390462842714286
1183,4.496197206714286,4.557379926285714,9.767645742714285,1.7496085674285715,2.798728552285714,13.54509429142857,5.516859983714286
1184,4.503311542285714,4.382842797285714,9.704091427285716,1.7579085665714285,2.7913771194285713,13.344945751428572,5.601282828285714
1185,4.5177772822857145,4.144751380857143,10.005737215714285,1.7073971364285716,2.762445695857143,13.311508657142857,5.8794514227142844
1186,4.554060110428571,3.906659964428571,10.132845734285715,1.5726999997142859,2.7553314168571426,13.244871481428573,6.0731971161428575
1187,4.604571496571428,3.8431057054285716,10.418839984285714,1.589537137857143,2.740865705,13.07792291,6.444088575571429
1188,4.705594381714286,3.7795514181428578,10.879371391714285,1.5558628474285712,2.733751426,12.927811392857146,6.974814326428572
1189,4.669548622571428,3.605014289,11.133588541714285,1.5558628474285714,2.632728583142857,12.77769998857143,7.43819146842857
1190,4.684014306000001,3.4463657105714285,11.387805690285715,1.5138885578571428,2.5459342982857143,12.577551450000001,7.825920037571429
1191,4.741877153142857,3.3987000021428573,11.800908571428574,1.5560999871428571,2.488071437,12.310765735714286,8.255622846714285
1192,4.770571394571428,3.351034293714285,12.118679922857144,1.5477999861428573,2.423094296714286,12.094017157142858,8.491580018999999
1193,4.784799952428571,3.2080371544285713,12.341119969999998,1.4633771311428572,2.379697147142857,11.776957182857144,8.643114290285713
1194,4.741402845285714,2.954057159142857,12.325231419999998,1.2864685651428573,2.3073685739999994,11.209948547714287,8.668251420428572
1195,4.647494239000001,2.715965742714286,12.24578866714286,1.1686085665714285,2.227925707857143,10.57606572357143,8.659951343571429
1196,4.661959979142858,2.5888571681428574,12.214011452857145,1.0422114238571427,2.227925707857143,10.225568655428573,8.533554202571429
1197,4.647494295714286,2.4617485935714285,12.15045713857143,0.9577885688571427,2.2352771265714284,10.058857209714287,8.449131358142855
1198,4.604097132,2.3981943204285714,12.007459957142856,0.8060171420000001,2.2352771265714284,10.10889434542857,8.272222830999999
1199,4.5464714104285715,2.318751454285714,11.769131358571428,0.7638057127142857,2.2281628335714285,10.208968614,8.120451321
1200,4.459914293571428,2.2869743105714284,11.483137108571428,0.7723428517142857,2.184765698285714,10.475991453999999,7.943542793857143
1201,4.394937139142857,2.2234200232857146,11.276585724285713,0.738668565,2.1776514052857143,10.959762873428572,7.8088456324285715
1202,4.315494301285714,2.1598657360000004,11.038257125714283,0.713294280857143,2.1631856934285714,11.493571427571428,7.648774271714286
1203,4.236051435142857,2.080422876857143,10.75226287457143,0.6627828541428571,2.1487199817142857,11.810631402857142,7.463328598571429
1204,4.135028549857142,1.985091446,10.418602858428573,0.5871342848571428,2.141368563,11.893868507142857,7.261045759
1205,4.026654260142857,1.8579828714285713,10.085179968857144,0.528322859,2.1197885722857146,11.943905641428572,7.041925753142857
1206,3.9253942775714283,1.7785400194285714,9.76764574314286,0.46927428814285715,2.1197885722857146,11.927305601428573,6.814505783571429
1207,3.853065690285714,1.7600033523333334,9.481888505285715,0.30920286371428574,2.1197885722857146,11.927305601428571,6.629060053857144
1208,3.7446914005714285,1.7970766866666665,9.291462684285715,0.3511771514285715,2.1053228604285716,11.943905642857143,6.502662912857143
1209,3.6652485344285717,1.8712233551666664,9.037482660857142,0.3175028647142857,2.112437153571429,11.960505684285716,6.342354313285715
1210,3.563988551714286,1.9268333566666669,8.974165471000001,0.3092028655714286,2.097971441714286,11.943905642857144,6.308679980571428
1211,3.5855685424285713,2.0009800251666667,9.00594268542857,0.24161715214285714,2.0908571485714287,11.927305714285717,6.224494261857143
1212,3.5855685424285713,2.2419566895,9.212257056428571,0.3763142922857143,2.0908571485714287,11.87726858,6.477288600571428
1213,3.614499966,2.538543347,9.609234149285713,0.5532228617142857,2.0908571485714287,11.793794351428572,6.789131414714285
1214,3.6363171107142853,2.684188585142857,10.149208422857143,0.8479914332857142,2.0908571485714287,11.69372008142857,7.134648618285715
1215,3.7012942367142854,3.001722881714286,10.911622745285714,1.0502742887142857,2.1124371534285715,11.627082905714285,7.850819985285715
1216,3.7518056509999993,3.3828114515714285,11.721702718714287,1.4211657127142858,2.1124371534285715,11.510408594285716,8.617740034142857
1217,3.7952027864285713,3.6526800115714293,12.452339939714287,1.6907971400000001,2.1269028652857145,11.426934365714287,9.291937218714285
1218,3.7736227957142856,3.986102858857143,12.88133137142857,2.053151425,2.1340171584285716,11.443534294285715,9.864874391428572
1219,3.737577093142857,4.128862858428572,13.230879938571428,2.162711428,2.1340171584285716,11.493571428571428,10.050320008
1220,3.679714246,4.128862858428571,13.389765670000001,2.2722714238571426,2.1195514465714287,11.52700852142857,10.353625789428573
1221,3.621851398857143,4.2080685707142855,13.453319985714286,2.2891085619999996,2.1195514465714287,11.410097085714284,10.589582904714288
1222,3.5929199752857137,4.128625704571428,13.24676860142857,2.314482846,2.105085734857143,10.992962841285715,10.404137289000001
1223,3.542408561,3.8746457092857143,12.897220035714286,2.2049228571428574,2.097971441714286,10.575828597857141,10.092294418285716
1224,3.513477137428571,3.954088547142857,12.674779987142857,2.2468971395714283,2.083505729857143,10.142094313000001,9.974434365428573
1225,3.4411485784285714,3.700108551857143,12.45233994,2.0868257081428574,2.054574292142857,9.808434410142857,9.797525725571429
1226,3.3977514429999998,3.700108551857143,12.46822849,2.0277771335714285,2.0329942872857143,9.441337300857143,9.831200058285715
1227,3.3617057404285715,3.7952028430000007,12.43645138857143,2.086825708142857,2.0185285755714286,9.240951637,9.738477136714286
1228,3.3256600095714286,3.747537134571428,12.341119971428572,2.162711427857143,1.9969485707142858,9.074240192714287,9.645991341428571
1229,3.2535685762857147,3.7001085518571424,12.261677104285715,2.053151432,1.9753685658571427,9.12427732742857,9.578642675571428
1230,3.217522845428572,3.8110913937142854,12.198122788571428,1.9941028575714286,1.960902854142857,8.974165866714285,9.494456956857144
1231,3.2175228454285714,3.747537134714286,11.95979419,1.9521285751428574,1.960902854142857,8.690542985999999,9.233125586
1232,3.231988557285714,3.9379628427142856,12.182234237142856,2.1712485668571433,1.97536858,8.190171525714286,9.393197059857142
1233,3.2464542691428564,3.985628551142857,12.023348504285716,2.2556714255714287,1.989834291714286,7.789874391428571,9.536431366714286
1234,3.253805702,3.763425699571428,11.816797007142858,2.1039000002857144,1.9969485847142856,7.356140050142858,9.342685673142856
1235,3.311431423571429,3.826979986857143,11.991571291428572,2.112437146285714,2.040108580285714,7.039080075428571,9.485919979857144
1236,3.3619428661428574,4.0015171441428565,11.99157129142857,2.221997142142857,2.061688585142857,6.722020044285714,9.645991454285715
1237,3.4558514441428563,3.9697400145714283,12.341119857142857,2.196622850857143,2.0977343017142855,6.822094370285714,9.881948569428571
1238,3.542645715,3.9220743061428567,12.59533700714286,2.204922842857143,2.1337800042857142,6.822094370285714,10.075694262857143
1239,3.6510200047142853,3.9538514638571423,12.738334075714286,2.0785257018571426,2.162711427857143,6.822094370285714,10.05885709642857
1240,3.7738600062857146,3.779314334714286,12.86544270714286,1.8845428438571428,2.1842914327142857,6.655145799714285,9.848037111428571
1241,3.939860017714286,3.874645765571429,13.008439888571429,1.749845700142857,2.2061085632857145,6.454997260714286,9.864874277857142
1242,4.077165731,3.7477743167142856,13.040216988571428,1.6402856937142858,2.1989942842857144,6.187974420857143,9.721639971142858
1243,4.236051463428572,3.620665742142857,13.38952843,1.5558628422857144,2.206345703,5.987825881857143,9.654291418285714
1244,4.337074320285714,3.4779057425714277,13.198865597142857,1.522188559,2.1918799912857145,5.637565825714285,9.654291418285714
1245,4.546471495142858,3.414588581,13.611731352857145,1.319905709,2.191879991285714,5.520891515571429,9.814362891428573
1246,4.72693719,3.4145885810000003,14.247037157142858,1.4040914278571428,2.1774142795714284,5.454254340142858,10.311651492428572
1247,4.950800020285714,3.4937942932857142,14.723457115714288,1.4294657137142859,2.206345703142857,5.47109145,10.53930864457143
1248,5.066525714571428,3.5573485805714284,14.961785714285716,1.5727000035714287,2.2205742751428574,5.487928559857143,10.682542952
1249,5.189365744428572,3.7636628674285713,15.311097155714284,1.6905600021428573,2.2784371365714287,5.721514249285714,10.876288758714285
1250,5.312205717714286,3.8431057335714294,15.422317122857143,1.6822600030000001,2.3578800027142854,6.071774248857143,11.00268590014286
1251,5.391648584000001,4.065308599285715,15.628868620000002,1.7581457155714286,2.4157428498571427,6.455471398999999,10.943637311999998
1252,5.3193199967142855,4.144514339714286,15.422554361428572,1.9521285735714284,2.4664914322857143,6.572145709142857,10.901663016285715
1253,5.218297168142856,4.239845784857143,14.803137221428573,2.0702257224285714,2.502537148857143,6.5218714488571425,10.311651607
1254,5.088342915857143,4.382842910142857,14.29494004857143,2.2471342865714283,2.495185730142857,6.5550714737142854,10.016645902428573
1255,5.059411492285713,4.541491460428571,14.247274284285714,2.323019999142857,2.5385828795714285,6.7383829028571425,9.890248761428571
1256,5.0378314732857135,4.5732686181428575,13.802631427142858,2.331557145142857,2.5456971584285712,6.688345768142857,9.58694298
1257,4.987320030714286,4.525602881571428,13.405654334285714,2.3061828538571425,2.5383457255714283,6.4881971728571415,9.072817212571428
1258,5.016251454285714,4.652711456285715,13.310322917142855,2.415742856857143,2.559925730428571,6.3878857212857145,8.719000101857143
1259,5.088580041571428,4.843374318285714,13.23088005,2.432579994857143,2.552574297428571,6.688108529571428,8.440831450571428
1260,5.2763971409999995,4.7957085532857135,13.532525725714285,2.2556714254285715,2.595971432857143,7.338828519571429,8.542091461428571
1261,5.478679980571429,4.637060003,13.754965774285713,2.3569314221428574,2.632254289428571,7.839437049000002,8.718999988571428
1262,5.6157485682857144,4.557617165,13.69141157142857,2.424279988714286,2.632254289428571,8.239971308857143,8.617977103285714
1263,5.651794270857143,4.4146200115714285,13.214754486857142,2.398905704571429,2.6177885775714285,8.523594132857143,8.137525725857142
1264,5.622862847285714,4.478174298857143,12.611225897571428,2.6348628557142857,2.574391442142857,8.723742728142858,7.775171469142857
1265,5.557885721142857,4.303399987571429,12.07125151085714,2.4999285685714283,2.559925730285714,8.824054179714285,7.412817155857142
1266,5.463977115,3.985865676714286,11.261171537714285,2.263971428142857,2.559925730285714,8.824054179714285,6.881854335857143
1267,5.261694275428572,3.731885709714286,10.085891516142857,2.036314279714286,2.5309943067142853,8.640505568428571,6.022211450428571
1268,4.994434253142857,3.620665714142857,9.196368675857144,1.7076342885714286,2.5165285807142856,8.773779919857143,5.348251448571429
1269,4.7634570591428576,3.3507971399999996,8.418065747142858,1.4885142932857143,2.502062869,8.990528499428573,4.834125738428571
1270,4.626151345714287,3.223925719285714,7.893980023714286,1.3538171477142857,2.494948576,9.524337053857142,4.412722850571429
1271,4.524891363142858,2.922280015571428,7.893980023714286,1.0673485717142857,2.5167657065714293,10.158457002714288,4.404422830285715
1272,4.474379920571429,2.7318543075714286,7.321991522857142,1.0253742858571429,2.516765706571429,10.608791328285715,3.9493457015714286
1273,4.438334218,2.700077178,7.2743257578571425,1.1432342844285712,2.524117139571429,10.942451344142857,3.974720014
1274,4.431219939142857,2.827185752571428,7.417322882999999,1.2613314264285713,2.5459342842857144,11.209474184285714,4.236051413857142
1275,4.445685679285714,2.9699457519999997,7.147217126571428,1.387728571,2.5530485772857143,11.192874142857145,3.9325085635714285
1276,4.445685679285714,3.0335000392857134,7.337880016714286,1.37942857,2.560399996,11.092799872857142,4.101117126857143
1277,4.438571400428571,3.097054326571428,7.973185707571427,1.4045657125714288,2.5748657219999997,10.759139970428572,4.665754265571429
1278,4.460388516714285,3.271828609571428,8.084168549428572,1.4382399992857144,2.567514303285715,10.442079996142857,4.859500015571428
1279,4.424105660285714,3.3989371841428566,8.70358568957143,1.3369799990000002,2.5530485915714287,10.158457115428572,5.5505343165714285
1280,4.409639920142857,3.335382896857143,8.925788498714287,1.2274200014285714,2.531231446857143,9.774759964857143,5.617882869000001
1281,4.387822775428572,3.224162901285714,9.021119915571429,1.2693942872857142,2.4878342972857146,9.507737124714286,5.592508613142857
1282,4.373357035285714,3.2241629012857147,9.592871348000001,1.345280007,2.4662542924285717,9.40766285542857,6.114934343714286
1283,4.394937054285714,3.3987000304285715,9.862739922285714,1.4968142907142854,2.4444371618571425,9.357625721142856,6.359191479714285
1284,4.445448496857144,3.4302400342857142,9.97395988942857,1.6063742937142858,2.4010400122857143,9.25755133857143,6.502425787142857
1285,4.546471382142857,3.4617800381428565,10.355285556857142,1.6907971452857142,2.3721085745714285,9.023965592714287,6.738382902857142
1286,4.705357086142858,3.4617800381428565,10.990828372857143,1.8508685767142856,2.343177136857143,8.90729128257143,7.176622858
1287,4.914754261142858,3.620665742285714,11.864462661857145,1.9604285742857144,2.336062843714285,9.074239853142858,7.876194297285714
1288,5.117037100714286,3.509445732428571,12.690194174285713,1.7415457152857141,2.3505285554285713,9.29122555842857,8.567228591428572
1289,5.297502852142856,3.3825742835714285,13.30984844,1.5814742802857145,2.357642848571428,9.491374097714285,9.005468546571427
1290,5.420342882,3.1603714319999994,13.548177038571428,1.3623542814285714,2.3794599791428572,9.524811192,9.148702854000001
1291,5.499785748142856,2.9699457099999997,13.770617087142858,1.1600714207142857,2.393925690857143,9.741797009857143,9.275099995000001
1292,5.528717171714286,2.7636314231428574,13.786505637142856,0.9660885662857144,2.4083914167142852,10.025419889999998,9.25826282857143
1293,5.500022873857143,2.5729685612857147,13.500511387142856,0.8145542772857143,2.4083914167142852,10.275605563714285,9.013768623428572
1294,5.413465728714285,2.398194278285714,13.02409142857143,0.6798571371428571,2.3865742721428567,10.525791350857144,8.600902868142857
1295,5.326908583571429,2.4299714218571427,12.595337121428571,0.7640428524285714,2.3865742721428567,10.70933996142857,8.230248534285714
1296,5.247465717428573,2.318751426142857,12.182234240000001,0.7049942815714285,2.372108560285714,10.80941423,7.910105699857143
1297,5.189602813714286,2.286974282428571,12.023348507142856,0.6966942824285713,2.3502914297142854,10.876051405714287,7.775408538571429
1298,5.1390913711428565,2.2551971387142857,11.816797122857142,0.6883942832857143,2.3574057228571426,10.94268846857143,7.640711377285714
1299,5.074114244999999,2.2393085598571427,11.610245738571427,0.6883942832857143,2.3574057228571426,11.076199945714288,7.506014272428571
1300,4.980205695285713,2.1916428514285715,11.34014003857143,0.6378828584285714,2.3502914438571425,11.242911390000002,7.320568486285714
1301,4.8573656654285715,2.128088571142857,11.02236857442857,0.5956714291428572,2.343177164857143,11.34298565857143,7.151959923
1302,4.7271742592857136,1.8103171347142857,10.720485660285716,0.266991431,2.3213600202857143,11.426222762857142,6.9916513799999995
1303,4.5972199787142864,1.5719885644285712,10.513934276,-0.011177149428571445,2.306894294428571,11.609771374285714,6.898928515142856
1304,4.467265726428572,1.7626514262857143,10.720485660285714,0.10668285257142854,2.2924285685714283,11.876794214285713,7.261282828428571
1305,4.286562849428571,1.969202867,11.054145561714288,0.23307999357142856,2.2492685588571426,12.126980001428572,7.606799975285713
1306,4.142142828857144,2.1914057327142857,11.435471228857143,0.41852570200000005,2.2276885539999998,12.260491364285713,8.120688503857142
1307,4.069814269857143,2.7949343222857146,12.340882733142857,0.907277121,2.2421542658571427,12.427439935714286,9.106728558428571
1308,4.026417162714286,3.3349086174285714,13.421068520142857,1.3118428494285712,2.242154265857143,12.627588474285714,10.185254239857143
1309,3.990371460142857,4.113211489857143,14.564808508571428,1.893317140285714,2.2421542658571427,12.94464856142857,11.247179936714286
1310,3.9469742964285714,4.812071467857143,15.915099994285713,2.584351434142857,2.235039986857143,13.1447971,12.536525659857144
1311,3.9253942775714283,5.145494329285714,16.613960001428573,2.997217168857143,2.227925707857143,13.34494575142857,13.328582838857143
1312,3.9109285657142854,5.685468603285714,17.614465797142856,3.6038286041428576,2.213459996,13.545331528571428,14.373434299999998
1313,3.8891114209999995,6.066794327142857,18.488100199999998,4.016694331714286,2.1918799911428573,13.74548018142857,15.308963024285713
1314,3.816782833714285,6.082682877714285,18.67876303285714,3.974482909428571,2.1558342744285715,13.929028792857142,15.59543163857143
1315,3.7084085439999996,6.178014294571429,18.837648764285714,4.151391493,2.126902850857143,14.012503135714285,15.89897465857143
1316,3.592919947,6.432231443857143,18.85353742857143,4.581094358714286,2.0763914224285718,14.045940342857142,16.15176894
1317,3.491897090142857,6.750002908714285,18.74231746142857,4.774840080428572,2.0329942730000004,13.929266032857143,16.32867758
1318,3.3906371074285713,6.797668617142857,19.060088925714286,4.876100034857143,1.9895971235714287,13.879228898571428,16.590009064285713
1319,3.3185456741428574,6.861222876142857,18.94910597,5.019334342285715,1.9677799790000001,13.812354484285715,16.598546267142858
1320,3.2609199808571434,6.845334269,18.742554472857144,4.977360045857142,1.9533142672857144,13.728880141428572,16.387726055714285
1321,3.2177599711428577,6.861222819714286,18.901440205714284,5.145968637428571,1.9388485555714285,13.595368664285715,16.573171672857143
1322,3.1888285475714286,6.940665685857143,18.99677151,5.255528612142856,1.9172685507142855,13.495294281428572,16.623682945714286
1323,3.1743628357142852,6.829445661857143,19.044437275714284,5.154505726999999,1.9172685507142855,13.328345597142858,16.648820075714287
1324,3.1598971238571427,6.734114245,19.060325712857143,5.1462057067142855,1.917268550714286,13.378382845714286,16.45507426857143
1325,3.1527828167142857,6.908888527999999,18.90143998,5.188417185428571,1.9101542717142856,13.394982772857144,16.429699900000003
1326,3.1454314121428575,6.797668560571428,18.71077714714286,5.053720024,1.9101542717142856,13.344945638571428,16.404325531428572
1327,3.1164999602857146,6.559340018428571,18.440671447142854,4.927322882857142,1.9101542717142856,13.394982774285713,16.17690561857143
1328,3.1020342484285712,6.686448593,18.567779851428572,4.935622846714287,1.895688559857143,13.445019908571428,16.244254284285713
1329,3.1093856530000004,6.734114301428571,18.679000045714286,4.986134289285714,1.895688559857143,13.47821999,16.412625721428572
1330,3.116499960285714,6.781780009857142,18.48833721142857,5.036645731857143,1.895688559857143,13.46161995,16.412625721428572
1331,3.1380799792857146,6.765891402714286,18.15467731,5.044945752142858,1.9319714162857142,13.344708514285713,16.27769137857143
1332,3.174125710142857,6.654671378714285,18.29767437857143,5.112294304571429,1.9753685517142858,13.294671379999999,16.37041418714286
1333,3.2319885572857143,6.527562804142858,18.361228807142858,4.884637152714285,2.0116514081428574,13.294671379999999,16.21864267714286
1334,3.333011414285714,6.908888528,18.853774441428573,5.0866828665714285,2.047697124714286,13.261234285714284,16.656882801428573
1335,3.4558514160000002,7.004219944714286,18.99653449857143,5.229917174,2.0766285482857145,13.261234285714284,16.86770278714286
1336,3.585805724714286,7.083662810999999,18.980645834285713,5.120357142857143,2.1055599718571427,13.21119715142857,16.75838005142857
1337,3.7736228807142855,7.051885653142857,19.330194400000003,5.069845700285714,2.1273771164285713,13.177760057142857,16.834265694285712
1338,3.9832571531428576,7.131328519285715,20.20382868857143,5.0024971478571425,2.1273771164285713,13.144559975714285,17.37376583
1339,4.163960001857142,7.163105677142857,20.616694444285713,4.808751397857144,2.1129114045714283,13.09452284,17.500162971428573
1340,4.402288600428571,6.972442843571429,20.72791441142857,4.598168538,2.098445692714286,13.09452284,17.466488864285715
1341,4.6261514588571435,6.972442843571429,21.093114402857143,4.589868517714286,2.098445692714286,13.011285624285716,17.786631585714286
1342,4.842662912714286,6.861222876142857,21.490328732857144,4.531057111285714,2.1200256975714287,12.877774261428572,17.887654357142857
1343,5.001548645142857,6.940665742285715,21.887305824285715,4.590105699857142,2.1344914094285716,12.827737125714284,18.11507427
1344,5.109922934857144,6.956554349428572,21.68075432714286,4.539594257285715,2.1776514191428573,12.76109995,17.71074583
1345,5.167548656428571,6.734114358,20.69590007,4.623779919571428,2.2136971357142854,12.77769999,16.741542884285714
1346,5.239640118,6.7817800664285715,19.329957272857143,4.682591382428571,2.300254280857143,12.76109995,15.376311462285715
1347,5.275685820571428,7.051885766142858,18.53576573714286,4.994434253142857,2.4157428495714286,12.711062814285714,14.558879914142858
1348,5.174662992,6.988331450571429,17.10626862285714,4.851200002142858,2.480719989857143,12.827737124285715,13.109462774428573
1349,5.080754385714286,6.9088885844285715,15.422554360000001,4.682591410571428,2.560162842,12.911211352857142,11.381877096714287
1350,5.001311519571429,6.575228568999999,13.91361438,4.396122852285714,2.6322542752857143,13.011285622857143,9.949297123
1351,4.921868653428571,6.543451411285715,12.404674343428571,4.303400015714286,2.6756514107142864,13.144559974285713,8.491342808
1352,4.907402913285715,6.813557111142858,10.419314249857146,4.379285770714286,2.7116971274285717,13.194597108571429,6.418239983428571
1353,4.8929371732857145,6.845334268857143,9.275574203714285,4.446871505428573,2.719048560285714,13.21119714857143,5.339714285
1354,4.820845711714285,6.988331394142857,8.115945663571429,4.430034339,2.697468569571428,13.261234284285715,4.185302877571429
1355,4.972617108571428,7.099551418142857,7.6554142561428575,4.539594313714287,2.7263999931428566,13.244634242857144,3.3593343248571435
1356,5.160434264571428,7.210771442142857,7.131328533,4.682828592857143,2.7479799838571424,13.378145720000001,2.8115343101428576
1357,5.377182844142857,7.3855457251428565,6.877111384428572,4.893411452714285,2.769797128571429,13.445020021428572,2.263734267142857
1358,5.6660228287142855,7.576208558714286,6.861222833857143,5.103994340857143,2.7987285521428578,13.595368664285713,1.9518914105714285
1359,5.774397118571429,7.210771442142857,6.210028578428571,4.76701434,2.8347742547142856,13.828954297142857,1.244020007
1360,5.796214263142857,6.734114301571428,4.796420015142859,4.463471461428571,2.8129571099999997,14.045940002857142,-0.3149570901428572
1361,5.781748579571428,6.178014322999999,2.8746142791428575,4.084280052428571,2.7984913982857145,14.2294885,-2.2277514002857144
1362,5.608397163714286,5.828465756999999,0.4284856941428572,3.7302257735714286,2.755094262857143,14.463074359999998,-4.384802846428571
1363,5.391885766285715,5.447140033142857,-0.9694715007142858,3.3173600601428572,2.6901171367142855,14.546311462857142,-5.732959947428571
1364,5.1462057631428575,5.002260022142856,-2.2083057668571424,2.971842899142857,2.6611857131428573,14.662985659999999,-6.550391354142858
1365,4.792388624142857,4.414382914142857,-3.4473772011428565,2.3989057330000003,2.610674284714286,14.71302268142857,-7.443471347714286
1366,4.5756400728571425,4.239608602857143,-3.8445915321428563,2.255671439714286,2.545697158571429,14.84653427142857,-7.603542821571429
1367,4.4165172148571425,4.287274311285715,-4.209791466571429,2.162948574857143,2.5456971585714285,14.94660854142857,-7.788988551142857
1368,4.322608636857143,4.382605699857143,-3.558597168714286,2.1544114288571428,2.5383457255714283,14.996645789999999,-7.115028549571428
1369,4.271860068571429,4.350828542,-2.907402814142858,2.2808085841428567,2.5238800138571427,15.129919914285713,-6.415694292142857
1370,4.170600029428571,4.382605699857143,-3.081939971571429,2.3649942887142856,2.5167657207142855,15.313468525714287,-6.542091433142858
1371,4.105622875,4.446159987142857,-3.5427085474285716,2.4325800091428573,2.4878342828571425,15.58049147857143,-7.106491432
1372,4.033294287714285,4.541491404,-4.146237108714286,2.617788577857143,2.444437147428571,15.763802851428574,-7.561568610142857
1373,3.982782844999999,4.589157140571428,-3.987351376285715,2.659762860285714,2.4517885661428567,15.913914142857143,-7.342448547714286
1374,3.946737114142856,4.859262840428571,-4.892762766714286,2.8115342854285714,2.4302085612857143,16.08062558714286,-8.202091517714285
1375,3.9393856812857138,4.875151447571429,-4.384565601,2.937931412285714,2.408628556428571,16.347648314285717,-7.603780088714286
1376,3.9683171048571424,4.652948581857143,-4.019365638428571,2.6936742620000005,2.4449114128571425,16.431122655714287,-7.275100051714285
1377,4.018828547571428,4.557617136714286,-3.4476141854285713,2.5841142732857145,2.4449114128571425,16.531196924285716,-7.3467567735
1378,4.076691366428571,4.446634294857143,-2.3674284835714277,2.5082285607142856,2.459377124714286,16.564396778571428,-6.511223445333333
1379,4.199531368,4.303874295285714,-0.8902656611428565,2.4157428497142854,2.4883085482857146,16.714745308571427,-4.6630900935
1380,4.271859927,4.177002846428571,0.6186743189999999,2.314719992857143,2.4664914177142854,16.764782555714284,-2.834323488833333
1381,4.401814207571428,3.7482485681428566,3.8589942138571423,2.0365514265714286,2.459139999,16.91489407285714,0.9114665861666668
1382,4.517539902000001,3.5578228319999994,5.320268492142858,1.8679428704285714,2.4230942824285715,17.01496856857143,2.5139199348333334
1383,4.654845615428572,3.526045702428571,7.289977034571429,1.8679428704285712,2.336299997571429,17.181917252857144,4.686583313666667
1384,4.813731319428571,3.303842836714286,8.989579939857142,1.7247085824285715,2.300254281,17.39890295857143,5.255528527428572
1385,4.9221056092857145,3.1449571185714285,9.926768544285716,1.5646371474285716,2.2352771407142855,17.565851642857147,6.435314219
1386,5.030479899142857,2.811297124428571,11.070508533142858,1.3118428582857145,2.213459996142857,17.649088971428576,7.202234211285715
1387,5.167548486857143,2.668299985142857,12.071251397714287,1.1854457118571429,2.184765698285714,17.732563314285716,7.926942809571429
1388,5.254342814142857,2.5253028598571428,12.69066853857143,1.0675857115714287,2.1487199817142857,17.68252606714286,8.373719967428572
1389,5.3193199967142855,2.3823057345714287,13.024328554285715,0.9243514235714285,2.141368563,17.599051724285715,8.635051452
1390,5.3193199967142855,2.2393085811428572,13.024328554285713,0.8230914251428573,2.1487199817142857,17.415503112857145,8.643588541428572
1391,5.305091438857143,2.1757542938571426,12.99255134,0.7894171382857144,2.141368563,17.18191748,8.635051452
1392,5.290625755285714,2.1280885712857143,12.976662790000002,0.747205709,2.155834274857143,16.981768941428566,8.643351529
1393,5.247228591571428,2.286974282428571,12.897219924285713,0.8313914242857142,2.141605702857143,16.78162040285714,8.634814439571429
1394,5.204068610142857,2.2710857175714283,12.72244564,0.8145542808571428,2.1703000007142856,16.51459745,8.533554428714286
1395,5.110160004,2.318751426,12.468228490000001,0.8228542818571428,2.206345717285714,16.397923252857144,8.390320121285715
1396,5.023365676714286,2.3505285697142857,12.214011341428574,0.8396914252857144,2.227925708,16.297848984285714,8.22171150142857
1397,4.936808531571429,2.3981942922857145,11.94390564142857,0.8396914252857143,2.2566200058571426,16.281011817142854,8.019428662000001
1398,4.828434241857143,2.3346400120000004,11.64202284,0.5700600104285714,2.3000171411428565,16.21413740285714,7.808845802142858
1399,4.720059952142857,2.3028628682857146,11.451359892857143,0.49417429428571424,2.3287114389999997,16.164100154285713,7.775171469285714
1400,4.590105699857142,2.5409543128571426,11.800908571428574,0.6710828602857143,2.3358257319999995,16.180700081428572,8.247085701
1401,4.423868534571429,2.810822887,12.182234238571429,0.8565285722857142,2.307131434142857,16.214137174285714,8.677025636285716
1402,4.286562821142857,2.8902657531428573,12.579448569999998,1.0082999938571429,2.2784371362857145,16.030588562857144,9.123565611571427
1403,4.142142828857143,3.334908596142857,13.43719430857143,1.4719142861428571,2.264208564285714,15.847039951428568,10.092768500285715
1404,4.040882846285714,3.9861028798571425,14.660377162857142,1.9186914174285714,2.221048554571429,15.630291258571429,11.356739966857143
1405,3.954088547142857,4.764405717142857,15.788228601428571,2.7780970922857144,2.170537126142857,15.497017134285713,12.738571316142856
1406,3.8962256715714285,5.367934292571428,16.91608004,3.426919935714286,2.170537126142857,15.296868595714285,13.859308418571429
1407,3.910691383428571,6.035254238571428,17.78947709142857,4.050605648857142,2.206582842857143,15.063519975714286,14.761162811428571
1408,3.939622835285714,6.623131374857144,18.472448547142857,4.573031351142857,2.264208564285714,14.84653427142857,15.586894322857145
1409,3.9614399799999993,7.32199140957143,19.29841707142857,5.053482813428571,2.3002542808571427,14.779897095714285,16.319902912857142
1410,3.9469742681428572,7.639762817714286,19.60029987142857,5.154505670285714,2.3144828528571426,14.74646000142857,16.496811552857142
1411,3.918042816285714,7.814537100714285,19.504968568571428,5.449274248857143,2.364994281285714,14.713022908571427,16.589534361428573
1412,3.9325085564285707,7.719205683857143,19.42552570285714,5.365088586571429,2.429971421571428,14.679585587142856,16.378951614285715
1413,3.910928565714286,8.100531407714287,19.71128282714286,5.483185763714286,2.4373228402857143,14.679585587142856,16.673957432857144
1414,3.8604171231428572,7.989311440285716,19.63207719857143,5.390462898857143,2.451788552,14.59611135857143,16.581234397142854
1415,3.8170199595714283,8.005199991000001,19.48908013,5.289202888,2.444674259,14.562911502857144,16.46313722
1416,3.795202814857143,7.862202809142857,19.04420026,5.162805690428572,2.459139970857143,14.49603720142857,16.31160295
1417,3.8170199595714283,7.862202809142857,19.091866025714285,5.306039941428572,2.5098885532857147,14.179214240000002,16.539260101428575
1418,3.8533028160000007,7.94164567542857,19.187197328571425,5.297739921142857,2.5459342700000005,14.062540042857142,16.547560065714286
1419,3.874882806714286,8.243528589571428,19.25075153142857,5.424137062285714,2.574865707714286,13.962465887142857,16.766680015714286
1420,3.8964627974285713,7.909868574142857,18.837885775714287,5.3397141612857135,2.6109114244285716,13.912428865714286,16.36211422285714
1421,3.939622807142857,7.925757124714286,18.583668514285712,5.272365608857142,2.632728569142857,13.912428865714286,15.99975996714286
1422,3.9614399518571424,7.814537157285715,18.536002749999998,5.247228478714285,2.6543085740000003,13.962465887142857,15.822851327142859
1423,3.9687913847142857,7.814537157285714,18.94910551857143,5.289202775285714,2.6687743000000004,13.995903094285714,16.00829717
1424,4.004837115428571,7.830425708,19.028311145714287,5.238691389142858,2.6832400117142856,14.179451705714285,15.949248468571426
1425,3.954088547142857,7.480877142,18.805871211428574,4.9773599892857145,2.654308588142857,14.06254027,15.671317055714285
1426,3.8746456809999996,7.369657061428571,18.885314077142855,5.1037571302857145,2.618025731714286,13.611968818571428,15.595431412857142
1427,3.816782833857143,7.464988478285714,18.932979842857147,5.188180031285715,2.5746285962857143,12.877774373571429,15.721828554285716
1428,3.7591571122857146,7.321991353142857,18.996534271428573,5.044708598285715,2.552811451571429,12.193854302142856,15.814551361428572
1429,3.7736228240000003,7.2584370375714276,19.187197104285712,5.204780015571429,2.5383457397142855,11.52653427157143,16.02537134714286
1430,3.8167828337142855,7.226659879857142,19.028311371428572,5.044708598285714,2.5383457397142855,11.176274215857143,15.789414004285716
1431,3.860179940857143,7.242548543571429,18.996771508571424,4.918311457285715,2.523880028,10.809177105857144,15.696691195714285
1432,3.990371403571428,7.2743256447142866,19.15565724142857,4.9100114651428575,2.5601628844285713,10.675902754428572,15.898974205714287
1433,4.185539964142857,7.194882835142858,19.377860164285718,4.707728569142857,2.5964457408571424,10.709339848714285,15.932648312857143
1434,4.416754255571429,7.194882835142858,19.647965864285712,4.564494261857143,2.647194309142857,10.959525635142857,15.983396824285718
1435,4.669548537714285,7.0836628677142865,19.917834325714285,4.480308543,2.697705723571428,11.293185650857144,16.084419822857143
1436,4.857128539714286,7.0836628677142865,20.29892298142857,4.143328570285715,2.7050571565714283,11.559971365714288,16.13493132142857
1437,5.124388561857143,7.131328576142857,20.759454502857142,4.219214297,2.726637147285714,11.626608541428572,16.471911435714283
1438,5.362717160428572,6.908888528142858,21.267651562857143,4.1181914118571425,2.7337514261428573,11.876794214285713,16.83426569285714
1439,5.579228557857143,7.305865733428571,22.045954321428574,4.4046599702857145,2.7408657051428578,12.02690561857143,17.28910551857143
1440,5.745228569142858,7.321754284,22.459057089999995,4.387822860428572,2.733514272285714,12.32712854,17.499925729999998
1441,5.889648561428571,7.655177173714286,22.983142812857142,4.665754272714286,2.7550942629999997,12.660788555714285,17.895954319999998
1442,5.904114301428572,8.13159718857143,22.983142812857142,5.028108586,2.747979984,12.961011477142858,17.86227998714286
1443,5.9185800415714285,8.322260022142856,22.363725558571424,5.356551412714286,2.7984913982857145,13.261471524285714,17.381828552857144
1444,5.8246714352857145,8.274594313714285,20.918339781428575,5.3143399904285715,2.8200713889999998,13.445020135714286,15.999759965142859
1445,5.694717126571429,8.417591439,19.202848417142857,5.381688599285715,2.841888533714286,13.595131539999999,14.390271407714286
1446,5.550297134285715,8.020614233714287,17.407914187142858,5.187942905714285,2.8563542454285717,13.728643017142858,12.587037156714285
1447,5.449274305571429,7.607511352142858,15.343111382,4.859262882714285,2.9286828044285715,13.795517318571429,10.78356561057143
1448,5.304854313285714,6.876874188,12.229900005000001,4.185065762285714,2.9357970834285716,13.878991547142858,7.699285656857143
1449,5.2398771307142855,6.178014125142857,9.926768601142857,3.5108685994285715,2.928682804571429,13.995665744285713,5.533459960428572
1450,5.218297111714286,5.701357041142857,7.337642948142857,3.0138171952857142,2.935797111714286,14.062302918571428,2.9969799938571424
1451,5.276159958999999,5.447139892,5.622151484142857,2.853745749857143,2.914217121,14.178977115714284,1.1683714305714281
1452,5.384534248714286,5.081702775285714,4.351540018000001,2.7358857265714285,2.950262823428571,14.22901425142857,-0.12951143828571424
1453,5.5434199809999996,5.002259965714286,3.684457169428572,2.5419028508571424,2.9502628234285715,14.345688447142857,-0.8795942712857141
1454,5.658908549714286,5.288254272714285,2.3182771747142863,2.8959571297142856,2.8779342644285717,14.495799737142857,-2.4217342762857146
1455,5.745702820428572,5.669579996428571,1.730637164142857,3.325897114,2.8347742830000002,14.629311099999999,-3.087394257714286
1456,5.731237136857142,5.796688571,1.2859943000000003,3.637739963571429,2.820308571142857,14.71278544142857,-3.424374251571429
1457,5.680725694285714,5.685468547,2.0325200147142857,3.443994252428572,2.777148561428571,14.662748307142857,-2.6742914027142857
1458,5.550771441999999,5.479154288285714,2.3979571597142857,3.199737112714286,2.777148561428571,14.712785554285714,-1.991794283142857
1459,5.334022862428571,5.288728580285714,2.5248285802857144,2.9047313942857143,2.683239997571428,14.679585698571428,-1.7390000010000002
1460,5.045182849571428,4.9394171398571425,2.127614249285714,2.576288535857143,2.6109114385714283,14.713023019999998,-1.9495828537142859
1461,4.777922827428571,4.54220286542857,3.112468520285714,2.0453256928571433,2.5893314337142854,14.713023019999998,-0.9044942670000001
1462,4.561174276142856,3.986340012571428,4.017642813428571,1.69980856,2.589331433714286,14.729623174285715,0.25845428828571426
1463,4.4672656698571425,3.8592314379999997,4.637059960571428,1.5143628444285715,2.5819800008571434,14.729623174285711,0.839928565
1464,4.431219967285714,3.9068971464285718,4.764168535142857,1.6658971334285713,2.581980000857143,14.879734578571428,1.2444942775714285
1465,4.387822803571429,3.9068971464285718,5.240588564142856,1.7247085645714288,2.5604000101428572,14.879734578571426,1.6912714211428574
1466,4.387822803571429,3.938437150285714,5.431251397857143,1.7666828541428572,2.5748657220000006,15.079883117142856,2.0116514237142855
1467,4.394937082571429,4.065308542714286,5.749022862571429,1.9013799908571427,2.6037971455714284,15.11308297142857,2.4413542894285714
1468,4.366005659,4.12886283,5.907908594857143,1.9350542758571432,2.6109114385714287,15.163120219999998,2.7109857097142855
1469,4.34442564,4.12886283,6.241568610142857,1.8677057092857143,2.6035600055714285,15.21315724142857,2.896194283714285
1470,4.315494244714285,4.049419992142857,6.400454342571428,1.7666828594285717,2.5819800007142857,15.246594335714283,3.098477137428571
1471,4.235814252857142,3.8431057052857147,6.416342893285715,1.699334285714286,2.553048563,15.163119994285712,2.988917134571429
1472,4.221348569428572,3.7636628391428575,6.622894277571428,1.657359998,2.54569713,15.113082747142856,3.199500008571428
1473,4.221348569428572,3.747774260285714,7.004220001285715,1.674434282857143,2.552811423,14.86289696142857,3.5113428368571427
1474,4.257631425857143,3.6209028678571427,7.32199140957143,1.6829714288571427,2.54569713,14.612711288571429,3.915908515857143
1475,4.344425696714286,3.557348580571428,7.750745659000001,1.7334828572857144,2.5530485630000004,14.395725582857143,4.261425691
1476,4.503311400857142,3.6524428717142854,8.44960560957143,1.7249457112857143,2.5819799867142854,14.112102815714284,4.960997130857144
1477,4.683777124000001,3.6050143171428566,9.434459866571428,1.7164085652857144,2.5746285680000005,13.828479934285713,5.710842859428571
1478,4.8644800009999996,3.605014317142857,10.625865620999999,1.6827342785714285,2.560162856142857,13.644931435714286,6.671508573428571
1479,5.008899993285715,3.589125738285715,11.563054225285713,1.7669199914999998,2.560162856142857,13.428182855714285,7.455265703857143
1480,5.167785725714286,3.3192571641428574,12.373134199142857,1.4423899976666668,2.5601628561428567,13.244634244285715,8.078714263
1481,5.312205718,3.0332628714285716,12.976662788571428,1.1079000001666666,2.5528114374285713,13.144559974285714,8.491579962285714
1482,5.384534305142857,2.7475057254285717,13.342100018571427,0.8425766693333333,2.5238799995714283,13.027885664285716,8.820022760714286
1483,5.406114324142857,2.5729685681428576,13.580428617142859,0.6341360058000001,2.466017152285714,12.994685582857144,9.055979933
1484,5.420580007714286,2.4299714147142852,13.532762851428572,0.49270400859999997,2.4589028591428566,12.87777426,9.039142766571429
1485,5.370068565142857,2.286974289428571,13.373877118571427,0.374512009,2.444437147428571,12.794537044285715,8.963257011571429
1486,5.319557122571429,2.2075314374285715,13.262657151428572,0.43947333949999995,2.4010399980000003,12.76109995,8.879071292857143
1487,5.254579996428572,2.2869742895714285,13.135548632857143,0.5672933305,2.3649942814285714,12.727662855714286,8.828559906857143
1488,5.211182889285714,2.4458600077142854,13.040217215714287,0.7050733313333334,2.379459993142857,12.661025679999998,8.769511431428572
1489,5.189365744714286,2.5888571541428576,12.944885685714285,0.842576663,2.4083914309999996,12.560951411428572,8.727537134857144
1490,5.174900061142857,2.604745733,12.75422285142857,0.8313914242857142,2.4517885664285717,12.494077222857143,8.542091405142857
1491,5.109922935,2.6206343118571427,12.500005815714287,0.8228542818571428,2.4951857160000004,12.477477182857143,8.33980856557143
1492,5.095457195,2.7000771781428576,12.261677217142857,0.8229333289999999,2.5385828655714286,12.460640128571429,8.128988580000001
1493,5.102808599571428,2.7477429005714282,12.086902934285716,0.8229333289999999,2.603797159714286,12.410602994285714,7.968679980428571
1494,5.131740023142858,2.525302902,11.943905752857145,0.48871999033333324,2.6832400117142856,12.427203034285714,7.859120005714286
1495,5.066762840571429,2.255197181,11.737354255714289,0.14454664183333335,2.697705723571429,12.527277304285716,7.732722808
1496,4.9873199742857155,2.3823057555714287,12.023348620000002,0.30196997249999996,2.6903542905714284,12.643951614285713,8.069702809428572
1497,4.936808531714286,2.6680628804285718,12.404674400000001,0.42978997183333334,2.6758885787142854,12.66078866857143,8.533079951428572
1498,4.813968530142858,2.9220428474285716,12.690668650000001,0.5282833048333333,2.646957141,12.710825802857144,8.988157073
1499,4.691128556714285,3.0173742641428567,13.421305871428572,0.8230914021428571,2.6035599914285714,12.794300031428573,9.763614211857144
1500,4.582754266857143,3.3666857045714287,14.374382914285714,1.1517713932857145,2.5601628418571427,12.910974341428572,10.825539965
1501,4.4888457171428575,4.129099991142858,15.406902935714285,1.9692028,2.502299994714286,12.977848530000001,11.887228479857143
1502,4.438334274428572,5.129842819714286,16.61419724,2.8034714012857145,2.4733685711428572,12.994448570000001,13.15143696
1503,4.431219995571428,5.606262834714286,17.392499998571427,3.275385689285714,2.4807200041428574,12.977848528571428,13.859308532857144
1504,4.366242812857143,5.971700007857144,17.837142855714287,3.6882514310000003,2.480720004142857,12.994448568571428,14.423945572857141
1505,4.373594245714286,6.384802889428571,18.424782781428572,4.101117148,2.480720004142857,12.99444856857143,14.963445482857143
1506,4.380708524714286,6.8453343254285715,18.58366851285714,4.396122880571428,2.502300009,12.961011475714287,15.0981427
1507,4.344425696571428,7.163105733571429,18.504225645714286,4.657217183,2.5167657208571432,12.977848528571428,15.055931164285713
1508,4.315494216428571,7.417322826285714,18.551891411428574,4.732865755714285,2.5312314325714285,13.061085744285716,15.098142698571428
1509,4.293677100142857,7.433211377,18.345339914285713,4.817288600142858,2.545697144285714,13.077685785714285,14.845348415714287
1510,4.286325695571429,7.353768510857143,18.202342845714284,4.800451433857143,2.545697144285714,13.077685785714285,14.786299714285715
1511,4.242928588428572,7.258437037428571,18.377117015714283,4.876337132428572,2.545697144285714,13.177760055714286,14.862185581428573
1512,4.221111443714286,7.194882778428571,18.456559882857142,4.969059997285714,2.560162870285714,13.261234284285715,14.996882911428571
1513,4.206882857571428,7.258437037571428,18.345339915714284,4.8931742705714285,2.5675142890000004,13.378145720000001,15.081305642857144
1514,4.192654271428571,7.2743255882857145,18.32945147857143,4.918548526571429,2.574628582,13.428182968571429,15.131817142857143
1515,4.134791452571429,7.020108495571429,17.93223714714286,4.767014255428571,2.581980015,13.378145834285714,14.853648492857143
1516,4.134791452571429,6.877111426857143,17.836905844285717,4.615242830285715,2.5748657219999997,13.344945752857143,14.777762851428573
1517,4.098745721714286,6.861222819714286,17.566800144285715,4.632079996571428,2.5603999960000006,13.445020022857141,14.634528544285713
1518,4.105860000714286,6.908888584714286,17.40791441142857,4.463471405,2.5532857030000002,13.428419981428572,14.390271352857141
1519,4.08428001,6.972442843714285,17.392025974285712,4.539357103428571,2.5314685582857144,13.428419981428574,14.356597021428572
1520,4.055348586428571,6.8929999774285715,17.582688808571426,4.6996656745714285,2.5096514277142856,13.26147141,14.567179994285713
1521,4.084042884428571,6.702337143714287,17.439691514285716,4.547894277571428,2.5096514277142856,13.011285622857145,14.339759967142856
1522,4.098508596142857,6.861222876142857,17.773351417142855,4.699428548714286,2.487834283,12.82797413714286,14.651602724285713
1523,4.098508596142857,6.972442843571429,18.027568452857142,4.775314275428571,2.487834283,12.727899867142858,14.83704834
1524,4.084042884285714,7.083662867428572,18.075234218571428,4.598405691857144,2.5023000090000003,12.444276985714286,14.870722671428572
1525,4.134791452571428,7.258437150428572,18.218231514285716,4.758477137285714,2.494948590285715,12.160654218571429,15.148653970000002
1526,4.185302866857143,7.194882891428571,18.218231514285712,4.6067057402857134,2.509414302,11.89363137857143,15.148653970000002
1527,4.2863257237142856,7.178994340857143,18.329451481428574,4.497145709142857,2.5238800138571427,11.743519861428572,15.013719627142859
1528,4.315257175571428,7.242548599857144,18.663111609999998,4.547657151714285,2.5167657208571432,11.626608425714284,15.291888165714285
1529,4.4236314654285716,7.242548599857144,18.679000272857138,4.606705740428572,2.5312314325714285,11.59317133142857,15.266751035714288
1530,4.524891448,6.956554349428571,18.599557407142857,4.513982875571428,2.5383457255714283,11.509697102857144,15.148654085714286
1531,4.705357142857143,7.035997215714285,19.091865802857143,4.690891459142857,2.5383457255714283,11.559734238571428,15.35947407142857
1532,4.799265692571429,6.813557167714285,19.314068498571427,4.429797156714286,2.5312314324285716,11.676408435714285,15.43535994
1533,4.987082848571428,6.861222876142857,19.774599792857142,4.472008579,2.5241171394285713,11.859957047142856,15.747202697142857
1534,5.1315028410000005,7.020108608571428,20.37812838142857,4.556194297857142,2.517002846285714,11.909994182857144,16.311839962857142
1535,5.319319940428572,7.337880073428571,20.838659675714286,4.8175257259999995,2.5096514275714283,12.010068452857142,16.674194445714285
1536,5.398762806571429,7.480877198571428,21.283302532857142,4.834362892285713,2.502537134571429,12.110142722857143,16.741543111428573
1537,5.478205672714286,7.9098686307142865,21.584948321428573,4.99443430957143,2.517002846428572,12.076705515714286,16.775217217142856
1538,5.514488557428572,8.036977148714286,21.41041139,4.977597143285714,2.54593427,12.076705515714286,16.631982909999998
1539,5.572114278999999,8.036977148714287,20.743328598571427,5.162805747285715,2.6037971314285713,12.010068452857142,15.87359995
1540,5.492671412857143,7.973422833142857,20.23513153857143,5.061545736428572,2.6398428481428575,11.893394142857144,15.258451411428569
1541,5.435045691285715,7.893979966857143,19.202611517142856,4.985660037857143,2.6832399977142853,11.876794214285715,14.297785555714286
1542,5.341137141571429,7.576208501999999,17.804891617142857,4.640142862714286,2.7339885660000003,11.776719944285714,12.839831212999998
1543,5.297739978,7.274325644428572,16.677277304285717,4.286325695428571,2.7700342827142856,11.693245602857143,11.853791214571428
1544,5.268808554428571,6.654671322142858,15.644994407142859,3.9408085485714284,2.7989657062857143,11.660045634285712,11.070034225999999
1545,5.210945707285714,6.082682764714285,14.866691421428571,3.5447800014285713,2.7916142734285714,11.593408571428572,10.227228535428571
1546,5.145968581142857,5.717245648142857,14.437937114285715,3.266848546714286,2.7771485615714284,11.426460001428572,9.839500023
1547,5.189365744714285,5.463028498999999,13.691411342857146,3.106777101142857,2.762682849714286,11.309548565714286,9.123091472857142
1548,5.2903886298571425,5.145257090857143,12.976662672857143,2.8625199651428574,2.7626828497142855,11.276111358571429,8.406920105428572
1549,5.413228603142857,4.938705706714286,13.024328325714285,2.786634266714285,2.7408657050000005,11.376185628571431,8.33957149642857
1550,5.536068576428572,4.811597132142857,12.643002658571431,2.7697971287142855,2.7192857142857148,11.509697104285715,7.833982932142858
1551,5.5649999999999995,4.827485682714285,11.73759126857143,2.710748554142857,2.6758885788571427,11.759882778571427,6.966040026428573
1552,5.579465683571429,4.621171424142858,10.212762710000002,2.609488550285714,2.668774299857142,11.926594222857144,5.592508613000001
1553,5.550534259857143,4.557854290714286,9.625122784428571,2.4408799835714285,2.6758885788571427,12.343728467142856,5.019571468142857
1554,5.442159970142856,4.081434311,8.48138279557143,2.019477138285714,2.6543085740000003,12.577314212857145,4.509793396333333
1555,5.254342814142857,3.7639000001428573,7.877854262857143,1.699097139142857,2.6324914292857144,12.81089995857143,3.870693379166667
1556,5.030479955571429,3.398699980857143,6.765891431,1.2862314185714285,2.6109114244285716,13.061085744285714,2.8973800275
1557,4.7992656924285715,3.0652771194285715,6.1146971332857145,1.083948564857143,2.5890942797142857,13.21119714857143,2.4256633489999997
1558,4.647494295571429,2.779520008857143,5.908145749,0.8987399997142858,2.603559991571429,13.444782894285714,2.2782000011666663
1559,4.5680514294285715,2.8905028788571423,6.400454342714285,0.8819028615714286,2.6106742705714288,13.778442909999999,2.9565866738333337
1560,4.539357131571429,2.922042882714286,6.146237137,0.9324142864285714,2.6106742705714288,13.995428728571426,2.6909866633333333
1561,4.5104257080000005,3.1127057375714284,6.527562860714285,1.092722854,2.6396057082857145,14.34568867142857,2.8203085709999995
1562,4.5104257080000005,3.271354316,6.035254295142857,1.2276571375714285,2.668537132,14.562674377142855,2.356931429142857
1563,4.546471467142857,3.4935571817142863,6.178251476857143,1.3625914245714288,2.711934281571429,14.763060155714284,2.3737685742857138
1564,4.604334314428572,3.477668631142857,5.971700036142857,1.3794285697142856,2.762682849857143,14.963208694285713,2.2978828617142857
1565,4.647731421571429,3.6839829038571428,6.067031452999999,1.4382400008571428,2.7844999945714286,14.979808621428571,2.3737685742857146
1566,4.6116857190000005,3.6524429000000005,6.464008601857143,1.4131028565714285,2.777385715571428,14.913171445714285,2.668774278714286
1567,4.582754295428572,3.5255714511428566,6.797668560714286,1.4216400025714286,2.755805724857143,14.879734124285717,3.1406885384285714
1568,4.633265681428571,3.509682872285714,7.035997102714285,1.3794285732857143,2.762920003857143,14.829697102857141,3.368108536428571
1569,4.669311383999999,3.319257150285714,7.9093942664285715,1.2361942871428568,2.755805724857143,14.779660081428572,4.1601656871428565
1570,4.741639914714286,3.271591441857143,8.481145698,1.31184286,2.755805724857143,14.712785667142857,4.868037097999999
1571,4.8139685018571425,3.3984628624285707,9.338891436428572,1.320142859142857,2.7484542920000004,14.512637128571427,5.508322809428571
1572,4.951274215142858,3.3192571501428567,10.133082859571427,1.3118428565714286,2.7195228684285717,14.395962932857142,6.258405720285714
1573,5.146205650000001,3.3033685712857137,10.720960024142856,1.3369800008571429,2.7050571567142856,14.229014362857143,6.738619972
1574,5.334022806,3.303368571285714,11.276822962285715,1.2610942865714283,2.690591430714286,14.012028771428572,7.109511431285715
1575,5.493145663999999,3.303368571285714,11.864463001142857,1.343896669,2.6690114400000007,13.845317327142856,7.547751386571429
1576,5.6593828010000005,3.382811423285714,12.40467440142857,1.4125100053333333,2.6545457282857146,13.761842985714285,7.9184057202857145
1577,5.753291407285714,3.2559399744285713,12.849554384285714,1.3300080034000001,2.6182628717142857,13.611731581428572,8.171200002285715
1578,5.789337109857142,3.1449571044285713,13.103771534285714,1.23572000475,2.582217155,13.461620177142859,8.423994341
1579,5.796451388857143,3.017848544,13.246768715714284,1.0734550035,2.5604000102857145,13.244634471428572,8.440831394285714
1580,5.832497091428571,2.9542942567142854,13.230880051428572,0.9406550005000001,2.5604000102857145,13.094522954285713,8.390320008285714
1581,5.911939957571429,2.9225171271428576,13.230880051428569,0.8817249985,2.589331448,12.994448684285715,8.373482841857143
1582,5.904588552999999,2.890739997571429,13.19910295,0.8582359971999999,2.6037971597142855,12.860937207142857,8.364945752285717
1583,5.904588553000001,2.8748514469999997,13.151437297142857,0.8346639964000001,2.618262871428571,12.84410004,8.289297122857144
1584,5.911702831857142,2.8589628964285714,13.05610588,0.8326166635000001,2.640080016142857,12.82749999857143,8.19657431457143
1585,5.969565679,2.8271857668571436,12.960774462857144,0.8228542818571428,2.661660021,12.84410004,8.070177116857142
1586,5.911702831714286,2.858962910428571,12.786000180000002,0.8060171402857143,2.6905914445714285,12.94417430857143,7.935242886285715
1587,5.8685428502857135,2.8112972019999996,12.547671695714286,0.7808799958571427,2.719522868142857,13.027648650000001,7.749797156571428
1588,5.716771396857142,2.7954086231428574,12.24578878142857,0.7555057100000001,2.719522868142857,13.011048610000001,7.538977171142856
1589,5.608397107142857,2.7795200442857144,11.928017317142857,0.7469685675714286,2.7121714352857142,12.944411434285716,7.311557145
1590,5.435045691285715,2.5888571752857144,11.562580087142857,0.49417428714285716,2.704820002428572,12.66102568,7.134411435714285
1591,5.2690456800000005,2.3028628752857143,11.276585837142857,0.2245428687142857,2.6974685695714284,12.444039975714286,7.024851404571428
1592,5.0738771194285714,2.509177162142857,11.578468638571428,0.3760771577142857,2.6758885647142856,12.343965592857144,7.446254306142857
1593,4.907877136428572,2.7154914490000004,11.816797124285713,0.5529857271428571,2.6614228528571426,12.127217014285714,7.859120062428572
1594,4.655082826,2.969471416,12.16634569,0.7467314454285715,2.5890942797142857,11.793556998571429,8.33103440657143
1595,4.438334246428572,3.3982256942857143,13.119422845714285,1.2354828785714287,2.5890942797142857,11.610008387142857,9.452008635714288
1596,4.308379965857143,3.858757130285714,14.167831304285714,1.749608595857143,2.545697144285714,11.443059817142856,10.614957161428574
1597,4.200005704285714,4.557617143714285,15.39101416,2.466017173857143,2.487834283,11.376185515714287,11.946514306857143
1598,4.084279981571428,5.288254272571428,16.264648450000003,3.131914309142857,2.4299714217142854,11.309548452857145,12.957691491428571
1599,3.990371403571429,5.558360000714287,16.836399937142858,3.519642871142857,2.3936885652857143,11.209474182857146,13.732911391428571
1600,3.9830199707142855,5.764911413285715,17.424039862857143,3.7641371611428567,2.3647571417142856,11.192637015714286,14.3229228
1601,4.033531384999999,6.416342836857143,18.297436912857144,4.252888601285714,2.3863371465714285,11.30954845142857,15.36777414857143
1602,4.0913942604285705,6.813557111285713,18.789745534285714,4.472008578857143,2.3355885782857144,11.326385617142856,15.713291464285716
1603,4.127439991285714,7.131328576142857,19.154945525714286,4.573031407428571,2.357405708857143,11.376422751428573,16.11762001714286
1604,4.170837126714287,7.496765692714286,19.34560836,4.749939991142858,2.3863371465714285,11.443297052857144,16.184968682857143
1605,4.206882857571428,7.925757124857143,19.996802487142855,5.246991437571429,2.4152685842857147,11.409859845714285,16.808654311428572
1606,4.206882857571428,8.132308509142858,20.44144534428571,5.491485755857143,2.437085728857143,11.426697012857144,17.07828576
1607,4.192654271428571,8.434191366714286,20.727439707142857,5.727442899857143,2.4589028594285716,11.46013422,17.524825622857144
1608,4.149257164285714,8.227639982571429,20.79099413571429,5.693768623714286,2.466254278142858,11.6768828,17.507988455714287
1609,4.105860000571428,8.307082848714286,20.75921703428571,5.7950286345714295,2.4736056968571427,11.77695707,17.668059704285717
1610,4.019302827142857,8.354748500571429,20.69590007,5.938262942,2.4591399849999998,11.793794237142858,17.693434072857144
1611,3.9180428162857135,8.148197059857143,20.66412296857143,5.887751499428572,2.4446742731428572,11.760357142857144,17.693434072857144
1612,3.845951383,8.068754193714286,20.441920272857143,5.601282884714286,2.4375599799999996,11.777194308571428,17.432102588571432
1613,3.8314856712857144,8.036977092428572,20.172051585714286,5.508560019857143,2.430208561285714,11.727157172857142,17.297405484285715
1614,3.795202814857143,8.036977092428572,20.18794025,5.348251448714286,2.4157428494285713,11.660519997142856,17.103659902857146
1615,3.7446913722857142,7.878091360000001,19.91807156285714,5.230391397142858,2.3939257188571426,11.443771417142855,16.716168517142858
1616,3.7520428052857144,7.735094178285715,19.83886571,5.2050171412857145,2.4010400119999997,11.343697147142857,16.556097268571428
1617,3.7736228242857144,7.735094178285715,19.94984843857143,5.247228563571428,2.4081543051428573,11.326859979999998,16.539260102857146
1618,3.8243713925714284,7.719205627571428,19.997276964285714,5.280902839714286,2.4081543051428573,11.393497042857144,16.657357052857144
1619,3.831485671428571,7.480877085428572,19.727171264285715,5.255528583714286,2.415268598285714,11.310022814285714,16.497285804285713
1620,3.845951383142857,7.735094178,19.98115128857143,5.390225688714286,2.4297343101428575,11.143074244285714,16.76691725142857
1621,3.939859989428571,7.925757011571428,20.060594154285717,5.735742807428571,2.4513143150000003,10.74253992842857,16.834265691428573
1622,4.040882874714286,8.068754136857143,20.378128380000003,5.769417140142856,2.4731314455714286,10.108419923285712,17.061685604285714
1623,4.069577172571429,8.005199877857143,20.28279707571429,5.609345666428571,2.494948590285714,9.691285679857144,16.86770256
1624,4.134554326999999,8.052865642714286,20.394017044285714,5.508322837714286,2.5023000090000003,9.391062872000001,16.977262534285718
1625,4.235577212142856,8.052865642714286,20.457571472857143,5.6347199788571425,2.5312314325714285,9.174314292000002,16.985562724285717
1626,4.408928656285714,8.17997421742857,21.10876560142857,5.702305713571429,2.545697144285714,9.207514260571429,17.406965457142856
1627,4.538882936857143,8.195862768142858,21.347094199999997,5.643494307142857,2.545697144285714,9.391062872000003,17.499688265714287
1628,4.661722910142857,7.862202809285713,21.394522727142856,5.331651492857142,2.5385828512857143,9.758160095,17.49138830142857
1629,4.856891470714286,7.878091416428572,21.601074224285718,5.339951456714286,2.5530485772857143,10.425480068714288,17.64315981142857
1630,5.059174310285714,7.893980023571428,22.093382847142855,5.306277180428571,2.5530485772857148,10.842614312142858,17.93816562857143
1631,5.254342870857143,7.81453715742857,21.998051542857144,5.289440014142857,2.603560005714286,11.209711421428574,17.643160037142856
1632,5.471091450428571,7.941645732,22.109271510000003,5.2389285714285725,2.661422853,11.276348597142858,17.634859847142856
1633,5.629977182857144,7.798648550142857,21.489854482857144,5.002971399142857,2.7337514119999997,11.343222898571428,16.910151334285715
1634,5.796214319857143,7.528542906857143,20.933991658571433,4.800688559571428,2.8421257017142856,11.426697127142859,16.092719900000002
1635,5.8830085905714276,7.6715400321428575,20.489348801428573,4.834599961571429,2.9505000055714286,11.543371324285713,15.55321999
1636,5.890122869428571,7.5285428502857155,19.583937411428572,4.741877125,3.0299428434285716,11.593408460000001,14.634765669999998
1637,5.890122869428572,7.464988534714286,18.2497716,4.649154288428571,3.1238514212857145,11.643445595714287,13.362257056571428
1638,5.875657129285715,7.115439968714286,17.02682587,4.4046599984285715,3.181714296714286,11.610008501428572,12.00556266842857
1639,5.853839984571429,6.543451411285714,15.216240102,3.814648582714286,3.2538057300000003,11.793557112857142,10.03348275742857
1640,5.781748523,6.20979145242857,13.659634356999998,3.4774314420000003,3.2972028937142857,11.927068475714284,8.457668461571428
1641,5.74570282042857,5.971462853857142,11.213505771428572,3.1655885712857144,3.3045543265714286,12.043742785714286,6.258168495285714
1642,5.716771396857142,5.606025737285714,9.355017168428573,2.8537457145714287,3.290088586571429,12.110617085714283,4.421259898142857
1643,5.7312370804285715,5.431251454285714,8.052628572714285,2.7022114150000003,3.2611571630000005,12.127454251428572,3.199262812142856
1644,5.839611370142857,5.113480046,7.846077075571428,2.4662542710000004,3.253805730142857,12.177491385714287,3.0055171187142853
1645,5.919054236428571,5.129368596571429,7.830188525571429,2.263971417285714,3.2030571337142857,12.294165695714286,3.0982399835714283
1646,5.969802804714285,5.2247000134285715,8.370162799285714,2.3989057114285712,3.1525457194285713,12.32760278857143,3.570154299857143
1647,6.034779930857143,5.2088114345714285,8.640268499142858,2.5506771365714287,3.0946828440000007,12.310765622857144,3.7556000152857143
1648,6.027428526285713,5.08170286,9.513902788428572,2.4411171337142856,3.0439342475714284,12.177254147142857,4.370748582428571
1649,5.984031419142857,4.986371386571428,10.038225694000001,2.4453066601666666,3.0076513911428573,12.143817054285716,4.7836142960000005
1650,5.8756571858571425,4.732391419571429,10.292442843142856,2.1207766725,2.993185679285714,12.193854188571427,5.044945695857143
1651,5.709657174571428,4.430745716,9.593582893714286,1.8750966651666667,2.942674236714286,12.060342825714287,4.412959990571428
1652,5.514488613857142,4.144751437285715,8.799391413857142,1.7179500058333332,2.9355599577142857,11.57657129357143,3.747300009142857
1653,5.297740034285714,3.954325729285714,7.465225717,1.5605266626666665,2.9066285058571424,11.092799874571428,2.710985694
1654,5.145968637285715,3.827454280428572,6.750240006142856,1.3344899996666666,2.913742813,10.609028454857143,2.137811409428571
1655,5.059411492142857,3.8115657297142858,6.194139999428571,1.373776655166667,2.913742813,10.242168470571428,1.8513428404285712
1656,5.052060031000001,3.827454336857142,6.178251335714286,1.4636142692857146,2.9355599575714284,10.075219899142857,2.0031142655714285
1657,5.080991454571428,3.9543257292857144,5.971699895,1.581711412857143,2.986071400142857,9.941708536285715,1.868180006714286
1658,5.124151492571428,4.255971432857143,6.432231358714286,1.7164085495714285,3.0294685355714286,9.858234193428572,2.146111419
1659,5.160434320857142,4.430745687714286,7.162868522857143,1.8174314099999997,3.051048554571429,10.158694239857143,2.7105114461428568
1660,5.203831428,4.605282845142858,8.052154237142856,1.8511057004285714,3.0728656991428567,10.258768509285714,3.569917177571429
1661,5.283274294285714,4.748042872857142,8.862234239142857,1.9435914148571427,3.0728656991428567,10.325642810428572,4.429560048714286
1662,5.304854313285715,4.795708581285715,9.862977103571428,1.9435914148571432,3.0946828437142857,10.242168581714285,5.322877164428571
1663,5.297740034428572,4.795708581285714,10.275842858999999,1.8594057067142855,3.087331439142857,9.858708557571429,5.752580001857142
1664,5.297740034428571,4.700377192714286,10.704597222,1.7666828490000002,3.072865727428572,9.308062780428571,6.047585734428572
1665,5.247228591857143,4.462285748142857,10.609265806285714,1.6488228557142857,3.0365828710000002,8.89092848042857,6.191057167571428
1666,5.312205774428571,4.208305752857143,10.513934389142857,1.4719142808571426,3.065514294571429,8.256808475285714,6.1742200011428565
1667,5.4205800641428565,4.192417145714286,10.831705854571428,1.471914280857143,3.0870943135714284,7.806237080714287,6.342828564428571
1668,5.5073743348571425,4.160639988000001,11.18125442,1.4636142817142859,3.101560025428572,7.472577121857142,6.536574258
1669,5.637328587142858,3.9858657049999997,11.419583018571428,1.3625914318571428,3.0797428808571428,7.205554225428572,6.679808622
1670,5.8035657241428575,3.906422838857143,11.88035155285714,1.3625914318571426,3.0797428808571428,7.155279965,6.941140050142858
1671,5.955337121142857,3.922311389571429,12.515657244285714,1.3794285735714287,3.0652771690000002,7.355665686000001,7.488939980142858
1672,6.186551384142858,3.954088547285714,13.278071565714283,1.362591430142857,3.0797429089999997,7.472577178285715,7.952317122000001
1673,6.345437059999999,3.842868565714286,13.786268625714284,1.2615685714285714,3.0508114854285715,7.622688638857143,8.314671435285716
1674,6.388597098,3.5571114408571427,14.104039977142858,1.0763599957142858,3.0003000428571434,7.889711535285715,8.626514306
1675,6.431994261714286,3.382574311857143,14.390034228571428,0.9162885644285714,2.971368591,7.956348654142857,8.862471478285714
1676,6.453811406428572,3.255702891285714,14.453588429999998,0.7898914234285714,3.0003000428571434,7.973185820428573,8.946657197142857
1677,6.381482819142858,3.0176114608571427,14.31059136142857,0.6298199955714286,2.971605745,7.889948660857144,8.88760860857143
1678,6.258642845714286,2.7636314655714282,13.977168471428572,0.4697485677142858,2.928445735285714,7.739600131,8.693625789428571
1679,6.157382891428571,2.6365228910000007,13.62785691857143,0.3770257135714286,2.906865716285714,7.756200058571429,8.449131471142858
1680,6.049008601714285,2.636522891,13.278545591428571,0.4190000031428571,2.878171418428572,7.923148629142857,8.221711445
1681,5.991382880285713,2.6206343121428577,13.024328441428569,0.4104628641428571,2.871057139571429,8.006622857857142,8.027728569285715
1682,5.87565712942857,2.557080010714286,12.690668538571428,0.4019257251428571,2.842362869857143,8.390320007857143,7.833982819285715
1683,5.767282839571428,2.493525709285714,12.388785738571428,0.41022572428571424,2.806317139,8.940728546714285,7.623399902857142
1684,5.687840029857143,2.461748565571429,12.055125722857143,0.4102257242857143,2.8134314178571427,9.424500022285713,7.387442787142857
1685,5.608397163714286,2.429971421857143,11.737354257142858,0.38485144014285716,2.8205456968571427,9.841634266857143,7.1431856510000005
1686,5.485794259571429,2.3346399908571427,11.371917139999999,0.3426400108571429,2.7989657061428574,10.242168582714285,6.949439957571428
1687,5.355840007285714,2.350528555571429,11.133588541428571,0.368014295,2.784499994285714,10.442317120999999,6.831342836857144
1688,5.196954274857143,2.7316171254285715,11.387805691428571,0.7220685738571427,2.7555685707142854,10.392279986285713,7.244445661285715
1689,5.030954263428571,3.1921485472857145,11.721465594285714,1.0675857065714287,2.7192857142857143,10.175531406857143,7.6067999745714285
1690,4.864717126428571,3.541460001714286,11.912128427142857,1.3794285631428571,2.675888578857143,10.175531406857143,7.935479955142855
1691,4.691365682285714,4.160877141857143,12.38878551142857,1.9777399638571431,2.6253771504285717,10.25900563542857,8.508417072285713
1692,4.604571411571428,4.859737134142857,13.2306427,2.550677108714286,2.581980015,10.175531406857143,9.334148527142856
1693,4.474380005428572,5.765148567142857,14.199608405714285,3.309059955,2.531231446714286,9.691522862285714,10.480259999428572
1694,4.351540003857143,6.3527885777142865,15.136796897142858,3.856859927285714,2.494948590285714,9.357862847428573,11.550485659857143
1695,4.300791435571429,6.797668560571429,15.7403256,4.1770027899999995,2.458665733714286,9.541174333,12.098048521285715
1696,4.264508607428572,7.131328519428571,16.470962707142856,4.6574542522857145,2.4660171524285714,9.841397253857142,12.898642676
1697,4.192417174142856,7.735094178,17.360485547142858,5.264065673428571,2.437085728857143,9.791360118142856,13.88444554857143
1698,4.141905731571429,7.957534226000001,17.646242784285715,5.466111387285714,2.415268598285714,9.374225874714286,14.213125585714286
1699,4.091394288857143,8.243528533000001,18.059345552857145,5.634719978857143,2.400802886428571,9.157477294571427,14.617691265714285
1700,4.062699990857142,8.433954241,18.440671220000002,5.853839984714285,2.415268598285714,9.324425865142857,14.971508319999998
1701,4.041119971857143,8.561062815714285,18.456559884285717,5.929488557428571,2.4226200170000003,9.391300166285715,14.76092546
1702,3.961677105714286,8.751488523571428,18.74255402142857,6.266468558285714,2.422620017,9.241188649,15.123279717142855
1703,3.9474485195714286,8.894485705285714,19.012422708571428,6.426539975571429,2.415268598285714,9.25778857757143,15.460259831428571
1704,3.9763799431428573,8.735599973,18.77409411,6.190819985428571,2.422620017,9.407899981857144,15.173791217142858
1705,4.005311366714286,8.703822758571429,18.932979842857144,6.173982875571427,2.4299714357142856,9.841634266714285,15.300188357142858
1706,3.9908456550000007,8.84658270157143,19.13929410142857,6.452151413571428,2.4299714357142856,10.241931344,15.713054112857145
1707,3.990845655,8.94191411842857,19.123405664285713,6.519499966,2.444437147428571,10.208494136857142,15.721591315714287
1708,4.012425674000001,9.33889121,19.377622699999996,6.696645731857141,2.4589028734285714,9.958071281142855,16.13445695857143
1709,4.048708530428572,9.354779760714285,19.202848530000004,6.5365743147142865,2.4878342969999996,9.908034146428571,15.923874211428572
1710,4.012425674,9.513428367285716,19.060088474285713,6.5112000022857135,2.473368585142857,9.77452278257143,15.84798857
1711,3.9616771057142857,9.799185605571427,19.48907990714286,6.704945695857142,2.4733685851428566,9.707885721142857,16.244017158571427
1712,3.8964628257142855,9.958071337999998,19.759185607142857,6.882091405142857,2.4589028734285714,9.774522784,16.50534853
1713,3.8530656619999997,9.910405686142857,19.552871348571426,6.898928571428571,2.4662542921428567,9.824559919714286,16.151531248571427
1714,3.8023170937142856,9.719979978142858,19.409874054285716,6.7137200240000015,2.4373228685714285,10.258294205142857,15.923874095714286
1715,3.7155227947142855,9.450111404571429,18.996771285714285,6.536574258142857,2.4010400119999997,11.109162790285714,15.645942797142856
1716,3.6721256592857143,9.386557202000002,19.060325487142855,6.620997102571429,2.3865743002857145,11.693008591857142,15.890437115714287
1717,3.6939428039999997,9.307114336,19.123642677142858,6.4694628314285705,2.4010400121428574,12.060105701428572,15.755740011428571
1718,3.715759948714286,9.291225671857145,19.123642677142858,6.460925685428572,2.401040012142857,12.293691334285715,15.722065678571427
1719,3.7809742287142862,9.43398572842857,19.36173403714286,6.494599961714286,2.4299714357142856,12.42720281,15.949485818571429
1720,3.9256313750000005,9.291225672285716,19.28229117142857,6.241805679571429,2.4878342971428573,12.527277191428572,15.957786008571428
1721,4.106334223857143,9.418097064714285,19.457065567142855,6.207894221142857,2.545697144428572,12.644188627142857,16.067345982857145
1722,4.366479967,9.290988546714287,19.85427989857143,6.317454252428571,2.610911424571429,12.577551451428572,16.185206034285716
1723,4.604808565571429,9.354542749285713,20.124148587142855,6.317454252428571,2.65430856,12.460877141428572,16.319903138571426
1724,4.872068587714286,9.037008466714285,20.60080578428571,6.233031407857142,2.705057128285714,12.394239965714288,16.69055735857143
1725,5.233237187857143,8.64003137442857,21.15666860857143,5.761117148142858,2.770034268571429,12.327365664285713,16.96872601
1726,5.579940048,8.433717002285714,21.29966567714286,5.4239000214285715,2.849477120571428,12.29392857,16.850865845714285
1727,5.803802906571429,8.38605135042857,22.030302897142857,5.415362875428571,2.863705678428571,12.29392857,17.263731375714286
1728,5.9553372342857145,8.052628517285715,22.141285625714286,5.246991494285714,2.878171390142857,12.260491475714286,17.356454184285717
1729,5.998734341428571,7.830188525857143,22.18895139,5.019571496285715,2.8852856690000004,12.377165785714286,17.406965457142856
1730,6.020314304,7.4014342758571425,21.61719990142857,4.581331484571429,2.921331399714286,12.577314324285714,16.631745444285716
1731,5.9550999955714286,7.337879960285714,20.425794147142856,4.218977171285714,2.9644914094285713,12.810662944285715,15.586893982857145
1732,5.796214263142857,7.306102802571428,19.218499955714286,4.294862869714286,2.993422833,12.96077446142857,14.415645380000003
1733,5.6370914050000005,7.035997102714285,17.42380285042857,4.058905725857143,2.9716056884285713,13.110885865714284,12.789082586571428
1734,5.49978569157143,6.734114245142858,15.247779965428572,3.789274277428572,2.993422833,13.260997269999999,10.665468404142857
1735,5.405877085285714,6.44811999457143,13.278308634142856,3.511105683,3.0223542565714285,13.44454588142857,8.56722847757143
1736,5.355128516999999,6.32101142,10.959288539142857,3.3088228152857146,3.051285680142857,13.594657285714286,6.275242828571429
1737,5.304617130857143,6.130348586285714,9.180242802285713,3.165588536142857,3.044171373,13.728168762857143,4.5308199351428575
1738,5.319082871,5.844354335857143,7.7666341822857135,3.005517118857143,3.0225913540000002,13.81164299142857,2.955005633
1739,5.355128573571428,5.526582927571428,6.194139886285714,2.778097135,3.0152399494285715,13.961991634285713,1.5055885218571423
1740,5.4708543245714285,5.351808644571428,5.622151385428571,2.6853742701428573,3.0081256704285715,14.145540245714285,0.7894171261428572
1741,5.600808633285714,5.335920037428571,4.684962851142857,2.5589771291428574,2.972079968,14.295888775714285,-0.13733712942857146
1742,5.709182923142857,5.574248579571429,3.128357162571429,2.8454456874285716,2.943148544428571,14.496037314285713,-1.704614292857143
1743,5.738114346857143,5.764911413142857,2.4451485812857143,2.9381685521428573,2.8926371301428575,14.62954879142857,-2.4969085410000003
1744,5.709182866714285,5.590137130142857,1.4605314219999994,2.862282839428571,2.842125715857143,14.696185854285712,-3.3733885151428575
1745,5.608159981571428,5.478917106142857,0.7616714297142855,2.8876571235714286,2.8060800132857144,14.746222989999996,-3.9380256468571426
1746,5.4563885847142855,5.383585661142857,0.46002572599999997,2.8032342578571425,2.8134314178571427,14.779422845714283,-4.190819929000001
1747,5.196242841428571,5.1770342487142855,0.11071428557142841,2.6685371175714283,2.7989657061428566,14.796260012857141,-4.342591354142858
1748,4.950799964,4.843611415428572,0.30137713342857125,2.474791406428572,2.7916142732857145,14.846297261428571,-3.971937091142858
1749,4.705357086428571,4.414620011428572,1.5243228065714283,2.028251423714286,2.7916142732857145,14.829697334285713,-2.5647313502857148
1750,4.524891391571429,4.128625704428571,2.5409542492857145,1.7837571337142857,2.7842628404285716,14.84629726142857,-1.418619949
1751,4.409402851142857,4.096848546714286,3.4461285424285713,1.7164085671428573,2.8203085428571435,14.963208697142855,-0.5167656907142856
1752,4.358891408428571,4.287511380285714,3.8907714137142855,1.7583828495714289,2.8203085428571426,15.013245944285712,0.1742685855714286
1753,4.351777072857144,4.382842825285715,4.3830800075714285,1.8428057152857142,2.7842628404285716,15.113320212857143,0.6966943019999999
1754,4.380708496428572,4.605282844857143,3.795202871285714,1.9775028555714285,2.7916142732857145,15.22999441,0.2247800140000001
1755,4.351777072857144,4.859262811857143,3.0327886058571427,2.2554342854285716,2.791614273285714,15.296631358571428,-0.37353140099999976
1756,4.329959956571429,5.049925673714286,2.1432657660000003,2.4745542984285716,2.8276600041428566,15.363268307142857,-1.3173599998571428
1757,4.337074235428571,5.145257147142857,1.2060771894285713,2.525302866714285,2.8421257160000004,15.396705401428571,-2.1347914205714282
1758,4.366005630714286,5.113480017571429,1.1107457725714285,2.558977157142857,2.8131942924285718,15.479942504285715,-2.1011171338571426
1759,4.337074235428571,5.002260050142858,1.2219657682857143,2.508465728714286,2.8058428595714284,15.646890961428571,-2.0674428471428574
1760,4.3804713991428565,4.764168605571428,1.1266342948571428,2.348394293714286,2.784025714857143,15.613691107142857,-2.109654283571429
1761,4.3588913801428575,4.367191456857142,1.857271430714286,2.1124371532857142,2.7550942912857144,15.513616837142857,-1.7331900064999994
1762,4.380471399142857,3.986102915285715,3.1914371561428574,1.9047000111666665,2.7261628675714284,15.49701691,-0.34681336250000006
1763,4.3878228319999995,3.5096829004285715,4.303400043999999,1.5112799951666667,2.625139996428571,15.530454229999998,1.0885333270000002
1764,4.409639976714286,3.0650400291428572,5.6060257938571425,1.2949266645,2.567277149142857,15.530454229999998,2.6124132985000004
1765,4.510662861999999,2.826948584571429,6.479660026714286,1.04896999,2.5238800137142854,15.563891549999997,3.4579066426666665
1766,4.662434287142857,2.4617485795714282,7.702842881999999,0.8032899951666667,2.466017152428571,15.513854528571429,4.617970006
1767,4.756105711142857,2.4617485795714282,8.910137187,0.8326166636666666,2.401040012142857,15.54705438285714,5.817320016666667
1768,4.951037146142857,2.445860000714286,10.260428616857142,0.8229333291666667,2.343177150714286,15.630528724285714,6.249868545857143
1769,5.016014272142857,2.3187514261428572,10.975177116857141,0.7891799968571428,2.2782000105714286,15.597091629999998,6.949202860142857
1770,5.088105677142857,2.1916428585714285,11.880588564142856,0.6627828575714284,2.2203371634285713,15.61369155857143,7.758097120857144
1771,5.182014226857143,2.191642858571429,12.531782805857143,0.6542457151428571,2.1698257350000003,15.763803075714284,8.272222830999999
1772,5.196479966857143,2.1916428585714285,12.992551452857143,0.6627828575714286,2.126665725285714,15.81384009714286,8.710462842714287
1773,5.210708524714286,2.223420002142857,13.008440004285715,0.7047571452857142,2.126665725285714,15.930514294285716,8.769511431285714
1774,5.160197082142857,2.080422862714286,12.833665721428572,0.5951971458571429,2.126665725285714,16.197537247142858,8.702162878857143
1775,5.066288532428572,2.0168685754285716,12.738334304285715,0.56982286,2.1337800042857142,16.347648538571427,8.685325825571429
1776,5.066288532428572,2.080422862714286,12.738334304285713,0.5866600017142857,2.155359995,16.58123417142857,8.676788623000002
1777,5.059174253571428,2.2075314302857145,12.674779988571427,0.7047571399999999,2.1914056975714282,16.697908367142855,8.634814326428572
1778,4.979731443857142,2.223419995,12.54767147,0.70475714,2.227451400142857,16.71450829428571,8.575765737857143
1779,4.856891414000001,2.223419995,12.309342871428571,0.6879199984285714,2.2561456839999994,16.714508294285714,8.423994341
1780,4.719822826285714,2.207531416142857,11.991571405714286,0.6627828558571428,2.2561456839999994,16.714508294285714,8.230011408714285
1781,4.604334285857143,2.2234199951428573,11.67379994,0.6881571400000001,2.2777256888571427,16.59759685857143,8.061402788857142
1782,4.452799986285714,2.2075314304285714,11.340139925714286,0.7557428551428572,2.2850771217142856,16.530722669999996,7.825445616571428
1783,4.322845705857143,2.175754286857143,10.958814258857144,0.747442856,2.2995428475714284,16.463848481428567,7.598025646857143
1784,4.2794485987142865,2.318751440285715,10.752262874571429,0.8484657164285714,2.3284742852857145,16.347174285714285,7.446254249857143
1785,4.264982858714286,2.445860014857143,10.609265693142858,0.8401657172857142,2.371871434714286,16.13042582,7.286182832571429
1786,4.221822849,2.5729685894285717,10.482157174571428,0.8738400022857143,2.4008028724285717,15.913677354285714,7.1512484889999985
1787,4.156845722999999,2.684188585142857,10.386825757428571,0.8570028571428573,2.422620017,15.68009172142857,7.0333884939999995
1788,4.156845723,2.700077149857143,10.450380073142856,0.8920999998333334,2.437085728857143,15.429905935714284,7.100974228571429
1789,4.163960030142857,2.874851418714286,10.720485771714285,0.9313866658333335,2.4660171524285714,15.263194491428568,7.412817042857143
1790,4.192891453714285,3.0814028452857136,11.260697171428573,1.098493333,2.4878342830000006,15.013008705714283,7.935242717428571
1791,4.113448559142857,3.31949429,11.832685672857144,1.236273332,2.4951857017142864,14.76282303142857,8.483042704428572
1792,4.048471404714285,3.589362864142857,12.563322892857142,1.6294166498333331,2.4736056968571427,14.66274876142857,9.325611325428572
1793,4.048471404714285,3.9863400128571436,13.389291417142857,2.1406966368333333,2.4664914037142855,14.595874347142857,10.22746560457143
1794,4.041119971714286,4.240320008142858,14.119928638571427,2.4749099795,2.4591399849999998,14.512637244285713,10.952174174142856
1795,3.947211393714286,4.6055199991428575,14.771122880000002,2.5675142785714287,2.4302085472857144,14.479437388571428,11.66004563457143
1796,3.9111656629999993,4.716502869142857,15.311097267142857,2.7529599975714283,2.415742835428571,14.262451682857144,12.089748557142858
1797,3.882234239428571,5.002260022142857,15.533300190000002,2.92986856,2.4157428354285715,14.09574023714286,12.28373148857143
1798,3.8243713922857134,5.1770343051428585,15.580728715714285,3.1489885517142855,2.4012771235714285,14.07914019714286,12.410128628571428
1799,3.7809742568571427,5.097591439,14.993088677142856,2.9635428502857146,2.4083914167142857,13.979065928571428,11.887702898714284
1800,3.6870657071428568,5.034037123428571,14.72321999,2.8791200057142854,2.4010399980000003,13.878991658571428,11.710794371571428
1801,3.6581342835714286,5.034037123428571,14.501017067142858,2.8369085694285716,2.4083914167142852,13.745480068571428,11.474837255857143
1802,3.7015314189999993,5.018148572714286,14.326480022857142,2.836908569428572,2.4446742731428572,13.62856852,11.306228693
1803,3.708645697857143,5.335919981000001,14.10427710142857,3.022117145142857,2.466254278,13.561931344285714,11.264254395857145
1804,3.6797142459999996,5.240588564285714,14.136054201428573,3.140214294142857,2.466254278,13.54509429142857,11.348440114428573
1805,3.7086456695714283,5.2088114064285715,14.19960863,3.0474914575714287,2.480719989857143,13.378145720000001,11.365277281571426
1806,3.737577093285714,5.320031430428571,14.549157195714285,3.216100020857143,2.488071408571429,13.294671377142858,11.803517292857142
1807,3.788088507571428,5.177034305285714,14.612474385714284,3.1655885782857145,2.5098885391428576,13.144559972857143,11.769605834285715
1808,3.7954399404285715,5.177034305285715,14.628362937142857,3.165588578285714,2.5170028322857148,13.144559972857143,11.769605834285715
1809,3.7231113814285712,5.145257147571428,14.485365755714284,3.1067771435714286,2.4807199758571428,13.127959931428574,11.643208692857144
1810,3.6076228127142853,4.859262897,14.421811439999999,2.938405706,2.423094254428572,13.07792279714286,11.609297234285716
1811,3.5499971194285713,4.986371471571429,14.326717150000002,2.803471419,2.379697119,13.027885662857143,11.457525724285714
1812,3.5068371380000003,4.875151447714286,14.247511295714288,2.7949342729999995,2.3362999835714287,13.061322757142857,11.533411478571427
1813,3.434508579,4.875151447714286,14.279288284285714,2.887657137857143,2.285788555142857,13.011285622857143,11.440688557142858
1814,3.4055771554285714,4.938705763285715,14.231859758571428,2.8876571378571425,2.242391419714286,12.994685582857144,11.449225647142857
1815,3.3692942990000003,4.811597216857143,14.184194105714287,2.9130314218571427,2.1847656981428574,12.911211354285715,11.592459955714286
1816,3.4053400015714286,4.827485767428571,14.581171198571429,2.9213314140000004,2.134254269714286,12.794300031428573,11.828417071428571
1817,3.5497600221428565,4.906928633714286,14.803374007142859,2.929631406,2.134254269714286,12.744262897142859,11.937977047142857
1818,3.6941799861428573,4.732154294142857,15.105019795714286,2.8791199774285716,2.206582842857143,12.644188514285714,12.173934275714286
1819,3.939622835428571,4.716265743428572,15.42255424857143,2.955005675857142,2.257094271285714,12.61075142,12.367679970000001
1820,4.170837126714285,4.525602881428571,15.692422935714287,2.693674247714285,2.293139987857143,12.577314325714285,12.384517137142856
1821,4.467028572428572,4.382605727857142,16.04173448857143,2.5504399685714283,2.3291857045714286,12.577314325714285,12.527751444285714
1822,4.7632199900000005,4.668600006571428,16.661151515714288,2.5926514050000002,2.379697133,12.493839984285716,12.77224576142857
1823,5.052297156714286,4.922817155857143,17.026588744285714,2.6431628475714284,2.4880714227142855,12.443802737142859,12.915480068571428
1824,5.290625698857143,5.097591438857143,17.153697375714284,2.7444228584285715,2.574628567857143,12.427202695714287,12.772245759999999
1825,5.420580007714286,5.192922912285715,16.756720169999998,2.7444228584285715,2.574628567857143,12.460639902857142,12.283494249857142
1826,5.463977171285714,5.018148629285714,16.280300098571427,2.592651433285714,2.618025703285714,12.410602768571428,11.516574200714286
1827,5.471091450285714,5.272365750285714,15.644994408571431,2.7190485744285717,2.6758885647142856,12.394002728571428,11.078334188714285
1828,5.406114267714286,5.399474296714287,14.914357188571428,2.887657166,2.7408656908571425,12.360565634285715,10.412674264
1829,5.319557122571429,5.3518085882857145,14.024834462857141,2.9127942961428572,2.798728552285714,12.527514204285714,9.662591381999999
1830,5.203831371714286,5.240588620714286,13.151200174285714,2.929631434285714,2.8131942641428576,12.694462774285714,8.904208535857142
1831,5.066525658285714,5.208811462857143,12.436451617142856,2.904257150142857,2.820545697,12.727662855714286,8.263922867285714
1832,5.001548532142857,5.145257147285714,11.76936871185714,2.988442854857143,2.8350114088571425,12.76109995,7.6992857710000004
1833,4.936571349571429,5.367697138714285,11.054620154857142,3.1065400037142856,2.8205456971428573,12.77769999,7.10097439842857
1834,4.943922754142858,5.224700013428572,10.641754398285714,3.005517146714286,2.8347742549999997,12.87777425857143,6.519737261428571
1835,4.951037089571429,5.288254329,10.117668674285714,2.9381685660000003,2.8276599759999996,12.977848527142857,5.887751499571429
1836,5.095457081857143,5.145257147285713,9.339365801142858,2.8959571438571428,2.8276599759999996,12.927811392857143,5.103994326857142
1837,5.276159958857143,4.9228171277142865,9.323477136857141,2.8032342789999993,2.8350114088571425,12.927811392857143,5.019571425714285
1838,5.456862835857143,4.620934270142858,9.18047995542857,2.5504399898571424,2.8421256877142858,13.094759964285714,4.699191409
1839,5.594168549285714,4.462285719857142,9.053371437285715,2.348157143285714,2.8421256877142858,13.328345822857143,4.362211408
1840,5.688077155428571,4.430508562142857,8.544937082428573,2.188085712,2.8350114087142857,13.712042859999999,3.839785670428571
1841,5.680725750857143,4.414619955,7.957059974428573,2.154411428714286,2.8494771487142856,14.062302917142857,3.1907257014285717
1842,5.630214308285714,4.112974223,7.115202814571428,1.9604285671428572,2.8423628698571433,14.329325871428571,2.381594286857143
1843,5.442397208857143,3.9543256728571423,6.162125659,1.7752199984285715,2.8494771487142856,14.679585814285714,1.505351459571429
1844,5.240114369428571,3.9068971182857135,4.5101885681428575,1.6741971414285715,2.8494771487142856,15.013245942857141,-0.10413709771428577
1845,5.03783153,4.049894243571428,3.430240020142857,1.6488228572857142,2.8423628698571433,15.330068678571427,-0.9635428010000001
1846,4.842662969428572,4.176765636,2.826474305,1.7164085707142858,2.8205457251428574,15.61345432,-1.460831373
1847,4.669311497000001,4.160877085285714,2.2547228944285713,1.834268579857143,2.8060800134285713,15.847040179999999,-1.7978113668571427
1848,4.575402947285714,4.160877085285715,1.8153366821666665,1.977502866142857,2.7484542919999995,16.064025884285716,-2.1938399281428573
1849,4.510425764571428,4.367191343857143,1.9636300191666667,2.0956000151428573,2.733988580142857,16.397685785714284,-2.0252313648571425
1850,4.488845745571428,4.541728501142857,2.3529000206666666,2.230297155428572,2.7050571565714288,16.69790882,-1.6123656654285714
1851,4.423868591142857,4.684488500714286,3.1682366783333333,2.2388343014285716,2.6832400118571433,16.881457205714288,-0.8622828254285715
1852,4.358891436714286,4.636822792285714,3.2053099961666667,2.264208585571429,2.661422867142857,16.98153147428571,-0.7275856781428571
1853,4.322845705857143,4.716265658571428,2.4641199906666666,2.314720014,2.675888579,17.031568495714282,-1.174125682
1854,4.322845705857143,4.811597075428572,2.1489966495000004,2.424280016857143,2.683002857857143,17.048405435714283,-1.5028056625714286
1855,4.265219956000001,4.779819974142856,2.080185702,2.449654301,2.690117136714286,17.031805282857142,-1.2414742344285714
1856,4.207357137142858,4.589394294428572,2.1278514104285717,2.3569314361428573,2.6611856990000002,17.031805282857142,-1.0391913807142859
1857,4.156608568857143,4.4940628494285715,2.5724942817142855,2.348631444,2.6611856990000002,16.898293692857145,-0.5926513909999999
1858,4.178188559571429,4.382842853714285,2.890265689857143,2.365468582142857,2.646719987142857,16.881456752857144,-0.17978564928571433
1859,4.243165714,4.319288566428571,3.7797885015714283,2.424517149571429,2.639605708285714,16.914894074285716,0.7389057824285716
1860,4.387585734571428,4.1129743077142855,5.447614242,2.3486314369999994,2.610674284571428,16.981768488571426,2.213697235
1861,4.560937207,3.842868607857142,7.449099969714284,2.0536257115714287,2.603560005714286,17.031805735714283,4.017168611571429
1862,4.791914372714286,3.747774316714285,9.275811287285714,1.893317140285714,2.596445726857143,16.981531474285713,5.508797117428571
1863,5.052060087714286,3.763662867428571,10.848305555285714,1.859642857,2.5819800149999996,16.83118294428571,6.798142826142858
1864,5.254342927285714,3.4620171637142856,12.103265511428573,1.5900114227142856,2.5385828795714285,16.864620265714287,7.817857086428573
1865,5.391648640714286,3.271591441714286,12.897456934714285,1.3791914265714287,2.524117167857143,16.88145720571428,8.500354234285714
1866,5.514488614000001,3.097054312571428,13.437431321428571,1.210582858,2.4951857299999998,16.814820029999996,8.85417140157143
1867,5.543420037571429,2.9222800155714284,13.70753702142857,1.1515342905714285,2.4517885805714283,16.747945615714283,9.148939980142858
1868,5.485557190428572,2.7477428724285713,13.739314122857142,1.0083000025714284,2.3939257191428567,16.73110845,9.233125699
1869,5.435045747857144,2.6206342978571433,13.628094268571429,0.9831628582857143,2.3505285695714284,16.848019887142858,9.216051519999999
1870,5.3771829005714284,2.5729685894285717,13.564539952857142,0.9324142865714286,2.364994281428572,17.065005592857144,9.165303008285715
1871,5.427931468714284,2.7636314512857147,13.580428504285715,1.0390100006666667,2.408391416857143,16.99836841714286,9.165303008285715
1872,5.471328632285713,2.8430743032857144,13.596317054285715,1.1294800001999998,2.451788552285715,16.898057134285715,9.140165878142856
1873,5.478442911285714,2.8748514328571426,13.675759807142855,1.1294800002,2.495185701857143,16.964694310000002,9.182377300285713
1874,5.492908594857143,2.9542942848571427,13.659871257142855,1.0116199963999999,2.5459342842857144,16.96469431,9.072817325714286
1875,5.521840018428572,2.9701828495714286,13.564539839999998,0.9999999949999999,2.6037971457142857,16.78114569857143,8.971557314857142
1876,5.5073743348571425,2.954294270714286,13.357988342857142,0.8466159958,2.6327285692857147,16.43088586857143,8.786348710857142
1877,5.463977171285714,2.8907399975714285,13.008439777142858,0.7878519954000001,2.6327285692857147,15.980551542857143,8.516717205857143
1878,5.304854313285714,2.7954085667142854,12.579448344285717,0.7642799963333333,2.618262857428572,15.663491454285714,8.238548667857142
1879,5.174900004571429,2.668299992142857,12.754222627142857,0.848465711,2.6037971455714284,15.380105812857142,8.550391425857143
1880,5.016014328714285,2.8110599917142856,13.071756967142857,0.9831628565714284,2.581980000857143,14.929771487142856,8.861997170285715
1881,4.871594336428571,2.9220428617142855,13.405179742857143,1.1010228568571427,2.574628567857143,14.496037315714286,9.241188592714286
1882,4.727174287571429,3.0491514362857144,13.595842577142857,1.2779314228571426,2.574628567857143,14.195814507142856,9.628917219
1883,4.618799997857143,3.3349085892857144,14.072262648571428,1.4970514252857143,2.5817428608571427,13.995428728571428,10.193554371571429
1884,4.626151402428571,3.8431057478571424,14.94589705,1.9521285609999999,2.6251400104285714,13.778443022857143,11.137383003714287
1885,4.6768999707142855,4.430745716,16.04197138714286,2.3649942744285712,2.654071434142857,13.628331618571428,12.1148858
1886,4.6984799897142855,4.938942888714286,16.42306004285714,2.8286085562857144,2.6685371459999994,13.461382934285714,12.460165877142856
1887,4.741877096857144,5.463265766,16.96327144142857,3.2331742847142855,2.683002857857143,13.377908591428573,13.126062928571429
1888,4.741877096857143,5.908145748857143,17.376374437142854,3.5618542935714284,2.704820002571428,13.561457202857143,13.623351529999999
1889,4.705594268714286,6.479897152428571,18.13878887142857,3.932745724714285,2.7048200025714286,13.895117331428574,14.179451479999999
1890,4.691128528571428,6.8294457184285715,18.53600320285714,4.320237125714286,2.7121714355714284,14.429163011428571,14.600617087142856
1891,4.568288555285714,7.163105677285714,18.91709163142857,4.547657123714286,2.683240012,14.962971679999997,15.005182767142855
1892,4.445448582,7.258437150714285,18.932980295714287,4.867799986571429,2.661660021285715,15.530217441428572,15.224302715714288
1893,4.373119994714285,7.321991409714286,19.15542023,4.783377142,2.640080030571429,16.013988861428572,15.35923706
1894,4.329722887571429,7.274325701285714,19.107754465714287,4.8424256741428575,2.6400800305714287,16.464323187142856,15.232839918571429
1895,4.315257147428572,7.401434275857143,18.996534271428573,4.960522794857143,2.632728597714286,16.631271644285714,15.249677084285713
1896,4.329722859285715,7.496765749142858,18.869425640000003,5.095219956142857,2.632728597714286,16.664708738571427,15.36777426142857
1897,4.322608580428572,7.6715400321428575,18.93297984142857,5.086919992428571,2.632728597714286,16.61467149142857,15.435359938571429
1898,4.3370742638571445,7.623874380285714,18.79022001142857,5.002734273571429,2.632728597714286,16.58123417,15.199402822857143
1899,4.322608552,7.5920972224285705,18.567779849999997,4.8763371324285725,2.6327285977142862,16.41428548714286,15.013957205714288
1900,4.301028561285714,7.703317246428571,18.377117017142858,5.078619972,2.639842876571429,16.397685560000003,15.056168514285716
1901,4.243402811428572,7.687428639285714,18.393005681428573,5.0617828621428576,2.625377164714286,16.397685560000003,15.098142811428572
1902,4.185539992571429,7.687428639285714,18.472448547142854,5.078620028571429,2.6253771647142856,16.39768556,15.098142811428572
1903,4.1784257135714284,7.7033171898571435,18.440671447142854,4.969059997428571,2.6035600199999998,16.380848392857143,14.97174567
1904,4.207357137142857,7.528542906857142,18.32945148,4.943685684999999,2.6106742988571425,16.364011452857145,14.862185695714286
1905,4.214471472714286,7.321991409428572,17.948125587142858,4.901474262714286,2.6251400105714287,16.480922890000002,14.702114221428573
1906,4.2505172035714285,7.433211376857144,17.884571384285714,4.817288544,2.6540714341428573,16.71450874857143,14.752862734285715
1907,4.243165770714286,7.576208445571429,18.12289998285714,4.817288544,2.646957155285714,16.73110867571429,15.005657017142855
1908,4.2647457897142855,7.544431344285714,17.757462752857144,4.775077121714285,2.6543085882857143,16.714508748571433,14.811911322857142
1909,4.293677213285714,7.480877085285714,17.77335141714286,4.732865699428571,2.6543085882857147,16.831183172857145,14.94684544
1910,4.387585791285714,7.4173227697142865,17.83690561857143,4.892937116714286,2.690591444714286,16.71450875,14.887796964285714
1911,4.4165172148571425,7.433211320428572,17.83690561857143,4.766540003857143,2.6979428775714287,16.29761151857143,14.912934094285715
1912,4.532242909142857,7.433211320428572,18.250008612857144,4.808751426142856,2.6979428775714283,15.847277418571426,15.09837971
1913,4.705594325,7.401434219285714,18.694888710000004,4.935148567142858,2.705057156428571,15.41354302142857,15.384848324285715
1914,4.936808588142857,7.290214251857143,18.726665809999997,4.876099978428571,2.741102858857143,14.896334508571426,15.148891208571428
1915,5.2040685820000006,7.4649885348571425,19.44141436714286,4.884637124428571,2.784262840285714,14.429163017142855,15.528082745714284
1916,5.514725739571429,7.163105677285714,19.711520067142857,4.572794253714285,2.834774282857143,13.978828691428571,15.41852277142857
1917,5.767520021714286,7.0359971592857145,20.092608722857143,4.2526514191428575,2.8634685525714287,13.762080225714286,15.713528362857144
1918,6.034542861714286,7.051885766428571,20.600805782857144,4.4634714330000005,2.899514255142857,13.762080225714286,15.755739898571429
1919,6.222122835571429,7.369657231285714,20.918340008571427,4.505445729571429,2.9355599577142857,13.69520581142857,15.848225694285714
1920,6.243939980285714,7.607748590999999,21.076988501428577,4.648680036999999,2.9426742367142857,13.745243058571429,15.780877255714286
1921,6.243939980285714,7.655414299428571,20.457334235714285,4.707728625714286,2.942674236714286,14.045703105714285,15.132054382857143
1922,6.207894277857143,7.703079951285716,19.186722854285716,4.825588620714286,2.9210942459999996,14.279288738571427,13.901757191571429
1923,6.121099950571429,8.179737035285715,18.36075433,5.331177184857144,2.9284456505714287,14.412800101428571,13.067488703571428
1924,5.983794237142857,8.433954184428574,16.756482820000002,5.626182889142858,2.957377102428571,14.3459258,11.499974442857141
1925,5.861191389428571,8.465731285714288,15.04099145542857,5.465874289714286,2.9789571214285715,14.395963047142857,10.050557302857143
1926,5.680725694571429,8.290957002714286,12.642528579285713,5.3985257372857145,2.9860714285714285,14.579511658571429,7.918643049142857
1927,5.6083971072857155,7.687428469857143,10.68894568557143,4.825588578285713,3.007888573142857,14.529474411428568,5.9634000771428575
1928,5.557885721142857,7.4332113771428565,9.052897131428573,4.589631434285714,3.0294685921428575,14.379362894285714,4.480071535857143
1929,5.4926714127142855,6.829445718428571,7.877380040428571,4.202139990857143,3.022354313142857,14.346163038571428,3.468894340285714
1930,5.449274305571428,6.924777135285714,4.223957150428571,4.261188579571428,2.978957177857143,14.379363119999999,-0.12097434742857135
1931,5.420342881999999,6.336899970714286,3.6045400095714277,3.881997156428571,2.928445735285714,14.562911617142857,-0.7697972084285717
1932,5.463502920000001,5.907908538428571,2.5404799981428567,3.6209028679999995,2.885285725571429,14.729622835714284,-1.882234347714286
1933,5.615274373428571,5.669579939857143,1.9051743002857144,3.3766457037142854,2.8637057065714293,14.746222762857142,-2.6491543735714287
1934,5.709182923142857,6.035017113,-0.7157285117142858,3.8148857012857147,2.8347742829999993,14.89633428,-5.269820087285715
1935,5.716297202142856,6.114459922714286,-2.2246685482857145,3.8402599854285713,2.777148561571429,15.09648281857143,-6.912982977428571
1936,5.694717239714286,6.146237024,-3.050637129142857,3.8485599774285717,2.7697971287142855,15.296631357142857,-7.915860074857143
1937,5.5647629308571425,5.494805656857143,-1.112705688714286,3.2502485342857144,2.755331416857143,15.413542792857143,-5.859831428285715
1938,5.398762919571429,5.367697082285715,-2.113448552571428,3.0142914010000004,2.7119342814285714,15.597091404285715,-6.71093715
1939,5.145968609285714,5.335919980999999,-2.5265514200000005,2.845682834285715,2.683002857857143,15.713765827142854,-7.014242874714285
1940,4.856891442428571,5.145257147285714,-2.844322849428572,2.778097127857143,2.639605722428571,15.813840097142858,-7.081591427142856
1941,4.582517169571429,4.827485682428572,-2.2090171581428573,2.364994260428571,2.60356002,15.96395138714286,-6.247322826285715
1942,4.445448581857142,4.748042872714286,-1.938911401857143,2.213222835142857,2.625140010714286,16.197537020000002,-5.859594200714285
1943,4.3010285612857135,4.795708637714286,-2.462997125142857,2.188085705,2.625140010714286,16.381085405714288,-6.196574201571429
1944,4.2649828588571435,4.938705763000001,-3.003208553,2.457717139285714,2.6106742988571425,16.697908141428574,-6.668488489571429
1945,4.221585723428571,4.907165759142857,-3.098302844142857,2.6177885741428573,2.6251400105714287,16.99813095,-6.794885630714286
1946,4.214471444428571,4.907165759142857,-2.8123085512857138,2.701974289428572,2.646720001285714,17.415265194285716,-6.306134204571429
1947,4.171311434714286,4.827722893,-2.430982834571428,2.761022849714286,2.6251399964285715,17.798962344285716,-5.867894192857143
1948,4.156845723000001,4.827722893000001,-1.4779057142857146,2.879120012857143,2.6251399964285715,18.099422391428572,-4.957739949571428
1949,4.1205628665714285,4.827722893000001,-0.1755171467142858,2.8791200128571433,2.6180257174285715,18.416245352857143,-3.6264199690000005
1950,4.142142857285714,4.827722893000001,0.8252257171428573,2.9884428618571426,2.625377150285714,18.699631219999997,-2.6574542911428574
1951,4.171074280857143,4.700614318428571,1.651194298,2.777860002,2.625377150285714,18.733068314285713,-1.7387628629999998
1952,4.250517118714286,4.938705763142857,2.4136085915714287,2.895719997,2.6471942949999994,18.816542655714283,-1.022354285
1953,4.286562849571428,4.986371471571429,3.0171371385714285,3.047491415,2.6256143042857145,18.733068314285713,-0.5250657130000002
1954,4.373120023,4.986371471571428,3.8431056982857146,2.9801428484285712,2.647194309142857,18.783105561428574,0.15743143485714292
1955,4.510188610571428,4.843374346428573,4.144988562857143,2.8957199757142855,2.6471943091428574,18.91661692571429,0.25845431999999996
1956,4.647494352142857,4.700377164714285,4.367428582571429,2.853508553571429,2.6253771644285715,19.033528361428573,0.4607371701428572
1957,4.828197229142857,4.5414914322857145,5.796925696714285,2.626088555571428,2.610911452714286,19.13383964428571,1.8091314534285716
1958,5.016014385142857,4.351065724285714,7.147217126142857,2.4406428399999998,2.603797159714286,19.317388255714288,2.8876571518571432
1959,5.2111829457142855,4.239845700285714,8.735600057000001,2.246897118285714,2.567514303285715,19.40062536,4.370748596571429
1960,5.435045804142857,4.081197121857143,10.101542969142859,2.044614271714286,2.545697158571429,19.450662607142856,5.516622886428571
1961,5.615748624571429,3.874882835,11.213505913285713,1.7749828445714282,2.5385828655714286,19.367425504285713,6.4604514058571425
1962,5.738588598,3.700345705857143,12.976663127142857,1.5812371334285713,2.5096514277142856,19.200477047142858,8.247085672571428
1963,5.883008590285714,3.4781428682857145,14.27905161,1.370654278857143,2.4951857160000004,19.03352836428571,9.334148584285714
1964,5.955099995428571,3.4148257067142853,14.660140151428573,1.2696314237142856,2.487834283,18.883179834285716,9.620617199142858
1965,5.976679957857144,3.383048577142857,14.787248782857144,1.2444942811428572,2.487834283,18.76626839857143,9.747014340142856
1966,5.976679957857143,3.208511448,14.77136012,1.1180971454285715,2.5096514277142856,18.649594201428574,9.696502841
1967,5.96245134342857,3.1608457395714287,14.67626582857143,1.0592857142857142,2.531468572428572,18.61639412,9.561805736142857
1968,5.976679957857143,3.224400026857143,14.59682285,1.1477400025,2.5675142891428573,18.599556954285713,9.485920094142857
1969,5.976679957857143,3.192622869142857,14.485602769999998,1.1301440014000002,2.596445727,18.61615688142857,9.418334416000002
1970,5.904588496285713,3.1290685818571427,14.295177061428571,1.0710480003999998,2.6109114387142855,18.61615688142857,9.308774328142857
1971,5.825145630142857,3.0337371650000002,14.009419937142857,0.9883799985999999,2.6109114387142855,18.683031295714283,9.115028521571428
1972,5.716771396857142,2.986071456714286,13.691648472857144,0.9173319982000001,2.6324914435714284,18.632994274285718,8.879071405857143
1973,5.593931423571428,2.922517169428571,13.294434254285715,0.8582359971999999,2.625140010571428,18.54951993142857,8.626039998000001
1974,5.500022873857143,2.8271857385714285,12.817777057142857,0.7400440001999999,2.646720001285714,18.532682765714288,8.305659981285714
1975,5.370068565142858,2.954057159285714,12.43645139,0.940793335,2.6177885775714285,18.482645517142856,8.069702809
1976,5.204068610285715,3.4781428542857142,12.45233994,1.2442571342857143,2.595971432857143,18.449445661428573,8.27198559257143
1977,5.088342915857142,3.7321228212857145,12.690431412857142,1.370654277,2.6033228658571432,18.416008567142857,8.583828463857143
1978,4.994434366,4.017879974285714,12.89698291,1.463377134857143,2.6106742988571434,18.232459955714287,8.946182833857142
1979,4.987320030571428,4.287748520142857,13.373402868571429,1.648822852142857,2.625140010714286,18.132385685714286,9.401260012
1980,4.958388606999999,4.509951385857144,14.072262875714287,1.884779997857143,2.646957155428571,18.13238568571429,10.125968638
1981,4.907640038714286,4.891039969857142,14.930008727142857,2.2219971385714286,2.632491443571429,17.949074312857142,11.010985806999999
1982,4.864242875,5.192922855714286,15.962528635714284,2.4408799905714287,2.646957155428571,17.78236286857143,12.005562838571427
1983,4.8929371164285715,5.272365721999999,16.852051588571424,2.761022881714286,2.675888579,17.481902821428573,12.856668492857144
1984,4.885822837571429,5.701357154285715,17.55114872142857,3.1402143331428576,2.675888579,17.115042837142855,13.65726276142857
1985,4.820845711571429,6.098571428714286,18.361228808571433,3.510868627857143,2.668537146,16.797982862857143,14.322922798571428
1986,4.734051440714286,6.241568610428572,18.67900027285714,3.7299886195714285,2.6396057222857143,16.464322734285712,14.794837142857144
1987,4.669074258,6.686448593285715,18.91732887142857,3.9996200679999996,2.6177885775714285,16.14749999857143,15.182565768571427
1988,4.575165680142858,7.051885709857143,19.235100109999998,4.353437235285714,2.6033228657142855,15.913914365714286,15.511008567142857
1989,4.510188554,7.131328519428572,19.39398584142857,4.5137458065714275,2.5962085868571423,15.83044025,15.679380004285717
1990,4.459677168,7.035997102571429,19.330431412857145,4.370511499142857,2.5817428749999998,15.730365981428575,15.536145922857145
1991,4.4018143208571425,7.03599710257143,19.23510010857143,4.438097177285714,2.5888571538571425,15.580254691428573,15.392911614285714
1992,4.394699985285714,6.908888528000001,18.69488848142857,4.480308599571429,2.5962085868571423,15.430143174285714,15.05593150142857
1993,4.3731199662857145,7.178994227857143,18.80610844857143,4.488845745571429,2.5962085868571423,15.29686905,15.08960560857143
1994,4.365768561714286,7.051885653285715,18.71077691857143,4.4637085871428575,2.5962085868571423,15.14675753285714,14.980045634285714
1995,4.365768561714286,6.765891402857143,18.361228352857147,4.219451422714286,2.581742875142857,14.979808849999998,14.727251352857143
1996,4.351302850000001,6.861222876285715,18.17056552,4.295099995428571,2.567277149142857,14.729623062857144,14.67674008
1997,4.344188514428572,6.686448593285713,17.852794055714288,4.210914276571429,2.567277149142857,14.54631169,14.449319939999999
1998,4.300791350714286,6.511674310285714,17.566799692857142,4.194077166714286,2.5456971442857146,14.396200172857144,14.213362824285714
1999,4.250279936428571,6.241568610428572,17.678019887142856,3.9749571608571435,2.5312314182857145,14.346163037142857,14.204825734285716
2000,4.228462820142857,6.019128619,17.535022818571427,4.075980046000001,2.524117125285715,14.346163037142858,14.09526576
2001,4.206882829428571,6.00324006842857,17.550911481428567,3.8905343162857142,2.509651413571429,14.296126015714284,13.960568542857143
2002,4.2213485411428575,5.907908595142857,17.471468614285715,3.7724371674285715,2.5314685582857144,14.24608888,13.952268578571429
2003,4.214234262142857,5.510694264142856,17.09014294714286,3.3932457442857142,2.5314685582857144,14.212651672857143,13.564539952857144
2004,4.214234262142858,5.685468547142858,17.185474477142858,3.3847085982857146,2.524354265285715,14.179214465714285,13.732911391428571
2005,4.272097109285714,5.637802838714286,17.185474477142858,3.2414742908571434,2.5314685582857144,14.179214465714285,13.699237172857142
2006,4.344188542571429,5.7490228061428565,17.137808712857144,3.275148567,2.5385828512857143,14.179214465714285,13.707774262857141
2007,4.430982841571429,5.764911356714286,17.296694445714287,3.1065399755714287,2.5675142889999996,14.31248859,13.72461142857143
2008,4.582754266714285,5.621914174857143,17.26491711857143,3.089702837571429,2.6109114244285716,14.479199808571426,13.716074225714285
2009,4.676662816428572,5.6378027820000005,17.67802011428571,3.1738885562857146,2.625377136142857,14.646148379999998,13.960331305714286
2010,4.842662799428571,5.939685639571429,18.265897278571426,3.3678714037142856,2.646957141,14.679585587142856,14.322685562857144
2011,5.044945695571429,5.860242773428571,18.631097269999998,3.334197127428571,2.6685371458571434,14.662985547142856,14.508131405714286
2012,5.261694275142857,5.9555741901428565,19.457065794285715,3.266611421142857,2.675888578857143,14.713022794285715,15.131580021428572
2013,5.528954297285715,5.955574190142857,20.187702788571432,3.452057150857143,2.697705723571428,14.696422867142857,15.637168585714287
2014,5.745702876857143,6.066794214142858,20.79123137857143,3.6375028521428576,2.704820002571428,14.546311462857142,16.05027158
2015,5.853840041,6.352788521142857,21.013671539999997,3.9493457228571427,2.683240011857143,14.379600244285715,16.21888014285714
2016,5.940634368285714,6.781779953285715,20.807120042857143,4.311699979714286,2.675888579,14.329563222857143,15.865062975714286
2017,5.962451513,6.765891402714287,19.59982573857143,4.4463971128571425,2.6687743001428577,14.629786031428571,14.75286301828571
2018,5.868542906714285,7.194882834857144,17.69390860914286,4.892937088571428,2.6761257329999997,15.096720284285714,12.823231484571426
2019,5.738588598,7.274325701142858,15.374888655000001,5.162568508714286,2.7050571565714283,15.346905844285715,10.56491998442857
2020,5.529191423142857,7.814537100857143,12.214011597428572,5.592271374428571,2.7050571565714283,15.513617175714284,7.607037171428572
2021,5.334022806,8.084642800714287,8.274831469142857,5.794554214000001,2.6761257328571424,15.697165674285714,3.840022831857143
2022,5.168022794714285,8.513397050142858,4.446871421714286,6.156908470714286,2.6905914445714285,15.930514068571428,0.056408564714285604
2023,5.088579928571429,8.179737034714284,0.9046686120000001,5.9885370895714285,2.7124085892857144,16.130662607142856,-3.280665615285714
2024,4.973091359857143,8.561062702,-3.3046172165714287,6.409939991428572,2.7268743009999996,16.164099701428572,-7.3761228107142855
2025,4.922342791571428,8.290957002142857,-5.290214337285714,6.148845745428572,2.7268743009999996,15.997388255714284,-9.272317079857142
2026,4.8789456844285715,8.195625585285715,-7.323477166428572,6.005611466285714,2.676125732714286,16.03058833714286,-11.12629988542857
2027,4.922342848,7.925519942,-8.594088632857142,5.575908600571428,2.668774299857143,16.097462751428573,-12.558879915285713
2028,4.9946714352857144,7.750745659000001,-8.800640017,5.449511459571428,2.683240011714286,16.214137174285717,-12.752625721428574
2029,5.088579985000001,7.576208502285714,-9.626608541,5.264065786428572,2.6687743,16.33104861,-13.654479888571428
2030,5.168022851142857,8.370399926,-11.357751329857143,5.820165793285715,2.632491443428571,16.431122878571426,-15.499925617142859
2031,5.240114312714286,7.687191401142857,-8.705071218571428,5.061782904571428,2.589094293857143,16.481160125714286,-12.752862733142857
2032,5.261931457428571,7.1313285482857145,-7.100799821571429,4.631842884857143,2.545697144285714,16.664708737142853,-11.193885601285713
2033,5.247465717428571,6.7976685611428564,-5.559845586285715,4.227514310285715,2.5675142889999996,16.848257348571426,-9.803517077571428
2034,5.110160004142857,6.289234262714285,-4.638545532000001,3.8734600244285713,2.553048577142857,17.115043062857143,-8.817477079714285
2035,4.9078771645714285,5.733134255857143,-4.416105540714287,3.426920048714286,2.5025371487142856,17.41550311,-8.362399902000002
2036,4.705594325,4.954594314142858,-3.0978284511428567,2.9886800369999995,2.4807200039999997,17.5490147,-6.997168593142858
2037,4.503311457285714,3.9061857412857144,-1.5888885845714282,2.2471343004285713,2.4662542922857145,17.632489042857145,-5.084374311714286
2038,4.358891436714286,3.874408611714286,-2.5419657684285712,2.525065755142857,2.4878342971428573,17.732563312857145,-6.129225772857143
2039,4.236051463285714,4.207831473142858,-4.035017198,2.600951467857143,2.5023000090000003,17.91587468571429,-7.3846601114285715
2040,4.142142913428572,4.176054315428572,-3.7174828871428574,2.6177886095714284,2.487834283,18.09942307142857,-6.971557258142857
2041,4.106097182571429,4.366717149142857,-2.843848626,2.660000038857143,2.487834283,18.316408777142858,-5.926705796999999
2042,4.113211461571429,4.462048566,-2.1291000760000003,2.701974321428571,2.5238799995714283,18.66666860714286,-5.201997227
2043,4.120325740571428,4.6050456912857145,-1.5732372231428573,2.777860019857143,2.552811423142857,19.083565611428575,-4.426777214428572
2044,4.1129743077142855,4.827485682714285,-0.23907147657142852,2.626088580571429,2.552811423142857,19.533899709999996,-3.3397143875714286
2045,4.149020038571428,4.8910399700000005,0.6345628552857143,2.457717143,2.552811423142857,19.90099693285714,-2.4803086561428573
2046,4.156134317571428,4.763931395428571,1.7147485854285713,2.6431628584285716,2.545460004428571,20.151419958571427,-1.5535543157142857
2047,4.1850657412857135,4.922817099571428,1.7306371360000001,2.761022857,2.545460004428572,20.36840589,-1.545254323571429
2048,4.228225751,4.605282845285714,2.064059997428571,2.6177885690000005,2.5383457114285717,20.485080087142855,-1.2587857511428573
2049,4.2645085791428565,4.541728558,2.8900285854285714,2.626325715,2.523879999714286,20.26809438285714,-0.4750285924285714
2050,4.300791407285714,4.4305085622857145,4.081434254714286,2.4240428614285716,2.487834283,20.151420185714283,0.5868971042857142
2051,4.358654254428571,4.160402862428572,5.415600015857144,2.356694294857143,2.4807199898571426,20.084783237142858,1.8171942385714286
2052,4.4525628041428575,3.9540885755714283,6.845097200857142,2.1121999977142853,2.466254278142857,20.084783237142858,3.131914273857143
2053,4.618799941142858,3.7477742887142855,8.242817157714287,1.7920571419999998,2.459139985,20.067946069999998,4.463471419
2054,4.813731376,3.446128585,9.164117098571428,1.6488228592857141,2.4373228544285714,20.067946069999998,5.289439971714286
2055,5.030479955571429,3.446128585,10.27607993,1.7078714284285712,2.4299714357142856,20.06794607,6.216431423714286
2056,5.218297111571429,3.3192571642857147,11.435708470285714,1.564637142142857,2.415505723857143,20.10138339,7.151722797142858
2057,5.3916485839999995,3.0811657478571424,12.29345420857143,1.2527942855714282,2.408154305142857,19.984471954285713,7.851057111285714
2058,5.572351461142857,2.8430743174285715,12.738334191428573,1.0590485710000002,2.393688593428571,19.83412319857143,8.188274237857142
2059,5.6807257508571425,2.7159657428571427,13.199102724285712,1.0170742832857145,2.3865743002857145,19.633737419999996,8.626514249571429
2060,5.731237193428571,2.6524114555714284,13.548651289999999,0.9706733296666669,2.364757155714286,19.45018880857143,8.921519953857143
2061,5.818031464285715,2.7159657428571427,13.913851281428569,0.9706733296666666,2.4226200029999996,19.18316585571429,9.14893998
2062,5.890360051571428,2.763631451142857,14.072737014285716,0.8721799988333331,2.4515514265714287,18.91638014142857,9.21628853242857
2063,6.012962899285715,2.795408580714285,14.072737014285716,0.8129733318333333,2.559925716428571,18.64959442714286,9.073054338
2064,6.1500314305714285,2.906628576428571,14.136291217142858,0.9507533326666667,2.603322851857143,18.432845735714288,9.022542952
2065,6.215008556714286,3.0337371368571424,14.231622632857142,0.999723335,2.6756514250000003,18.18266017428572,9.064754374285714
2066,6.222359961285714,3.1449571325714287,14.295176948571429,0.9405166679999999,2.740628565285714,17.999348802857146,9.03108004157143
2067,6.287337087428571,3.192622841,14.16806843,0.9153399999999998,2.8418885620000003,17.782600111428575,8.811960092285714
2068,6.207894221142857,3.1449571325714287,13.914088519999998,0.8731285707142857,2.841888562,17.5990515,8.660188695428571
2069,6.1139856148571425,3.0972914242857144,13.580428504285711,0.8648285697142858,2.856354273857143,17.54901447857143,8.457905799285715
2070,5.998497046142857,3.0814028735714287,13.294434252857142,0.8902028555714285,2.827422822,17.56561440571429,8.314671491857142
2071,5.810917072285713,2.954294299,12.91310869857143,0.7552685738571429,2.8779342645714285,17.56561440571429,8.146062928571428
2072,5.695191377857142,3.112942877428572,12.817777282857142,0.797480003142857,2.8995142552857147,17.51557715857143,8.120688672714286
2073,5.608397107142857,3.033500025428572,12.627114335714285,0.7933300038333333,2.921094274285714,17.48213983857143,7.968917275857143
2074,5.478442854857143,3.001722896,12.43645150285714,0.8915466716666667,2.9066285624285717,17.48213983857143,7.876194354428572
2075,5.4566257102857145,3.144482895571429,12.484117154285714,1.0096833385,2.9139799952857146,17.549014252857145,8.053340007142856
2076,5.377182844142857,3.5096828581428574,13.02409142857143,1.3342133386666666,2.935559986,17.582214107142857,8.660188581714285
2077,5.326671458,3.700108537857143,13.54817703857143,1.5309233395,2.935559986,17.665688448571427,9.283874323714286
2078,5.3771829005714284,4.2083057105714285,14.262925482857144,2.061846681,2.9284456788571425,17.765762717142856,9.797999977857144
2079,5.348488602571429,4.589631434285715,14.993562589999998,2.514196672166667,2.899514255285714,17.882674152857145,10.472197105142856
2080,5.269045736428572,5.224937167428572,15.898973981428572,2.7444228657142857,2.877934236285714,17.966148494285715,11.483374346285714
2081,5.247465717428571,5.9714629104285715,17.026825305714286,3.216337167857143,2.8995142552857147,18.04962283571429,12.696834371
2082,5.211420014857143,6.400454342571428,17.630353895714286,3.5618543218571426,2.9355599577142857,18.149697104285714,13.269771487142858
2083,5.218534350285714,6.479897208857143,17.61446545714286,3.460594325142857,2.964491409571429,18.166534271428574,13.092862960000001
2084,5.211182889142857,6.750002965285714,17.646242785714286,3.578454334285714,2.9934228614285723,18.099659857142857,13.101162922857144
2085,5.167785725571428,6.829445774999999,17.77335141714286,3.6711771708571423,3.007888573142857,17.999585588571428,13.345420114285716
2086,5.131502840857143,6.9088886412857144,17.77335141714286,3.6375028945714285,3.0439343038571427,17.982748421428575,13.370557244285715
2087,5.182014283428572,6.7023372004285715,17.503245717142857,3.4859685949999997,3.0510485828571428,17.86583698571429,12.949154285714286
2088,5.196479967,6.416342893428572,16.883591451428572,3.266848589142857,3.0510485828571428,17.71572546857143,12.350842799999999
2089,5.153082803285714,6.146237193714286,16.534042884285714,3.275148581285714,3.0510485828571428,17.498739764285713,12.148560017142858
2090,5.145968467857143,6.082682934571429,16.375394164285716,3.3088228574285723,3.0583999874285714,17.38182832857143,12.039000042999998
2091,5.059411322857144,5.90790865157143,15.962528294285715,3.1909628482857144,3.051285680142857,17.398665495714287,11.777905684428573
2092,4.936571349571429,5.749022975714285,15.64475682857143,3.064565707142857,3.0223542565714285,17.498739764285716,11.61783421157143
2093,4.886059963571428,5.367697251857143,15.00945113714286,2.794697133,3.000774237571428,17.365465414285715,11.255479955857142
2094,4.878945684571429,5.335920094142858,15.073005565714286,2.8366714295714286,3.0225913821428567,17.26539114428572,11.424088520142856
2095,4.8210828374285715,5.145257203999999,14.946134174285714,2.68513713,3.022591382142857,17.115042614285716,11.289154290142859
2096,4.813968558571429,5.018148629285714,14.676265601428572,2.373531413142857,3.0152399775714285,17.065005365714285,10.90166279057143
2097,4.7850371350000005,5.018148629285714,14.91435718857143,2.5506771365714287,2.9789571211428574,17.014968344285716,11.272317011857142
2098,4.835548577571429,5.129368596714286,15.533774328571427,2.7529599901428567,2.9789571211428574,16.914894074285712,11.828417074714286
2099,4.900525703571428,5.224700013428572,15.676771624285715,2.837145709,2.971842842285714,16.78138271142857,11.870628496142858
2100,4.929457127142856,5.574248579428572,16.073748717142855,3.2417114162857144,2.971842842285714,16.848019887142858,12.216145586142856
2101,4.907639982428572,5.494805713285714,15.914862984285715,3.107014269,2.9429114187142855,16.98153125142857,12.056074111857141
2102,5.0015485885714295,5.5424714217142865,16.200620108571428,3.224874264,2.950262823285714,17.231954277142858,12.334242649
2103,5.059174309999999,5.685468547000001,16.724705944285713,3.3595713971428576,2.935797083285714,17.41550288857143,12.738571315714283
2104,5.167548599714286,5.621914231571428,16.740594381428572,3.1992628260000004,2.9286828042857147,17.498977004285717,12.688059928571429
2105,5.254342870428571,5.621914231571429,16.692928617142858,3.0897028231428574,2.8926371018571433,17.56561418,12.435265647142856
2106,5.406114267428571,5.510694207714287,16.867702787142857,2.912794253714286,2.8926371018571433,17.599051274285717,12.511151402857141
2107,5.564999943285714,5.224699900857142,16.96303431714286,2.5758142670000006,2.899751380857143,17.649088521428574,12.334242875714285
2108,5.752817099285714,5.113479905142857,17.614228445714286,2.5253028385714282,2.863705678428571,17.615651427142858,12.924017158571429
2109,5.846725649,5.224699929000001,18.23364569857143,2.6433999875714282,2.7697971145714284,17.49873999142857,13.320045861428571
2110,5.933519919857143,5.320031345857143,18.392531204285717,2.7361228524285717,2.719285700142857,17.432102815714284,13.513791554285715
2111,5.933519919857143,5.590137102142857,18.36075410285714,3.098477109142857,2.675888564714285,17.482140062857145,13.303208694285715
2112,5.868542793714286,5.590137102142856,17.725448525714285,3.1658256897142856,2.6251399964285715,17.532177084285713,12.746871505142858
2113,5.767519965,5.764911385142858,16.581708536,3.292222844857143,2.5888571398571427,17.648851507142858,11.668108641999998
2114,5.644679991714286,5.955574275285714,15.374651356714285,3.536479995,2.5456971584285712,17.74892577714286,10.437811507428572
2115,5.514725683000001,6.178014294857143,12.992077172142857,3.7216885707142855,2.5888571398571427,18.099422845714287,8.170962989
2116,5.362954229571429,6.273345711714286,10.196637097571427,3.7299885628571423,2.632254289428571,18.483119995714286,5.55029719
2117,5.240114256285715,6.321011420142858,7.162868643714285,3.839548565857143,2.654071434142857,18.900017227142857,2.575814280714286
2118,5.153319985571428,6.082682821571429,3.795440117571428,3.848085712,2.6903542907142857,19.31715147142857,-0.6265629064285718
2119,5.088105677285713,6.3527885212857145,0.6027857607142858,4.058668571857143,2.741102859,19.567337258571428,-3.862377187285715
2120,5.037357108999999,6.591117063285714,-2.367428548142857,4.370511442571429,2.784499994428571,19.817760057142856,-6.820259999857143
2121,5.008425685285714,6.924777078571429,-5.4806400388571435,4.724565707285714,2.8134314180000004,19.967871574285713,-9.778142812428571
2122,4.972379982714285,7.353768454285715,-7.974197121428571,5.086919964142857,2.784737148285714,20.101145924285714,-12.441020034000001
2123,5.0157771464285705,7.798411311428572,-10.436214206857143,5.482948525428571,2.806317139,20.234657287142856,-14.986037090714287
2124,5.138617119714285,8.274831326285716,-12.35825712442857,5.819928526285714,2.8063171390000003,20.38476857857143,-17.03376571714286
2125,5.2469914094285715,8.941914231857142,-13.62886850542857,6.072722808285714,2.7773857154285717,20.451405754285712,-18.483182857142857
2126,5.355365699285714,9.195894255428572,-14.899717012857142,6.367728512714285,2.741102858857143,20.651554292857146,-19.67980560285714
2127,5.427694286571429,9.57698290942857,-16.011442774285715,6.662734217,2.690591430428572,20.751628562857142,-20.910102907142857
2128,5.471091450285714,9.926294350142857,-17.09162856,6.856479967,2.7192857282857146,20.70159131428571,-22.056214378571422
2129,5.463739989142858,10.227940138,-18.17181434714286,7.041925696571428,2.7408657189999994,20.501442775714285,-23.04201713714286
2130,5.405877141857142,10.164622948142854,-18.918340232857144,6.999951456428572,2.711934295428572,20.468005681428572,-23.6486287
2131,5.261457149571428,10.164622948142858,-19.80786296,7.016788622857142,2.7190485744285717,20.334731557142856,-24.457760057142856
2132,5.109685696142857,9.322765759571428,-18.235368777857143,6.367965793714285,2.7479799980000004,20.151182945714286,-22.519591405714287
2133,4.979731443857142,9.275099994571429,-19.108766055,6.376502939714285,2.7769114217142854,20.001071654285713,-23.29481164428572
2134,4.892937116571429,8.608017090142857,-17.663380277714285,5.786491502857143,2.8274228501428573,19.917597312857144,-21.626274441428574
2135,4.835074212857143,8.465019908714286,-17.86993154914286,5.7528171701428565,2.812957110142857,19.951034407142856,-21.786345915714286
2136,4.741165663142858,8.592128427285713,-18.50523723914286,5.929725810428572,2.8058428312857147,20.218057359999996,-22.376357551428576
2137,4.726699923142857,8.163137051571429,-16.88507717785714,5.626182931857143,2.827659976,20.218057359999996,-20.750031882857144
2138,4.647257056857143,7.6867170367142865,-14.772371596000001,5.280665784857142,2.8350114088571425,20.38476857857143,-18.660091948571427
2139,4.633028499,8.354037067428573,-16.344865778142854,5.811391493285716,2.849239966714286,20.501680014285714,-20.497000588571428
2140,4.647494182571429,7.702842826142858,-13.120671389,5.187705780142857,2.8781713902857144,20.551717035714287,-17.25264899157143
2141,4.604334201142857,7.432737126285715,-11.119422786714283,5.036171494714287,2.885285669285714,20.601754282857144,-15.280806099428572
2142,4.5322427961428575,6.749765669857142,-9.276822791285714,4.412485809857143,2.8565913995714283,20.78530289428571,-13.199403253714284
2143,4.604571383428571,5.844354279428571,-6.147722807714286,3.5782171802857143,2.863705678428571,20.768465728571424,-10.123423094142856
2144,4.6045713834285715,5.606025680857143,-5.401197036428571,3.359097174428572,2.863705678428571,20.751865575714287,-9.533648698714286
2145,4.676662845000001,5.335919980999999,-4.940665572,3.047491443571429,2.885285669142857,20.68522862571428,-8.927037135857143
2146,4.712708547571429,4.589394238,-2.192654243,2.3986685931428573,2.8926371019999997,20.78530289428571,-5.893505694285714
2147,4.756105711142857,4.383079951142856,-1.1760228285714285,2.1963857360000003,2.878171390142857,20.785302894285714,-5.025562850428572
2148,4.914991443428571,4.256208530428571,-0.9218056794285717,2.0446143020000003,2.8710571111428576,20.85194007,-4.890628570428572
2149,5.1822514655714285,3.9068971184285712,1.7624142654285715,1.7159342914285716,2.8926371018571433,20.935177172857145,-2.5561942608571435
2150,5.355602881428571,3.557585678,3.922548543285714,1.438002865,2.885522823,20.985214194285714,-0.46649139500000075
2151,5.51472573942857,3.287717132142857,6.448119995,1.1263971552857144,2.871057111142857,21.101888617142862,2.0194771294285716
2152,5.652031452857142,2.9225171411428574,8.926025737285714,0.7891800004285715,2.8350114085714284,21.118488545714285,4.294862794
2153,5.810917185142857,2.668299999,10.371411458285715,0.5195485732857142,2.8134314178571427,21.068451524285713,5.457811375714286
2154,5.919291475,2.366417155571429,11.467485796142856,0.2667542805714286,2.7773857154285717,21.10188861857143,6.519499980285714
2155,5.976917196571428,2.128088578285714,12.452340053142857,0.04763428357142856,2.7484542918571426,21.035251442857145,7.437954229714285
2156,5.933520032857143,2.0645343051428573,13.056105768571427,0.04763428357142858,2.7195228682857144,20.81850297571429,8.111914288
2157,5.976917196571429,2.0486457262857143,13.469208537142856,0.039097140999999995,2.7121714354285715,20.484843072857142,8.46596863742857
2158,6.041894379285714,2.0645343051428573,13.64398282,0.06423428171428573,2.7266371472857145,20.151182944285715,8.584065814571428
2159,6.114222966571428,2.1916428797142857,13.866422755714286,0.17379428814285713,2.741102859142857,19.78408572142857,8.73583721142857
2160,6.222597256428571,2.350528605142857,13.993531274285713,0.3170285707142857,2.7697971569999997,19.416988500000002,8.761211467285715
2161,6.338085825142857,2.604745740142857,14.08886269,0.4771000055714286,2.8347742829999993,19.099928525714287,8.736074337142858
2162,6.410414355857142,2.8112971597142855,14.041196924285714,0.6203342881428571,2.8926371301428566,18.83290557285714,8.651888618428572
2163,6.460925798428571,2.8589628822857143,13.929976957142856,0.5698228614285714,2.950499977285714,18.649356962857144,8.44130575857143
2164,6.424642913714286,2.8748514611428573,13.65987137,0.5615228588571428,2.993897112571428,18.566119859999997,8.247322826285714
2165,6.417291452571429,2.9384057484285715,13.437431321428573,0.5700600014285715,3.0659885458571425,18.549519932857145,8.078714263
2166,6.395474307857143,3.0019600357142857,13.278545701428571,0.5954342855714285,3.1309657001428577,18.499482911428572,7.910105699714286
2167,6.294214297000001,3.033737165142857,13.437194307142857,0.6630199990000001,3.1598971237142863,18.382808714285716,8.171200059142858
2168,6.200305690714286,3.271828609714286,13.627619902857145,0.7979542825714285,3.1598971237142854,18.282734444285715,8.575528612428572
2169,6.026954274857142,3.4781428965714283,14.008708444285714,1.025611431,3.145431412,18.182660174285715,9.005231535285715
2170,5.875419947142857,3.6844571832857147,14.183482727142858,1.1856828552857144,3.094919997714286,18.06598597714286,9.342211535857144
2171,5.774397118428571,4.113211489857143,14.81878853142857,1.5648742995714287,3.0804542860000006,17.999111562857145,10.286040111857144
2172,5.608397107142856,4.732628601857143,15.740088472857144,2.045088593714286,3.008362852714286,17.798963022857144,11.389940161
2173,5.528954241,5.224937139142858,16.740831394285713,2.601188611142857,2.9433856984285716,17.648851505714287,12.54435171
2174,5.435045691285715,5.812577121571429,17.503245717142857,3.174125731428571,2.8784085441428573,17.581977091428573,13.40399456714286
2175,5.341137141571429,6.289234205714286,18.313325804285714,3.646040005285714,2.8565913995714283,17.43186580142857,14.15407745
2176,5.283274294285715,7.099314235857143,19.266402959999997,4.311699972571429,2.8350114088571425,17.26515435714286,15.216003202857141
2177,5.319320053285715,7.607748477714286,20.282797305714286,4.952222831,2.8637056785714283,17.064768578571428,16.21058040428571
2178,5.340900015857143,7.941408493142857,21.0134343,5.255528555714286,2.8708199857142853,16.91465728857143,16.640520338571427
2179,5.391411458428572,8.084405618285714,21.410411618571427,5.398762806571428,2.8708199857142858,16.931257217142853,16.783754647142857
2180,5.369831439428572,8.259179901285716,21.55317144714286,5.474648504999999,2.8779342645714285,16.96469431142857,16.97750022714286
2181,5.3842971230000005,8.46573139857143,21.855054247142856,5.491485671285715,2.913979995285714,16.96469431142857,17.146108677142855
2182,5.413228546571427,8.656157106428571,21.934497112857144,5.761117119714285,2.928445735285714,16.998131404285715,17.356691422857143
2183,5.478205672714286,8.386288532428571,21.648502975714287,5.592508556428571,2.928445735285714,17.06476858,17.078522771428574
2184,5.470854211571429,8.195625698857143,21.505505680000002,5.339714274285713,2.928445735285714,17.16507986285714,16.95188839142857
2185,5.434808509,8.211514249428571,21.314842847142852,5.238691389142857,2.906865716285714,17.24855397857143,16.732768442857143
2186,5.4203428254285715,8.036740023000002,21.29895418285714,5.205017112999999,2.906865716285714,17.265391144285715,16.758142585714285
2187,5.398525680714286,7.909631505,21.044974160000002,5.103994227857143,2.928445735285714,17.21535412142857,16.49704834
2188,5.326434275571428,7.909631504999999,20.82253422571429,5.044945639285714,2.913979995285714,17.232191287142854,16.446537067142856
2189,5.261457149428571,7.814537326999998,20.90197709142857,4.876337076,2.899514255285714,17.29882846285714,16.471911437142857
2190,5.203831428,7.687428752428572,20.504999772857143,4.808988523571429,2.8995142552857147,17.332265557142854,16.21057995285714
2191,5.131740022999999,7.9575344522857145,20.520888437142855,4.859499966142857,2.8779342645714285,17.39890273285714,16.160068454285717
2192,5.102808599428571,7.909868687285714,20.584442638571428,5.019571383285714,2.9139799954285714,17.36546563857143,16.303302761428572
2193,4.987320030714286,7.719205797142857,19.694919685714286,4.8680371120000006,2.906628562571428,17.382065567142856,15.738665608571429
2194,4.944160049285714,7.925757181428572,19.948899708571425,5.053245716,2.928445679,17.382065567142856,15.940948391428574
2195,4.973091472857142,8.005199934571428,19.901233944285714,5.179642857,2.942911419,17.28175405857143,15.890199652857145
2196,5.074114301571428,7.925757068428572,19.805902414285715,5.036408549571428,2.971842870857143,17.06500536571428,15.620568204285714
2197,5.204068610285714,8.164085610428572,20.282322599999997,5.036408549571428,3.015002880571429,16.931494001428568,15.915574021428572
2198,5.3124429,7.766871336,20.282322599999997,4.859499965857142,3.0439343041428573,16.68130844,15.679616905714285
2199,5.435282873285715,7.655651368571428,20.250545498571427,4.547657123428571,3.058400015857143,16.481159901428573,15.561519728571428
2200,5.651794270714286,7.87809136,20.822534225714286,4.808751425857143,3.1162628629999998,16.347648537142856,15.95754843
2201,5.8972370917142864,7.687428526285713,21.029085724285714,4.539120005571428,3.1307286030000006,16.280774122857142,15.95754843
2202,6.121099950285713,7.544431457571428,21.251525658571428,4.286325751714285,3.145194314857143,16.347648537142856,15.881662788571429
2203,6.186077132857142,7.258437150571429,21.140305691428573,4.100880050428571,3.1236142958571427,16.481159901428573,15.755265647142858
2204,6.308917106142856,6.893000033999999,21.537519795714285,3.8395486222857143,3.087568565,16.364485704285713,15.88166278857143
2205,6.539894243571427,7.194882891571429,22.14128539714286,4.244114357857143,3.116499988571429,16.364485704285716,16.47997416
2206,6.640917128714285,7.544194332000001,22.57027683,4.522282924142858,3.0588742671428575,16.29784852857143,16.732768441428572
2207,6.669848552285714,7.718968671428572,22.63383103285714,4.539120034000001,2.993897141,15.99762572,16.741305418571432
2208,6.568825723571429,7.607748647571429,21.585422347142856,4.665517146857143,2.936034265571429,15.697402912857141,15.805776919714287
2209,6.445985693714285,7.4488629151428585,19.86993098285714,4.741402873571428,2.9144542465714287,15.347142857142856,14.356359779428571
2210,6.381008511142857,7.4806400164285725,18.122899643142855,4.817288572000001,2.9215685537142853,15.146757305714287,12.730034055714285
2211,6.236588518857142,7.623637141571429,15.501996888000003,5.011271447714286,2.9215685537142866,15.079882891428571,10.429511175857144
2212,5.904351370571428,7.591859983857143,12.293454122714286,4.884874306714286,2.827659989857143,15.07988289142857,7.547514147142857
2213,5.702305656714286,7.369657061571429,8.751251313571426,4.9268486032857135,2.841888547714286,15.163119994285713,4.345374199428571
2214,5.492908538285714,7.178994171428571,5.526819912285714,4.8089886082857145,2.841888547714286,15.413305781428575,1.075648572857143
2215,5.326671401285713,7.131328463000001,2.2708485919999997,4.657454337,2.8203085569999997,15.763802850000003,-2.084279954
2216,5.21118283257143,7.226659879857143,-0.3180399360000004,4.707965723142857,2.8129571241428564,16.214137175714285,-4.848180003714286
2217,5.1317400228571435,7.369657061571429,-3.3202684705714285,4.901711444857143,2.7624456815714287,16.497760055714288,-7.7555514300000015
2218,5.095457194714285,7.560319951714286,-6.211039912571429,5.002734273571429,2.7695599605714283,17.04840589,-10.637548571571427
2219,5.182251465571428,7.798648493714287,-8.704834177285715,5.112294248285715,2.8200713889999998,17.53217731,-13.224539952857143
2220,5.261694331857143,7.925757124857144,-10.801414196714287,5.171342836857143,2.81295711,18.01594873,-15.533362710857142
2221,5.463977171428572,8.036977148857142,-12.564571269714287,5.264065701714286,2.8200713889999998,18.49972015,-17.336596905714284
2222,5.680725751,8.751725706142858,-14.216508317999999,5.820165708571429,2.827185668,18.766505864285712,-19.097856915714285
2223,5.760168617142857,9.339365745714286,-15.884334144285713,6.258405776857143,2.8129571101428574,18.96665440285714,-20.66537112
2224,5.781748579571428,9.784008545714284,-17.20261129142857,6.662971455857142,2.776911393428571,19.233677129999997,-22.283396822857146
2225,5.702305713285713,9.910879938142857,-18.139799782857143,6.865254295285715,2.755331402714286,19.300314305714288,-23.260899618571425
2226,5.543419980857143,10.06952854485714,-19.521631132857145,6.999951456571428,2.7337514119999997,19.45042559714286,-24.491196695714287
2227,5.348251420285714,10.339397119142857,-21.030570885714287,7.185397129714285,2.7266371331428574,19.53389993857143,-25.721731012857145
2228,5.109922878142858,10.513934276428573,-22.49184532714285,7.345468547,2.7121714212857144,19.53389993857143,-27.06182553
2229,4.864480000714286,10.561600040714284,-23.07972249285714,7.320094234571428,2.6905914305714282,19.667411527142857,-27.52543979714286
2230,4.6766628447142855,10.323271442142858,-23.50871392428572,7.252745625571428,2.6616600069999996,19.91759731428571,-27.86241991142857
2231,4.539594257,10.370937207857143,-23.619933891428577,7.126348541,2.690591444857143,20.251257442857145,-27.651599927142858
2232,4.453037112000001,10.355048657285716,-23.778819624285717,7.168560019857142,2.690591444857143,20.61835443857143,-27.643299964285717
2233,4.431219995714287,10.180511499857143,-22.88929689714286,7.0589999887142865,2.7192857145714284,20.90197731857143,-26.893217308571426
2234,4.445685679142858,9.910642925571429,-21.714017045714286,6.898928571428571,2.7192857145714284,21.302511634285715,-25.71343173
2235,4.431219939142857,9.751994318857143,-20.141522637142856,6.839880039285714,2.7337514264285714,21.70304572428571,-23.90996018285714
2236,4.394937111,9.116688571857143,-18.743565611428572,6.460688616142856,2.7697971288571432,22.120179968571428,-22.325608812857144
2237,4.337074292142857,8.544937139428573,-17.31406827142857,6.030748624714285,2.776911407714286,22.15361706285714,-20.65707161
2238,4.272097166142857,7.941408549714287,-15.328471207571427,5.601045759000001,2.762445681714286,22.120179742857143,-18.617880185714284
2239,4.250280021428571,7.480877085428572,-13.231654062857142,5.053245744285715,2.7479799698571434,22.03670540142857,-16.544777304285713
2240,4.279211473285714,6.797668560571429,-11.516399710714285,4.480308613571428,2.733751412,22.070142495714286,-14.648820075714285
2241,4.279211473285714,6.209791396,-9.483136938571429,3.8397857622857146,2.7479799698571425,22.120179517142855,-12.592554247285715
2242,4.3081428968571425,5.526819968571429,-7.704328411999998,3.2331743128571437,2.755331402714286,22.220253785714284,-10.890342769142856
2243,4.430982870142857,5.018622824142858,-5.289976956285713,2.7192857582857144,2.7842628262857145,22.353528137142856,-8.530771343428572
2244,4.633265737857142,4.5580913881428575,-2.541965626857143,2.213697164142857,2.8347742688571427,22.70378819285714,-6.044802748428571
2245,4.871594336285715,4.002228535285714,0.06281145171428625,1.7164085814285717,2.870819985571429,23.004011227142854,-3.643019886714287
2246,5.073877175857143,3.557585706285715,2.6834770812857145,1.4131028584285714,2.8781714184285714,23.237597085714288,-1.1824256741428578
2247,5.225648572714285,3.3989371278571427,5.367934151999999,1.2361942852857142,2.856354273714286,23.37087143571429,1.3540543495714286
2248,5.398999988714286,3.129068582,7.718731264142858,1.0844228584285713,2.8131942922857145,23.27079716714286,3.502805747285714
2249,5.521602836428571,2.8271857244285714,9.799659886142859,0.7135314274285715,2.8058428594285716,23.070411615714285,5.407300009000001
2250,5.55053426,2.763631465428571,11.213268477571429,0.6544828547142857,2.7553314451428568,22.786788734285718,6.662971413285715
2251,5.564999943571428,2.7477429148571426,12.150457026714287,0.6544828547142857,2.7048200025714286,22.419928749999997,7.556288532571429
2252,5.752817043142857,2.843074331714285,12.913108587142858,0.6881571398571428,2.7771485897142862,22.103105787142855,8.129225705714287
2253,5.9769170837142855,2.858962882428571,13.389765784285714,0.629108567142857,2.849240023,21.819482907142856,8.373719967428572
2254,6.251291384857142,2.874851433142857,13.770854325714286,0.5783599954285714,2.9142171774285717,21.469222851428576,8.449605609428572
2255,6.417528521857143,2.938405692142857,13.945628608571427,0.5532228528571429,3.0081257552857146,21.252237145714282,8.441305645714285
2256,6.5403685515714285,3.1767342624285715,13.945628608571427,0.7386685684285714,3.0804543424285717,21.118962795714285,8.340282760571428
2257,6.677674265,3.208511391857143,13.945628608571427,0.7132942842857144,3.152545775714286,21.06892554857143,8.21388561957143
2258,6.800514294857144,3.240288521285714,13.897962955714283,0.6627828575714286,3.231988641857143,21.01888830142857,8.062114222714287
2259,6.692140061571429,3.192622812857143,13.59608004142857,0.6291085724285714,3.217522901857143,20.952014114285713,7.893505602857144
2260,6.511437184571427,3.1449571044285713,13.262420025714286,0.5954342857142857,3.2104085947142855,20.90197686571429,7.750271352
2261,6.388597154714286,3.129068553714286,12.92899724857143,0.5617600024285714,3.2753857208571433,20.81850275,7.556288532857143
2262,6.345200047571429,2.843074282,12.690668762857143,0.2413799998571429,3.340362847,20.81850275,7.396217059
2263,6.345200047571429,2.9699457027142855,13.198865822857142,0.35924000185714294,3.3690571167142855,20.735028408571427,7.867894277142857
2264,6.352314326428571,3.351034300857143,13.532288712857142,0.6205714264285714,3.397988540428571,20.668391232857143,8.331271419571427
2265,6.316031441714286,3.446128592,14.024597335714287,0.7891799967142857,3.4053399732857144,20.634954138571427,8.744137175
2266,6.243702854428571,3.636554328142857,14.358020112857144,0.890439997,3.4198057132857147,20.46824269285714,9.216051462857141
2267,6.2221228354285705,4.097085764142857,15.136322985714285,1.1769085764285714,3.4269200204285717,20.368168424285717,9.890248646571427
2268,6.113985727857143,4.652948617,16.13706579285714,1.6573599962857144,3.383760038857143,20.33496834285714,11.103945682857143
2269,6.027191457,5.590137158285715,17.23314001714286,2.584351434,3.3043171727142857,20.117982638571426,12.241519952857143
2270,5.991145754571429,5.987351460857143,17.630354348571426,2.853982861285714,3.275622903000001,20.034508522857145,12.74734553
2271,5.969565792142857,6.4481199942857135,18.599319941428572,3.292222859,3.261157191142857,19.784322962857143,13.581614131428571
2272,5.984031532142858,7.004220001142857,19.3776227,3.7136257115714284,3.2538057582857145,19.550737104285712,14.3822084
2273,5.969565792142857,7.655651424857142,20.298922754285712,4.328774299857143,3.275385749142857,19.38378842142857,15.300899958571431
2274,5.976680071142857,8.021088598,20.950117108571426,4.808988551714286,3.3114314517142853,19.166802715714287,16.185679832857144
2275,6.034305792571429,8.43395435442857,21.633088564285718,5.255528555571429,3.3185457307142854,18.99985403285714,16.758617062857144
2276,5.976680071,8.687934378,22.045954320000003,5.356788566428571,3.3330114707142857,18.916616928571425,17.205157151428573
2277,5.954862926285714,8.942151470714284,22.01417721857143,5.508560019857142,3.3545914615714287,18.84997975285714,17.15440864
2278,5.868068599,9.164354393,22.14128585,5.68546860342857,3.3545914615714283,18.81654243285714,17.40720292142857
2279,5.839137175428571,9.402445752714286,22.157174514285714,5.921425775571428,3.405102876,18.93345386857143,17.55043722857143
2280,5.86095432,9.338891437142859,22.236617380000002,5.955100051857144,3.405102876,19.183876894285714,17.457714194285717
2281,5.91146576257143,9.386557088999998,22.220728715714284,5.955100051857143,3.3835228852857147,19.450899847142857,17.137334234285714
2282,5.875420003571429,9.45011129042857,21.950623017142856,5.938262885428571,3.419568587857143,19.751122881428568,17.027774259999997
2283,5.933045725142857,9.339128448714286,21.362983091428568,6.089797156714285,3.4482628575714287,20.034745762857142,16.496811325714283
2284,5.925931389714286,9.323239898142859,21.53775726142857,6.157145709142857,3.4553771364285715,20.268331395714284,16.673956978571432
2285,5.969328553285714,8.942151243428572,21.17232003142857,5.761117119714285,3.4698428482857144,20.535354348571428,16.336977091428572
2286,5.955099938857143,8.735836984857142,20.69589984714285,5.4155999445714285,3.4627285692857144,20.66862869857143,15.91557413428571
2287,5.98403136242857,8.783502749714286,20.61645698142857,5.221854194571428,3.4843085599999997,20.835339917142853,15.73842848142857
2288,5.976917083428572,8.815042725285714,20.69589984857143,5.213554230714285,3.505888550714286,20.901977092857145,15.991222762857143
2289,5.9698028044285705,8.592839916714286,20.45757125,4.876574229857143,3.440911424571429,20.901977092857145,15.654242875714287
2290,5.9482227854285705,8.767377073857142,20.949879645714283,4.733339922428572,3.426682866714286,20.818502751428575,16.084182811428573
2291,5.904825678285714,8.73559997257143,20.75921681142857,4.657454223999999,3.419568587857143,20.684991387142855,15.957785669999998
2292,5.789337109571428,8.529048588428571,20.441682585714286,4.615242801714286,3.434034299571429,20.518042930000004,15.519545544285714
2293,5.8180314075714294,8.544937139142856,20.711551272857143,4.749939934857143,3.4340342995714286,20.367931640000002,15.612268351428574
2294,5.911702831714287,8.497271374285713,20.552902778571426,4.758239955142857,3.4340342995714286,20.034271737142856,15.410222694285713
2295,5.969565679,8.195625699,20.203591451428572,4.564494205142857,3.4269200207142854,19.70061160857143,14.938308462857142
2296,5.897237148285714,8.13207138342857,20.410142948571426,4.783377085285714,3.3619428662857147,19.31691445857143,15.165728375714286
2297,5.817794282142857,7.576208502428571,20.06083162142857,4.581094245857143,3.2751485672857146,19.016691650000002,14.946608425714286
2298,5.8251456867142855,7.337879903857143,20.076720285714284,4.336837081571429,3.1741257102857143,18.666431594285715,14.921234282857142
2299,5.976679957999999,7.194882722000001,20.267383118571427,4.185065656428571,3.087331411285714,18.26613429,15.216002861428573
2300,5.969565679,6.95655418,20.315048882857145,4.008157101,3.0078885451428574,17.915874232857142,15.48563431
2301,5.93351997642857,6.432231331,20.410143174285714,3.780737103142857,2.834537129142857,17.615651424285712,15.721591312857143
2302,6.020077121571428,6.305122756428572,20.426031611428566,3.59529143,2.820071417285714,17.298828688571426,15.704754147142859
2303,6.22947424,6.114459922714285,20.092608721428572,3.258311429142857,2.8779342644285713,17.015205807142856,15.123279827142857
2304,6.330497125142856,6.336899914142857,19.552397321428572,3.3090599974285717,2.8779342644285717,16.86509429,14.584017044285716
2305,6.330497125142857,6.432231331,19.107517225714286,3.5786914175714286,2.913979967,16.815057042857145,14.095265534285716
2306,6.229474296428571,6.686448480285714,18.614971591428574,3.7304628427142856,2.9068656880000003,16.84849413714286,13.631888392857144
2307,6.113985727714285,6.845334212571429,17.50324583,3.772674265,2.8779342644285717,16.78161972285714,12.477477070571426
2308,5.940634311857144,7.194882778571428,16.02608295142857,4.059142851571429,2.935797111714286,16.714745308571427,11.129082872142858
2309,5.60128288457143,7.067774203857143,14.390034452999998,4.151865688142857,2.8563542455714286,16.831419505714287,9.822900039428573
2310,5.2545800528571425,6.829445605285715,12.452102984142856,4.13502855,2.791377119571429,16.96493087,8.272460042857142
2311,5.030717194428571,6.305122756285714,11.181491489857141,4.057719979666667,2.776911407714286,16.898056681428574,7.084137119857144
2312,4.871831518571428,5.8920199311428565,9.561331541714287,3.6939033136666666,2.7553314170000003,16.99813117714286,5.626182859714286
2313,4.727411526285715,5.558359972285714,7.432974393285714,3.4678666548333332,2.755331417,17.131405527142856,3.4266828368571427
2314,4.662197218,5.5424714217142865,4.017880101857142,3.733189985833333,2.7987285522857137,17.41502840857143,0.03909704628571425
2315,4.691128641571429,5.415362847142858,2.6837143341428567,3.369373303333333,2.8131942640000003,17.732088384285714,-1.3261343751428571
2316,4.792151526714286,5.7807999638571435,-0.4453857060000007,3.526519958666667,2.820545696857143,17.965674017142856,-4.604160191
2317,4.92945724,6.3525514521428565,-3.6062629042857144,4.0081966410000005,2.813194263857143,18.299334145714287,-8.000282987285713
2318,5.095694376857144,6.702100018142858,-5.560082867285714,4.0503685517142864,2.813194263857143,18.766505637142853,-10.224920111428572
2319,5.203831484428571,7.099314292571429,-6.894248564285715,4.319999986142857,2.805842831,18.999854031428573,-11.632125799285713
2320,5.246991465857143,7.321754284,-7.879102849285715,4.421022828857143,2.791377119285714,19.21683973714286,-12.601091505
2321,5.232762908,6.940428560142856,-7.148465742,3.999619983428571,2.7263999932857144,19.367188267142858,-11.926894265000001
2322,5.088342915714286,6.654434309571428,-8.419077166,3.9574085611428567,2.704820002571428,19.500699855714284,-13.081305643714286
2323,4.893411452571429,6.209554383285714,-7.879102892571429,3.7214514454285705,2.675888579,19.61761129142857,-12.331222762285714
2324,4.756105739285715,5.558360085428573,-7.053134255428572,3.249537157428572,2.6758885789999995,19.70108540714286,-11.387394299428573
2325,4.532242852571429,5.288254385571428,-7.307114278857143,3.0221171594285714,2.661422867142857,19.817759604285715,-11.210485772285713
2326,4.366242869571429,4.891040111142857,-7.211782862142857,2.7861600154285715,2.632491443428571,19.884634017142854,-11.041877209
2327,4.265220012714287,4.668600119714286,-7.704091427714286,2.7019743107142853,2.6180257315714286,19.91807111142857,-11.454742851857144
2328,4.2218228490000005,4.636822962000001,-7.878865710714286,2.735885740857143,2.6396057222857143,19.88463401714286,-11.378857210000001
2329,4.250754272571429,4.954594370285714,-7.974197127571429,2.837145751714286,2.654071434142857,19.98470828714286,-11.52209163142857
2330,4.322845705857143,5.113480046142857,-7.307114278999999,2.7783343169999997,2.6756514248571426,19.934434027142856,-10.906942979142858
2331,4.322845705857143,5.240588620714285,-7.005231364857144,2.685611452142857,2.7190485602857146,19.900996932857144,-10.477240056285714
2332,4.402288600285714,5.399474353142857,-6.655919924571428,2.6097257395714286,2.762445695714286,19.700848394285714,-10.249582904857144
2333,4.438334331142857,5.5742486361428565,-6.115945650571428,2.6097257395714286,2.784262840428571,19.617374052857144,-9.727157230857145
2334,4.488845745428572,5.494805769857144,-5.652726601833333,2.618025745857143,2.798728552285714,19.583936958571428,-8.336788736285714
2335,4.5033114855714285,5.478917219142857,-4.003239931666667,2.558977171428572,2.8131942640000003,19.600537112857143,-7.055980131142857
2336,4.467028629142857,5.1293686531428575,-3.4474166468333327,2.2976457291428574,2.791377119285715,19.500462842857143,-6.423994312428571
2337,4.5175400717142855,4.780057241000001,-2.8730566208333332,2.145874296857143,2.8129571099999997,19.567337255714286,-6.002591467
2338,4.560937178857143,4.573505800142857,-2.706503354,2.103900014428572,2.8200713889999998,19.567337255714286,-5.884494289857144
2339,4.582517141428572,4.319288622714287,-1.4277500265,2.0870628621428575,2.8129571101428574,19.650811597142855,-4.932365693571428
2340,4.712471393571428,4.049420048571428,-1.205310029166667,1.952365721857143,2.8345371008571427,19.73428593857143,-4.7891313861428575
2341,4.849777107,3.8589943124285715,-0.17551718228571442,1.865413339,2.8418885337142856,19.717448772857146,-4.072959933857143
2342,5.073639965428571,3.6844571551428573,1.1268713847142855,1.6294166701666668,2.8490028127142857,19.734285712857144,-2.9522228025714283
2343,5.362717104000001,3.462254303571428,3.636554284857143,1.4526266706666666,2.885048515285714,19.767722807142857,-0.735885670142857
2344,5.5723514047142855,3.319257164285714,5.749259952,1.2166299998333334,2.899514255285714,19.801159901428573,1.160071445571429
2345,5.854077110285714,3.0176114324285708,8.735599936285714,0.6857066748333334,2.9213313998571424,19.701085631428572,3.8312485738571427
2346,6.0345428615714285,2.700077156857143,10.339871390285714,0.2726433496666667,2.9213313998571424,19.534136948571433,5.356551412428572
2347,6.056360006285715,2.3346400050000002,11.960031429857143,-0.1008566486666667,2.8274228359999998,19.35058833857143,6.966039969857143
2348,6.1284514678571425,2.1280885854285714,12.976662901428572,-0.14587426671428574,2.8345371148571425,19.300551315714284,7.901568497285714
2349,6.207894334142857,2.064534298142857,13.24676860142857,-0.22175998100000002,2.7695599887142857,19.16703995142857,8.146062759000001
2350,6.323382902857142,2.016868575571429,13.611968480000002,-0.23859712628571428,2.8129571522857146,18.966654174285715,8.432531317285713
2351,6.431757192571429,2.0327571402857143,13.897725604285714,-0.2722714024285714,2.8274228641428576,18.683031294285712,8.575765624714284
2352,6.489620096285714,2.048645719142857,13.961279807142857,-0.15441142157142856,2.8563543160000004,18.582957025714286,8.575765624714284
2353,6.655857233285714,2.1121999994285714,14.13605409,-0.12073714542857143,2.8995143257142857,18.532920004285717,8.516717036142856
2354,6.901300110714286,2.3505285767142854,14.485365417142857,-0.028251434428571438,3.0439343321428574,18.432845734285713,8.634814213285713
2355,7.024140084,2.493525723142857,14.676028137142856,0.039097132142857136,3.079980063,18.16606002,8.634814213285713
2356,7.060185786428571,2.5253028809999996,14.739582339999998,0.005422848857142852,3.195705785571429,17.899037294285716,8.634814213285713
2357,7.024140083857142,2.6047457471428572,14.549156744285714,-0.019951428142857146,3.2175229302857145,17.53217731,8.457905686285715
2358,6.995208603857143,2.6047457471428572,14.311065384285714,-0.011651436000000005,3.2464543538571426,17.13164299285714,8.314671378857144
2359,6.857902890571428,2.7000771639999996,14.088625449999999,0.04739713842857142,3.2609200657142856,16.697908594285714,8.23902274957143
2360,6.634040032,2.8589628681428567,13.977405368571429,0.24138000171428572,3.2609200657142856,16.33104861,8.272697082285715
2361,6.395711433571429,3.0652771550000004,13.723425458571427,0.4353628597142857,3.253805758571429,16.03082580142857,8.213648493714285
2362,6.251291441285715,3.3510342655714287,13.56453984,0.6376457202857143,3.232225739571429,15.763802848571428,8.205111404142857
2363,6.070825746428571,3.3986999738571426,13.326211354285714,0.6881571487142857,3.2177599995714288,15.597091402857142,8.061639971
2364,5.8974743304285715,3.700345705857143,13.548414277142857,1.0251371354285714,3.174362835857143,15.597091402857142,8.48280569
2365,5.832497204285715,4.097322826285714,14.0407229,1.4128657045714286,3.159897124,15.747202919999998,9.030605676571428
2366,5.774634300571429,4.557854262285715,14.62836305142857,1.8425685704285715,3.1020342485714285,15.880714509999999,9.628917161857144
2367,5.745702876999999,4.875388573000001,15.009451592857143,2.2049228537142858,3.058874238857143,15.913914365714287,10.286277122857143
2368,5.659145731857143,5.050162827714286,15.59709163142857,2.5250657058571426,2.9794314010000003,16.013988635714288,10.817239942999999
2369,5.507374278428571,5.1931600094285715,15.787754577142858,2.668299992142857,2.957851410285714,16.18093732,11.196431366857142
2370,5.398999988714285,5.653691445571427,16.407171717142855,3.106539989714286,2.8855228512857143,16.264174422857142,11.85379144142857
2371,5.305091382571429,5.923797145285714,16.724942955714287,3.342497147857143,2.813194292285714,16.29737450428571,12.224682788571428
2372,5.088342803000001,6.066794327142857,16.597834324285717,3.5869914095714286,2.748217138,16.247337257142856,12.468939981428573
2373,4.922342848142857,5.955574303142858,16.48661413,3.6714142540000005,2.668774285857143,16.180462842857143,12.527751331428572
2374,4.799502818285715,5.939685696,16.28029987142857,3.4774313924285716,2.6180257175714283,16.163862915714287,12.283257125714286
2375,4.712708547428571,5.812577121428572,15.930988317142859,3.334197113285714,2.581742861,16.13042582142857,12.173697151428572
2376,4.647731421285714,5.796688514285714,16.121413912857143,3.3932456735714287,2.5238799995714283,16.180462842857143,12.342305714285715
2377,4.626151402285714,5.669579939571428,15.692659607142858,3.309059954857143,2.5167657207142855,16.18046284285714,12.283257125714284
2378,4.582754295142856,5.49480565657143,15.10501968142857,3.1238513791428573,2.5241171537142857,16.263937185714287,11.870391482857142
2379,4.546708592571428,5.240588507285715,14.993799714285714,2.896194255428572,2.4951857299999998,16.380848621428573,11.6175972
2380,4.553822871571429,5.1293685398571425,14.866691309999998,2.820308557,2.509651441857143,16.547797304285716,11.6175972
2381,4.539357188142858,4.938705706285714,14.691917027142855,2.7444228515714286,2.5241171535714284,16.697908821428573,11.415551430285714
2382,4.597220035428571,4.970482864142857,14.628362825714285,2.794934265857143,2.5675142890000004,16.78138293714286,11.23840577742857
2383,4.590105756571428,4.986371471285715,14.406159902857143,2.727585699285714,2.596445726857142,16.681308667142858,11.187894391714284
2384,4.561174333,4.906928605142857,14.485602881428573,2.6599999928571427,2.581980000857143,16.648108585714283,11.120545838857142
2385,4.546708592857143,4.891039998000001,14.660377277142858,2.744185711714286,2.574628567857143,16.447959819999998,11.061497250285713
2386,4.553822871857143,5.113479989428572,14.723931480000001,2.879119998857143,2.596445712571428,16.23097411428571,11.112245876000001
2387,4.582754295428572,5.049925702142857,14.676265715714285,2.8286085562857144,2.6180257174285715,15.997388255714283,10.952174516000001
2388,4.669548566142858,5.113479961142858,14.819262898571429,2.8876571237142854,2.6253771504285717,15.847276738571427,11.196431708571428
2389,4.712945729714286,5.272365693428571,15.263905755714289,3.014054293,2.6253771504285717,15.730365302857146,11.575860257142859
2390,4.806854279428571,5.1293685117142855,15.374888709999999,3.1236143101428575,2.6253771504285717,15.730365302857143,11.542185924285715
2391,4.893411424571428,5.049925645571428,15.42231723714286,3.014054307142857,2.6253771504285717,15.69692821,11.339903028285715
2392,4.994671435428572,4.891039969714285,15.23165429142857,2.752722871857143,2.618262857428572,15.74696545857143,11.264017272999999
2393,5.0885800415714275,4.525839978714286,15.215765852857142,2.4660171667142854,2.5530485632857145,15.780402552857144,11.103708673
2394,5.247465717428571,4.557617108285714,15.32698582,2.36475717,2.502537134857143,15.763802625714286,11.086871505857143
2395,5.370305690714285,4.541728557714285,15.676297372857144,2.3396200255714286,2.5241171255714288,15.747202697142855,11.263780033
2396,5.659145675428571,4.081197121714285,15.549188741428571,1.8425685862857144,2.574628568142857,15.73060277,11.12030860014286
2397,5.890122812857143,4.001754283857143,15.946403072857143,1.6739599947142858,2.6106742705714288,15.64712842857143,11.25500570442857
2398,6.027428526142857,4.033531441571428,16.105288804285713,1.7415457152857141,2.6251399965714284,15.630528499999999,11.305754216142859
2399,6.142917094857142,4.017642862714285,16.073511702857143,1.8174314208571427,2.661185713285714,15.61392857142857,11.078334189999998
2400,6.222359904571428,4.080959996142857,15.390540134285716,1.8764799882857142,2.726400007428571,15.697402912857143,10.252602734714285
2401,6.200779942142857,4.049182866571429,14.088151538000002,2.0114142894285716,2.7913771477142855,15.814077335714286,8.963257026142857
2402,6.186314258714285,4.1604028905714285,12.023348577857144,2.0197142957142855,2.812957138428571,15.947351459999997,6.755457039714286
2403,5.998497102714286,4.620934326571429,9.593108613999998,2.4325800162857143,2.7913771194285713,16.064025655714286,4.286562750428572
2404,5.890359995142857,5.049925787,6.71822572257143,2.7022114647142854,2.841888562,16.147499997142855,1.4045656365714285
2405,5.854314292714285,5.383585802428571,3.446128500428572,3.022354341571429,2.8995142834285708,16.2307371,-1.738762849142857
2406,5.753054281857142,5.701357238999999,0.09458852471428562,3.3510343504285713,2.9429114187142855,16.297374275714287,-5.084374343428571
2407,5.680725751142857,6.241568638571429,-3.3679341795714284,3.713388621285714,2.986071428428571,16.380611378571427,-8.345562936714286
2408,5.651794327428571,6.829445774857143,-6.354036924714285,4.033531455857143,3.0221171591428573,16.380611378571427,-11.387631482428572
2409,5.622862903714286,7.512417231000001,-9.086159830285713,4.623542906857144,3.0221171591428573,16.213899934285713,-13.98316009457143
2410,5.615748624714286,8.036502954428572,-11.627619902142856,5.112294332857144,3.0436971781428572,16.09722573857143,-16.376405866714286
2411,5.644442922571429,8.512922912857144,-14.057859936428573,5.516860040142857,3.0221171591428573,16.247337255714285,-18.71060288142857
2412,5.702068644000001,9.148228604142858,-15.804891275714283,5.980237125571429,3.007651419142857,16.397685785714284,-20.631934252857146
2413,5.875420060000001,9.767645744428574,-16.900965727142857,6.519499966,2.971605716714286,16.547797077142857,-21.980091270000003
2414,6.020077178,10.180511500571429,-17.66338004857143,6.9914142539999995,2.950025697714286,16.61467149142857,-22.848034091428566
2415,6.092168583142858,10.656931459714285,-18.63234586857143,7.404280009857142,2.913979967,16.781619948571425,-23.85091125571429
2416,6.0487714195714295,10.958814259714286,-19.712294417142857,7.715885755,2.885285697285714,17.131880004285712,-24.937974252857146
2417,5.961977148857144,11.149477092857142,-20.728688537142858,7.816908583714286,2.834774254714286,17.41550288428571,-25.949151381428575
2418,5.795977137571428,11.292474274285713,-21.69765413,7.85058286,2.7697971287142864,17.63225135142857,-26.83393136857143
2419,5.6949542524285715,10.895497181571429,-21.90420562857143,7.530440025571429,2.762682849714285,17.6822886,-26.867605701428577
2420,5.543419981142857,10.41907716642857,-21.76120833285714,7.0248514612857145,2.7842628404285716,17.799200035714286,-26.41252863571429
2421,5.355602825142858,9.974434309142856,-21.11001420428571,6.148608619857144,2.8058428594285716,18.065985750000003,-25.637308622857145
2422,5.25457999642857,9.815548689142856,-21.443674107142858,6.055885698428573,2.8418885901428577,18.432845734285713,-25.805679834285712
2423,5.1680228512857145,9.212020100142857,-20.363725558571428,5.651557088428572,2.856354302,18.78334303,-24.845013978571426
2424,5.1464428322857145,9.243797201571429,-19.903194264285712,5.685231364571429,2.8852857255714284,19.150440252857145,-24.583919732857144
2425,5.196954274857143,9.227908651571429,-19.188445707142854,5.786254193142858,2.9357971398571427,19.417463205714284,-23.926559884285716
2426,5.110160004,9.43422291,-19.09311417714286,5.988537032571429,2.928682861,19.93443448,-23.775025612857142
2427,4.980205751714286,9.942420026571428,-19.283777011428576,6.376265601857142,2.9071028702857147,20.384768805714284,-23.90142275428571
2428,4.9439229234285715,10.291731466714285,-19.649214015714286,7.075599859571428,2.892637130285714,20.551717264285713,-24.196428571428566
2429,4.878945740857143,10.037751443142856,-18.505474025714285,6.890391312142856,2.8710571112857144,20.518517182857142,-23.058854528571427
2430,4.914991443428571,9.958308633571429,-17.758948255714284,6.688108444428573,2.856591399428571,20.33496857142857,-22.18237450428571
2431,4.9005257598571434,9.354780100857143,-16.17056540857143,6.191057054571429,2.863705678428571,20.218057135714286,-20.378902958571434
2432,4.9005257598571434,8.528811463,-14.375631178571428,5.533934219142856,2.8492399665714285,20.134582794285713,-18.558831485714286
2433,4.893411481,7.766397141285715,-12.342605531285715,4.944159964428572,2.8563542454285717,19.934434255714287,-16.468891550857144
2434,4.9294571835714285,6.972205717714287,-10.134568475285716,4.421734262,2.8563542454285717,19.717685562857145,-14.28646582
2435,5.030717194428571,6.305122812714287,-7.561331379,3.8993085880000002,2.8563542454285717,19.60077412714286,-11.834171459
2436,5.110160060571429,5.733134198857144,-4.654671442999999,3.3598085937142863,2.8563542454285717,19.70084862285714,-9.011222869571428
2437,5.225648629285715,5.320031317285715,-1.8589942912857143,3.0901771594285714,2.899514255142857,19.850959914285713,-6.272460006999999
2438,5.500022873857143,4.922817042857142,1.4607685829999997,2.7868714347142856,2.863468552571429,19.96787135,-3.1125314804285713
2439,5.694954252285714,4.684488500857142,4.589868510142858,2.559214304,2.8705828315714284,20.017908597142853,-0.1124371887142855
2440,6.012725660571429,4.525839950571428,7.417322818571429,2.340094299857143,2.8850485434285713,20.084783011428573,2.474554334
2441,6.2799856261428575,4.224194247,9.847562796857142,1.800594291428571,2.9066285341428575,20.06794607142857,4.690891523
2442,6.438871302,3.843105705428571,11.594831381999999,1.4297028497142856,2.906628534142857,20.017909048571426,6.35089157957143
2443,6.590405573285714,3.589125710142858,12.89745704742857,1.1600714224285713,2.921094246,19.850960364285715,7.497002987857143
2444,6.7203598819999995,3.382811423285714,13.771091337142858,0.94095142,2.8995142270000005,19.76748624857143,8.247085813857144
2445,6.662734217,3.1923857152857136,14.072974251428573,0.7555057079999999,2.913979938857143,19.66741175285714,8.449368709857144
2446,6.800039930285714,3.1608457114285713,14.184194332857144,0.6544828475714286,2.9429113907142863,19.567337484285712,8.52501722614286
2447,6.771108506571428,3.0496257158571427,14.247748648571429,0.5868971324285714,2.9139799671428572,19.50046307,8.45766856057143
2448,6.771108506571428,3.0178485862857145,14.247748648571429,0.7049942814285715,2.978957121571429,19.483862915714287,8.407157174571429
2449,6.771108506571428,3.0337371652857144,14.279525750000001,0.7049942814285713,3.0007742661428574,19.567337258571428,8.306134289285716
2450,6.7495285439999995,3.0337371652857144,14.247748648571429,0.7135314238571427,3.0223542851428573,19.567337258571428,8.339808622142858
2451,6.742414265142857,3.0496257441428574,14.24774864857143,0.7049942814285713,3.0657514205714285,19.483862915714287,8.331271532714286
2452,6.699017101428572,3.0972914525714286,14.168305781428572,0.696457139,3.138080007714286,19.4003888,8.272222944142857
2453,6.3957114332857135,2.970182878,13.929977182857144,0.7891799968571428,3.0949199980000004,19.31691445714286,8.331271532714286
2454,6.2007799984285725,3.0019600074285715,13.628094268571429,0.8060171402857143,3.0804542861428574,19.200240259999998,8.356645901714286
2455,6.005611437857143,3.0337371369999997,13.373877118571428,0.8650657111428571,3.0299428434285716,19.133366071428572,8.474505840142857
2456,5.861191445571429,3.3671599984285714,13.611968478571427,1.1178599897142856,3.0225914388571424,19.066728895714284,9.072817212142857
2457,5.731237136857142,3.6211399937142863,14.136054088571427,1.4043285587142855,3.0370571505714286,19.016691648571427,9.687965751571427
2458,5.572351404428572,3.9068971185714285,14.485365415714286,1.5138885615714288,2.9647285915714288,18.933454545714287,10.18525435242857
2459,5.471091393571427,4.113211377142857,14.707568338571429,1.6824971318571431,2.928445735142857,18.79994295571429,10.497097222714284
2460,5.4855570771428575,4.557854262571429,15.485871097142857,2.01117713,2.899514311571429,18.51655708857143,11.238642903285712
2461,5.44215997,5.081939985857143,16.375393937142857,2.4411171231428574,2.9213314562857144,18.18289696,12.190771329428571
2462,5.398999988571428,5.669579996428571,17.28080532857143,2.8454457082857147,2.877934321,17.866073998571427,13.025039817142856
2463,5.377182843999999,5.971462854000001,17.852794055714288,3.115077142714285,2.8418885902857136,17.482376848571423,13.513791328571427
2464,5.326671401428571,6.162125744142857,17.916348484285713,3.2331742915714288,2.784262868857143,17.132117018571424,13.690699855714284
2465,5.290625698857142,6.559340018428572,18.885314302857143,3.696788594571429,2.784262868857143,16.88169399285714,14.634528431428569
2466,5.2763971409999995,7.004220057857142,19.83839145857143,4.126491460285714,2.7771485617142857,16.614671265714286,15.468797032857141
2467,5.131977148714286,7.004220057857141,19.83839145857143,4.278025731571428,2.7842628405714285,16.497760055714284,15.628868505714289
2468,5.0164885234285705,7.337880016714286,20.537251352857144,4.505445729571428,2.762445695857143,16.380848620000002,16.269391414285714
2469,5.045419946999999,7.496765692571429,20.664359982857142,4.758239983428572,2.7769114075714287,16.213900162857147,16.395788555714287
2470,4.980442820857143,7.576208502142857,20.918340007142856,4.893174270428572,2.747979983857143,16.063788645714286,16.791817145714287
2471,4.965977137285714,7.878091359714285,21.315317099999998,5.011034293714286,2.747979983857143,15.84680294,17.095360165714286
2472,4.879182866571428,7.909868574142856,20.791231377142854,5.112057122428571,2.7697971285714287,15.630054474285712,16.817191514285714
2473,4.770808576857143,7.830425707857143,20.584679880000003,5.154268544714285,2.7769114357142857,15.463343029999999,16.733005682857144
2474,4.835785703,8.164085723285714,20.66412274714286,5.187942820857143,2.812957138285714,15.313231512857142,16.674194219999997
2475,4.857365721999999,7.941645732,20.219242877142857,5.044708569857143,2.8129571382857144,15.21315724285714,16.278165629999997
2476,4.813968558428571,7.893980080142858,20.20335444,4.9941971838571435,2.8200714172857144,15.146520067142855,16.320377165714287
2477,4.691128556857143,7.941645845142857,20.060357144285714,5.002734329857143,2.8850485717142855,15.079645878571426,16.118094155714285
2478,4.633265709714286,7.973422946428571,20.012691378571425,5.129131471000001,2.921094274142857,15.046445797142857,16.134931095714286
2479,4.633265709714286,8.100531464428572,20.123674107142854,5.011271476,2.9353228319999998,14.946371527142857,16.210816737142856
2480,4.662197133285715,8.291194298142857,20.250782738571427,4.876337189,2.9282085248571432,14.81286005,16.42993668571429
2481,4.611685747142857,8.132308565714286,20.171339871428568,4.699428633714286,2.942674264857143,14.696185852857143,16.362351007142856
2482,4.5756400447142855,8.179974274,20.21900563571429,4.615242886714285,2.9787199674285714,14.496037314285713,16.311602495714286
2483,4.474380062142857,8.11641995842857,20.441208331428573,4.589868574285714,3.0076514192857147,14.312488702857141,16.463374005714282
2484,4.56828864,8.100531407857144,20.67953693,4.623542850571428,2.9860714002857143,14.2292516,16.691031158571427
2485,4.604334342428571,7.925757124857143,20.695425594285716,4.505682799000001,2.9642542557142852,14.095740237142858,16.74984262142857
2486,4.6911286131428565,7.814537157428572,20.91786575571428,4.513982819285714,2.9642542557142852,14.029103062857143,16.817191287142858
2487,4.821082921857142,7.766871505571429,20.647997067142853,4.589868517714286,2.9858342747142856,13.995903095714285,16.463136994285716
2488,4.951037174142856,7.782760056142857,20.695662832857145,4.589868517714286,3.014765698285714,13.962465888571428,16.38748847857143
2489,5.275922861285714,7.655651538142856,20.83865990142857,4.758239927,3.0436971501428567,13.979303055714285,16.362351348571426
2490,5.579465739857143,7.655651538142857,20.96576853285714,4.589868489428572,3.0726285737142858,13.94586596142857,16.41286262142857
2491,5.666260010714287,7.528542907,21.061100062857143,4.387585649857143,3.065514294857143,13.812354371428572,16.11785703
2492,5.897474273857142,7.560320064714285,21.49009149428571,4.134791396,3.1017971512857145,13.728880028571428,16.168605767142857
2493,6.157382835000001,7.464988591428572,21.521868595714288,4.058905669285715,3.145194314857143,13.545331417142858,15.882137152857142
2494,6.308917106285714,7.2584370940000005,21.49009149571429,3.8988342520000003,3.1525457194285713,13.344945751428572,15.764277214285713
2495,6.453337098571429,7.306102802428572,21.744308757142857,4.084279953428571,3.1598971522857147,13.211434274285716,15.764277214285714
2496,6.373894288857143,7.3378799037142866,20.775342938571423,3.9578828407142863,3.196180008714286,13.09452283714286,14.870960024142859
2497,6.3665428277142855,7.3696570050000005,19.472954342857143,4.075742835714286,3.2035314415714287,13.061322755714286,13.269771543428572
2498,6.381008567714285,7.512654186714285,17.28104285057143,4.151628534285714,3.290088586714286,13.044485702857143,11.264254353714284
2499,6.308680037,7.671539862571428,14.437937117142857,4.530819985714286,3.333248596428571,13.077922797142858,8.618214242857142
2500,6.099282918428572,7.909868404571429,11.197617108428572,4.859499994571428,3.3621800201428576,13.177997065714285,5.702542852571428
2501,5.918817223571429,8.402177026571428,7.830188525142857,5.440974313714286,3.318782884714286,13.261471294285714,2.4833286127142853
2502,5.767045826714285,8.545174151857143,3.891008511285714,5.550534344857143,3.3114314518571426,13.344945637142857,-1.4437570872857142
2503,5.6949543651428565,8.894485592142857,0.31726572628571426,5.963637198142857,3.304080019,13.428419980000001,-5.0419255128571425
2504,5.644442922571429,9.069259875142857,-3.653691502285714,6.106871505571429,3.3327742887142855,13.645168672857142,-8.876051336428572
2505,5.673374346285714,9.355017000571427,-7.338891437142856,6.283780089142858,3.289377153285714,13.795517315714283,-12.482757091
2506,5.630214308285714,9.481888506,-10.388785793714286,6.485825803,3.246217143571429,14.029103175714285,-15.626085575857143
2507,5.659145732,9.576982797142858,-13.057117300714285,6.595385777571429,3.188354296285715,14.446000407142858,-18.482945615571428
2508,5.753054281714285,9.910642812857143,-15.360248647428572,6.679571496428571,3.2172857198571423,14.77966031,-20.960377164285713
2509,5.854314292571429,10.418839985571427,-17.393511589285716,7.117811508142856,3.195705700857143,15.013245942857141,-22.788985841428573
2510,5.977154322428571,10.863719968142858,-19.17255726857143,7.421117176285713,3.1378428254285713,15.363505998571428,-24.626131492857137
2511,6.020551486142858,11.467248557714285,-20.50672285285714,7.943779976,3.0657513919999997,15.497017362857147,-25.89033991571429
2512,6.035017169571428,11.864462887714284,-21.650225602857144,8.432531373857142,3.051285680142857,15.730365757142858,-27.01107724571429
2513,6.027665764999999,12.277565655857142,-23.222720011428574,8.761211354428571,3.0294685637142855,15.847039954285716,-28.37630889428571
2514,5.976917196714285,12.674779987142857,-24.493568405714285,8.887608495571428,3.0294685637142855,15.797002707142857,-29.657117245714286
2515,5.803565780857142,12.738334190000002,-25.748528588571425,8.845634199000001,3.0294685637142855,15.91367713,-30.73564303857143
2516,5.644680048428571,12.754222740000001,-26.844602812857143,8.744374188142856,3.007651419142857,16.080388574285713,-31.755357142857143
2517,5.399000045285715,12.770111291428574,-27.6546829,8.727537134857142,2.986071428428571,16.09698850142857,-32.31999441
2518,5.189365744571428,12.595337008571429,-28.242560064285716,8.567228648428571,2.964254283857143,16.330574134285715,-32.77483468857143
2519,5.030242886571428,12.643002661428572,-28.734868685714286,8.617740147571428,2.9571399767142856,16.71427128428571,-33.04470292285715
2520,4.8279600188571425,12.56355990857143,-28.289988364285712,8.541854392571427,2.9426742367142857,17.264916891428573,-32.589625631428575
2521,4.6980057099999994,11.848811351285716,-26.19317122,8.078477250571428,2.950025641285714,17.815562724285716,-30.120494272857144
2522,4.618562843857143,11.118174243142859,-24.11224251285714,7.682448661,2.9426742367142857,18.366208332857145,-27.95490548285714
2523,4.604097103857143,10.260428561571427,-20.68125967142857,6.957740090999999,2.957139976714285,18.79994273142857,-24.541945662285713
2524,4.640142806285715,9.196131438,-17.29794242542857,6.190820042142858,3.0076514192857147,19.33398841142857,-21.21317144657143
2525,4.654608546285714,8.814805770571429,-16.487862338285712,6.030748568285715,3.036582871142857,19.651048385714287,-20.28641693657143
2526,4.618562843714285,7.9411714805714295,-14.613722368285716,5.390225660428571,3.036582871142857,19.73452272714286,-18.558831258
2527,4.669311440142857,7.242311417857143,-13.104782614000001,4.766777129428571,3.051048611142857,19.73452272714286,-16.983017089428575
2528,4.734288566285714,6.797431378428571,-11.103534145857143,4.362211422142857,3.051048611142857,19.701085634285715,-14.96896291
2529,4.820845711285714,6.16212565942857,-9.134062757857144,3.7638999895714287,3.043934304,19.61761151857143,-13.022257226000002
2530,4.813494306571428,6.0350170848571425,-9.149951365000002,3.6965514088571427,3.0512857085714282,19.66764854,-12.777762907714287
2531,4.871357153857143,5.717482830571428,-7.3867942921428575,3.3088228432857143,3.0512857085714282,19.634211445714282,-10.873505715142857
2532,4.987082848285715,4.9550685368571425,-4.225917235285714,2.5419028581428575,3.0223542567142863,19.80092289,-7.704802860571428
2533,5.153319985285713,4.494299975142857,-0.38206874957142894,2.0699885772857143,3.015002823857143,19.934434254285716,-3.9463257801428577
2534,5.3698313827142865,4.049419992285714,3.366448544714286,1.682260001,3.0078885167142855,20.084545771428573,-0.3396199832857142
2535,5.507137096142857,3.922548599857143,5.018385728,1.598074292857143,2.9644913814285716,20.251494228571428,1.0422114222857142
2536,5.673374233142857,3.906660049142857,7.035760007142857,1.581000008,2.950025669571428,20.418442685714286,2.870820042142857
2537,5.825145630142857,3.589125738285714,9.688440032857143,1.0668742977142855,2.9210942460000004,20.551954048571424,5.179642913714285
2538,5.890122756285714,3.3984628764285714,10.48263145542857,0.8899657245714285,2.8779342362857148,20.601991071428568,5.777954286285714
2539,5.9190541798571426,3.208037168571429,12.515894255714285,0.721594294,2.8708199572857143,20.418442687142857,7.581188593714285
2540,5.9766799014285725,3.0652771689999994,13.087882868571427,0.5615228625714286,2.8637056782857147,20.318368417142857,8.053102881714285
2541,5.926168458857143,2.922517169428571,13.453319984285713,0.46050000214285713,2.827659975714286,20.05134546428571,8.390320064714285
2542,5.933282794285715,2.779520016,13.612205602857141,0.3509400027142857,2.813194263857143,19.80092266428571,8.533554428714286
2543,5.904351370714286,2.7159657287142855,13.643982702857143,0.3172657158571428,2.7771485614285716,19.500462617142855,8.592365778571429
2544,5.933282850857142,2.6524114555714284,13.643982702857143,0.5195485695714286,2.7626828497142855,19.150202787142856,8.575528612285714
2545,5.998260033428571,2.8112971597142855,13.628094152857143,0.6627828558571428,2.784262840428571,18.84997997857143,8.533554315714285
2546,6.041420071428571,2.8271857102857143,13.612205602857141,0.6627828558571428,2.813194264,18.61639411857143,8.491342893428572
2547,6.055885811428571,2.8430742891428573,13.45331987142857,0.6627828558571428,2.8347742830000002,18.43284550714286,8.348108586
2548,6.077702955999999,2.906628576428571,13.357988455714287,0.6710828568571429,2.885285697285714,18.29933414285714,8.246848575142858
2549,6.056122937,2.9860714425714288,13.23087993857143,0.7047571418571429,2.9357971398571427,18.099185604285715,8.145825689857144
2550,6.070588620571429,3.049625729857143,13.07199432,0.7132942842857143,3.000774265857143,17.93247416,7.994291418571428
2551,5.969328609714286,2.9701828635714285,12.865442935714286,0.6205714194285713,3.0223542565714285,17.76552547714286,7.8678942774285705
2552,5.882771464571428,3.0337371508571427,12.754222968571428,0.704994278,3.0368199682857147,17.59857702,7.783471432857142
2553,5.7743971748571425,3.0655143085714287,12.500005820000002,0.7640428488571429,3.0223542565714285,17.431865575714287,7.631937105142856
2554,5.579465739999999,3.0655143085714287,12.198122905714284,0.7894171347142859,2.993659958714286,17.298354212857145,7.539214240428572
2555,5.434808621999999,3.017848600285714,11.864462889999999,0.7725799912857143,2.957614256285715,17.181680015714285,7.286419958428572
2556,5.304854313285714,3.0814028875714286,11.832685788571428,0.8904399915714285,2.9289199584285717,17.081605747142856,7.471865688142857
2557,5.124388618428573,3.1764971787142855,11.88035144,1.0673485575714285,2.878408544142857,16.99813163142857,7.724659970285715
2558,5.001785770714286,3.5575857627142855,12.102791375714286,1.4297028425714287,2.856828553428571,17.065006045714288,7.994291418857143
2559,4.864480057428572,3.8433428874285718,12.610988434285714,1.716171422142857,2.7918514274285715,17.115043067142857,8.668488546285714
2560,4.741877209714285,4.224431457285715,13.293960002857144,1.994102838,2.7484542920000004,17.148480161428573,9.325611438571428
2561,4.691365767142857,4.573742897571429,14.199371392857143,2.474317123428572,2.7266371472857145,17.16531732714286,10.17671714942857
2562,4.554297179571429,5.129605750285714,14.93000861285714,3.131677148142857,2.675888579,17.131880234285713,11.112245760999999
2563,4.445922918,5.510694291999999,15.326985704285715,3.401545722285714,2.625140010714286,17.131880234285713,11.575622903285714
2564,4.337548628285714,5.733134255142858,15.787517112857143,3.620665728142857,2.567277149428572,17.231954502857143,12.148560020142856
2565,4.229174310285714,5.701357097428571,15.86695997857143,3.6882514487142855,2.4949485762857146,17.215117335714286,12.452102814285714
2566,4.106334280428571,5.74902286242857,15.771628675714286,3.7050885867142855,2.451551426714286,17.21511733571429,12.435265761428573
2567,4.019539981428571,5.780800020285715,15.851071541428569,3.9747200351428567,2.4010399982857145,17.164843074285717,12.822994387142858
2568,3.9038142587142852,5.923797145571429,15.91462597,3.957882897,2.350528569857143,17.09796888714286,12.949391528571429
2569,3.8893485468571427,5.6854685471428565,15.740088812857142,3.629202859857142,2.328948565,17.13140598,12.755408597142857
2570,3.8314856714285717,5.526582871285714,15.708311712857144,3.6375028519999995,2.3073685601428577,17.09796865857143,12.74710852
2571,3.8314856714285717,5.764911469857142,15.660645947142857,3.6797142742857147,2.3362999837142864,16.997894390000003,12.654385711428572
2572,3.8604170950000003,6.082682878,15.994068722857142,3.7216885708571428,2.358117128285714,16.89782012142857,12.814457184285715
2573,3.889348546857143,6.32101142,16.025845824285714,3.8985971545714286,2.3870485518571427,16.764308757142857,12.915717194285715
2574,3.8893485468571427,6.336899970571428,15.962291395714287,3.7722000135714286,2.408628556714286,16.714271735714284,12.772482772857142
2575,3.9182799704285713,6.400454286142858,15.628631267142856,3.7890371517142856,2.401277123857143,16.530723124285718,12.595574245714287
2576,3.8748828349999997,6.511674309999999,15.453856871428572,3.8144114641428573,2.372345700285714,16.380611607142857,12.50285143714286
2577,3.867768556,6.336899998714285,15.009214014285716,3.721688599285714,2.3578799884285715,16.397448774285714,12.064611425285714
2578,3.8314856994285713,6.130348558,14.92977114857143,3.7299886195714285,2.30736856,16.48092289,11.997262872428573
2579,3.7736228522857145,6.066794299000001,14.834439845714286,3.9408086051428564,2.2639714247142857,16.44748556857143,12.014100039571428
2580,3.7665085451428575,5.7013571824285725,14.596348372857141,3.620665728142857,2.256620006,16.597834098571425,11.761305645285715
2581,3.788088535857143,5.463028583857143,14.247036932857142,3.3005228654285714,2.242154294142857,16.764782557142855,11.230342825714287
2582,3.8459514114285716,5.018148572714286,13.770616974285714,2.904494297,2.2639714387142855,17.031805284285713,10.589819917714285
2583,3.9759057202857138,4.922817156,13.929502707142857,2.7780971418571423,2.314482867142857,17.265391144285715,10.497334122
2584,4.105860029142858,5.034037151714286,14.231385507142859,2.710748589428572,2.3505285838571432,17.498977002857142,10.707916982428571
2585,4.272097194428572,4.779820030714286,14.152179880000002,2.4916285694285714,2.408154305285714,17.76576271714286,10.514171289571427
2586,4.459914322142858,4.541491432142857,14.088625451428571,2.272508563428571,2.458665733714286,18.099422845714283,10.261377006714286
2587,4.661960035857143,4.430271408142857,14.215496957142859,2.1375742834285716,2.458665733714286,18.31617131285714,10.17695416242857
2588,4.900525760142857,4.3190514407142855,14.279051272857144,2.112199992142857,2.480482864285715,18.499719922857143,10.160116996142857
2589,5.138854302142858,4.334939991428572,15.057354032857145,2.188085697714286,2.5020628691428572,18.716468614285713,10.716217059857144
2590,5.348488546142856,4.271385675857143,15.184225424285714,2.1627114135714285,2.487597157285714,18.883179832857145,10.640331418
2591,5.536305645571429,4.239608518,15.422316784285714,2.2132228278571424,2.5165285808571434,18.866342667142856,10.615194286571427
2592,5.673611359,4.398494222142857,15.311096815714285,2.2217599738571425,2.530994292714286,18.6495942,10.455122812571428
2593,5.738588541571429,4.255734250857143,14.675791237142857,2.002639982142857,2.567277149142857,18.582957025714286,9.705039930714284
2594,5.767519965285714,4.509951399999999,13.99281978142857,2.339857115857143,2.6106742845714286,18.56635709714286,9.064754261142857
2595,5.666259954428571,4.748279941999999,13.198628357714284,2.6853742698571432,2.6611857129999996,18.616394345714287,8.466442888571429
2596,5.5723514047142855,5.050162827857143,11.721465592,3.056265701,2.704582848428572,18.649831439999996,7.210771413285715
2597,5.471091450428571,5.081939985571428,10.196637061714286,3.1743628358571425,2.769797128571429,18.649831440000003,5.912888537285714
2598,5.312205774571429,5.320268584142857,8.767140004571429,3.3344342814285715,2.769797128571429,18.86681714428571,4.589868568857143
2599,5.189365744714285,5.447377158714285,7.829951400285714,3.418619986142857,2.7916142732857145,19.23391436714286,3.595528578571429
2600,5.182014283571428,5.971462853857142,5.304379949714286,3.8400228174285713,2.827659975857143,19.601011588571428,1.2276571190000005
2601,5.138854302,6.035017113,2.794934287285714,3.881997114,2.863705706571428,19.88463447,-1.4437572485714287
2602,5.1822514655714285,6.082682878,1.1747742832857138,3.7136256764285713,2.8708199855714285,19.951271645714286,-3.171105801
2603,5.218297168142857,6.19390284542857,-0.5407171375714286,3.6714142541428574,2.8924000045714284,20.08478301,-4.957502913714286
2604,5.312205717857142,6.479897152428571,-1.3984628479999999,3.8819971421428576,2.921094302428571,20.23489452714286,-5.918168649000001
2605,5.492671412714286,6.845334325571429,-3.7969257251428568,4.236051435142857,2.957140005,20.234894527142853,-8.539071433428571
2606,5.593694297857143,7.0359971592857145,-5.146980001142857,4.4129600188571425,2.9713685628571427,20.151420184285712,-9.921139992857144
2607,5.738351472428571,7.0042200580000005,-4.321011448428572,4.269488614000001,3.0074142935714283,20.001308667142858,-9.162757147285715
2608,5.767045770428571,6.924777248285714,-4.051142930857143,4.244351455571429,3.0074142935714283,19.90123439714286,-8.690842802428572
2609,5.723648606857142,7.369657231142857,-6.529048673142857,4.682354285142857,3.050811457142857,20.03474576,-11.10946277442857
2610,5.601045759142858,7.718968614857142,-9.308600205142858,4.867800014714285,3.050811457142857,20.151420182857144,-13.865062633571428
2611,5.435045747857144,8.068280055142857,-12.453588824428573,5.162805719142858,3.036345717142857,20.418443135714288,-16.848082746142858
2612,5.233000034,7.972948638428572,-13.581203023,5.036408578,3.050811457142857,20.63519160285714,-17.808748601857143
2613,5.074114301571428,8.195388686285714,-16.360991482714287,5.323114318428572,3.043697178142857,20.88537716428571,-20.38743993385714
2614,4.886297145571428,8.084168662285714,-17.75871152342857,5.331651464428572,3.0003000145714287,21.085525702857144,-21.685085563714285
2615,4.770808576857142,8.46549432957143,-18.949880095714285,5.458048605428571,2.9858342745714284,21.535860028571427,-22.780685650000002
2616,4.676900027142858,8.655920038142858,-19.45831439428571,5.694005777571428,2.935322832,21.902957024285712,-23.17671424
2617,4.647968603571429,8.655920038142858,-18.664122744285713,5.778191496428572,2.8921628222857136,22.28665417428571,-22.376120085714287
2618,4.626151458857143,8.481382880857144,-17.711045588571427,5.702305741428572,2.8921628222857145,22.570277054285715,-21.584062905714283
2619,4.568288611714285,8.49727143142857,-17.059851461428572,5.601045730571428,2.9139799387142857,22.92077434857143,-20.850817189999997
2620,4.590105756428572,8.354274249714285,-15.598577245714283,5.491485699428571,2.9284456505714287,23.220997382857142,-19.401400164285715
2621,4.525128630285715,8.544937083428572,-15.709797212857142,5.828465672142857,2.9429113905714286,23.404545994285712,-19.502660175714286
2622,4.532480034857143,8.258942833,-15.169822938571428,5.668394254857143,2.935797111571429,23.27103463142857,-19.15714285857143
2623,4.561411458428571,7.607748534428572,-12.94589716314286,5.002734245142856,2.964728535142857,23.104086174285715,-17.016691424285714
2624,4.633502863428572,6.956554293142857,-11.135311507714288,4.446634224285715,3.000774237714286,22.903937635714282,-15.221757192857142
2625,4.684014306,6.416342837000001,-9.213268590142858,3.8988342520000003,3.044171401285714,22.67035177714286,-13.199165697857143
2626,4.8213200192857135,5.812577093571428,-7.0690227774285725,3.4354571030000005,3.0657514202857143,22.603477362857145,-11.06725135314286
2627,4.886297145428571,5.383585661428571,-5.067537091857145,2.9550056831428573,3.080217132,22.520240032857142,-9.196431338714287
2628,5.023365676714286,4.922817127857143,-2.5419656412857146,2.390605712428571,3.0875685365714287,22.53683996142857,-6.794648502857143
2629,5.073877119285714,4.4940628212857145,0.11071432800000013,2.053388571714286,3.058637113,22.58687698285714,-4.1232342772857145
2630,5.3411370848571424,4.223957121428572,3.049151422571429,1.8342685800000003,3.058637113,22.58687698285714,-1.494031445142857
2631,5.601282828142858,4.0653085711428565,5.876605674285714,1.657360006857143,3.0802171320000005,22.603713922857143,1.1014971665714286
2632,5.846962831428571,4.033531441571428,8.576714226714286,1.5983114322857142,3.0657514202857143,22.586876757142853,3.5872286787142857
2633,5.933519976571428,3.7795514462857143,10.657405554000002,1.3538171494285716,2.9936599870000005,22.42016531285714,5.5759087154285725
2634,6.020077121714286,3.589125738285714,12.452102588428572,1.2191200038571426,2.935797139857143,22.203179608571425,7.303494365285714
2635,6.056360006428571,3.430477159857143,13.738602520714286,1.1095600027142858,2.8852857255714284,21.869519705714286,8.609677168000001
2636,6.200779998714284,3.446365738714285,14.770885417142859,1.1012600035714286,2.8926371584285713,21.502659721428568,9.544968569571427
2637,6.135802872571429,3.3830485771428562,15.072531205714284,1.084422862,2.849240023142857,21.252473935714285,9.99150854457143
2638,5.998497159142857,3.3036057110000003,15.13608552142857,1.067348577142857,2.784262868714286,20.918814032857142,10.185254238
2639,5.933520033,3.1608457114285717,14.929771262857143,0.9409514344285713,2.7697971568571433,20.668628471428573,10.00834559742857
2640,6.027428582714285,3.3356199944285714,14.929771262857143,1.084185717142857,2.8129571665714286,20.301531475714285,9.86511129042857
2641,6.121337188857142,3.287954286,14.818788534285716,1.041974287857143,2.8708200137142854,19.884397231428572,9.629154174714285
2642,6.135802872285714,3.272065707142857,14.564808624285716,0.9743885727142857,2.9139800234285715,19.56733725714286,9.308774214571429
2643,6.070825746142857,3.240288549428572,14.151942868571426,0.9068028575714285,2.971605745,19.333751624285714,8.954957047428572
2644,6.041894322571429,3.2402885494285707,13.818519978571429,0.8477542848571428,3.0365828992857145,19.033528815714284,8.609439957571428
2645,6.049245727142856,3.240288549428571,13.453082750000002,0.7889428537142857,3.1089114582857142,18.749905935714285,8.247085644285715
2646,6.121337132142856,3.303842836714286,13.230642701428573,0.881665713142857,3.137842881857143,18.416245807142854,8.01966567457143
2647,6.027428582428572,3.0814028452857145,12.944885690000001,0.6542457115714286,3.152308593571429,18.149460092857144,7.834457070571427
2648,5.919054292714286,3.224162844857143,13.103534182857144,0.7638057127142857,3.1667743054285715,18.01618596857143,8.196811327714284
2649,5.890122869142857,3.5099199697142858,13.532288488571428,0.9914628575714285,3.1812400172857145,17.91611169857143,8.710937095000002
2650,5.875657129142858,3.6685685481428574,14.008708445714287,1.2359571492857142,3.1667743054285715,17.766000181428574,9.241900027857143
2651,5.767282839428573,3.9225485434285714,14.358019772857144,1.4467771507142857,3.137842881857143,17.649088745714288,9.71381425914286
2652,5.586580019,4.414857109,15.374651242857142,2.0533885647142855,3.0799800347142856,17.53217731,10.758665664428571
2653,5.4205800077142845,4.875388516857143,16.16884278,2.4579542791428572,3.0150028804285713,17.41550311285714,11.761305646142858
2654,5.283274294285714,5.510694207714286,16.88359122285714,3.073102846285714,2.942911447142857,17.348628698571428,12.696597132857145
2655,5.254342870714285,6.162125687857143,17.614228444285715,3.7136257047142855,2.8634686092857145,17.281754284285714,13.60651425
2656,5.145968580999999,6.7023371439999995,18.23364547142857,4.185540006714286,2.8203085995714288,17.215117108571427,14.280711264285715
2657,5.016014328714285,7.083662867714286,18.69441423142857,4.505682841285714,2.8058428595714284,17.148242921428572,14.819974048571428
2658,5.016014328714285,7.655651424999999,19.66338005,5.019571383428572,2.769797128857143,17.081605745714285,15.80601416
2659,4.958151453285714,8.052628517142857,19.93324851142857,5.348251420428572,2.7842628405714285,17.031568724285716,16.286465592857144
2660,4.83531148,8.417828564571428,20.155688445714283,5.449274248999999,2.7771485615714284,16.998131631428574,16.539259875714286
2661,4.799265777571429,8.497271430714285,20.39401704428571,5.693768567285715,2.777148561571429,16.99813163142857,16.8679398
2662,4.633265766285715,8.560825633142857,20.37812838,5.676694275142857,2.8347742830000002,17.031568725714287,16.74154265857143
2663,4.524891504714286,8.449605665714286,20.425794145714285,5.701831405428572,2.8058428594285716,17.11504306857143,16.935288464285716
2664,4.467028629285714,8.687934264285714,20.441682582857144,5.853602858857144,2.8276600039999997,17.181917255714286,17.044848438571428
2665,4.329722915857142,8.73536290357143,20.266908187142857,5.938025759857142,2.8205457249999997,17.24855443142857,16.909914094285718
2666,4.366005772285714,8.449605835428573,19.933485524285718,5.7442800098571425,2.7771485895714285,17.298591452857142,16.589534134285714
2667,4.3081428968571425,8.290957228714287,19.71104559,5.778191468285714,2.7553314448571427,17.36546564,16.437999862857144
2668,4.250280021428572,8.370400094857144,19.774600018571427,5.752817155857143,2.7697971567142856,17.532414322857143,16.345277054285717
2669,4.2358143095714285,7.973185820571429,19.536508658571424,5.5168600401428565,2.6903542905714284,17.66592591142857,16.23571708
2670,4.2142342905714285,7.607748647285716,18.837648764285714,5.2135543154285715,2.6540714339999996,17.932711625714283,15.511008454285713
2671,4.127439991571428,7.385308599428571,18.503988862857142,5.095457138142857,2.5312314465714283,18.232934434285713,15.275051338571426
2672,4.004837143857143,7.004220001285715,18.122900434285715,4.834125710000001,2.4589028734285714,18.566594562857144,15.013719854285714
2673,3.838600006857143,6.877111426714285,18.01168024,4.732865699142857,2.408391445,18.933691784285713,14.988582724285715
2674,3.6941800144285715,6.734114301571428,17.852794507142857,4.6989542407142855,2.3578800165714284,19.25051474714286,14.97174555857143
2675,3.5642257338571426,6.861222876142857,17.455580177142856,4.850725694142858,2.2926657364285714,19.467263214285715,14.912697082857141
2676,3.5208285701428568,6.670560042428572,17.153697377142855,4.758239955,2.2710857315714286,19.60053734,14.601091451428571
2677,3.499011425428571,6.591117176285715,17.296694445714287,4.7836142391428575,2.256620005714286,19.567100019999998,14.74432575857143
2678,3.6581342834285713,6.638782884714287,17.455580178571427,4.5730314075714285,2.3505285695714284,19.450188584285712,14.550342940000002
2679,3.939859989142857,6.527562860857143,17.471468615714286,4.463471404571428,2.4444371334285715,19.400151335714288,14.381971502857143
2680,4.236051434857143,6.543451411428572,17.566800145714286,4.370748596285715,2.5238799855714285,19.31667699428571,14.196525772857143
2681,4.539357131285715,6.3845656790000005,17.48735728,4.134791480571429,2.6106742705714288,19.183165404285717,13.732911504285715
2682,4.994434252857142,6.066794270857143,17.630354348571426,3.6206657421428576,2.711934253142857,19.083091134285716,13.404231354285715
2683,5.3989999601428575,6.241568553857143,17.900460047142857,3.527942877285714,2.885285683142857,19.04989127857143,13.286134177142857
2684,5.890122812571428,6.400454286285715,18.34534014428571,3.435220040714286,3.051522834285714,18.99985425571429,13.395694264285714
2685,6.186077076142857,6.225680003285715,18.646985705714282,3.519405759571429,3.0875685651428575,18.966654400000003,13.564302940000001
2686,6.381008511142857,6.305122869428572,18.71054013428571,3.4520571788571432,3.1164999887142857,19.016691648571427,13.46304292857143
2687,6.5254285034285715,6.209791452571428,18.726428798571426,3.351034293714286,3.1670114312857143,19.016691648571427,13.19341148
2688,6.641154254428571,6.257457161,18.519877299999997,3.359571439714286,3.210171441,19.150203238571432,12.965991454285716
2689,6.568825723714286,6.257457161,17.662131674285714,3.4859685807142853,3.2391028928571437,19.200240487142857,12.19077155442857
2690,6.453337155,6.2256800032857145,16.34361728957143,3.494268601142857,3.217522902142857,19.450426047142855,10.859451562571428
2691,6.243940036571428,6.368677128428571,14.469240022571428,3.536242869428572,3.1741257667142864,19.717448774285714,9.098191509714287
2692,6.121337188857142,6.527562860714285,12.420325825285714,3.6206657421428567,3.2104086231428575,20.134345779999997,7.042162835714286
2693,5.940634311714285,6.765891459285714,10.101305787142858,3.8819971702857137,3.2393400750000003,20.401368505714284,4.910248576428572
2694,5.774634300428572,7.1472171265714275,7.416848560428572,4.084280009857143,3.246691479571429,20.701591314285714,2.5170029174285715
2695,5.637328587,7.099551418142857,4.4466343091428575,4.2528885732857145,3.2395771722857143,21.035251215714286,-0.4323427497142858
2696,5.572351404428572,7.2584370940000005,1.4446427862857143,4.236051435142857,3.246691451285714,21.435785305714287,-3.4070627855714286
2697,5.579465683428571,7.290214251714285,-1.0806914261428573,4.328774271714285,3.239340018428571,21.519259647142857,-5.935242816571429
2698,5.579465683428571,7.5285428502857155,-3.5744857191428574,4.5818057077142855,3.246691423,21.702808258571427,-8.454885630857143
2699,5.586579962428572,7.639762874285714,-6.131834327571428,4.7082028487142855,3.2466914230000006,21.83631984857143,-10.991365569714286
2700,5.759931378428571,7.8301885822857145,-8.165097185142857,4.792388567571429,3.2248742784285716,22.036468388571425,-13.300425651857141
2701,5.961977092285714,7.909631448428572,-9.737591438428572,5.019808593714286,3.253805730285714,22.23685416571428,-15.120734308571429
2702,6.178725615285714,8.481382880857144,-10.928760122857142,5.3653257405714285,3.2827371821428573,22.35376560142857,-16.477428527142855
2703,6.2799856261428575,8.878360086571428,-11.977168581428572,5.7781914400000005,3.246691451285714,22.253454318571432,-17.69088843857143
2704,6.272871347142856,9.338891550857142,-13.10502002,6.174220001285713,3.1817142968571424,22.253454318571432,-18.803325578571428
2705,6.164497057428571,9.195894369142858,-13.86743422857143,6.0307485682857145,3.1672485849999994,22.33692866,-19.544871258571426
2706,6.027191344,9.354542862714286,-15.21748847714286,6.106634266857142,3.1309657285714283,22.33692866,-20.724657062857144
2707,5.796214206571428,8.989342871714285,-15.487357051428573,5.828465700571428,3.1093857095714292,22.270291484285714,-20.690745491428572
2708,5.5218399055714285,8.909900005571428,-16.83741129857143,5.6600942629999995,3.044171401285714,22.270291484285714,-21.685085452857145
2709,5.254579939999999,8.560588564571429,-17.441176901428573,5.407299980857142,2.979194247,22.303491565714285,-21.912742604285715
2710,4.965502801428571,7.861728501285715,-16.059345553142858,4.969059997428572,3.0007742660000005,22.420403002857142,-20.227368460857143
2711,4.719822826571429,7.718968445285716,-16.345339916,4.927085757285714,3.0223542849999996,22.904174422857142,-20.244205626571432
2712,4.582517113142857,7.385308429857142,-14.693402811428571,4.657454322857142,2.986308582571429,23.271034407142857,-18.289200035714288
2713,4.474142851714286,7.2266599362857145,-14.359742908571429,4.5815686242857145,2.943148572857143,23.32107142857143,-17.792148674285713
2714,4.394699985428572,7.449099871142857,-14.64573727142857,4.809225748,2.9357971399999996,23.471182945714286,-17.994431682857144
2715,4.365768561714286,6.908888471571428,-11.564303059714286,4.345611466285714,2.9720799964285716,23.871480024285717,-14.943825949
2716,4.329722859142858,6.559339905571428,-8.800403080285715,3.957882897142857,3.0515228625714284,24.08846573,-12.264111731142858
2717,4.394937139142857,6.84533421242857,-9.388043005714286,4.168702910857143,3.0444085554285714,24.171939844285713,-12.921471806000001
2718,4.459914293571429,6.479897095714286,-8.00597441857143,3.8217233665,3.080691411857143,24.00499138714286,-11.648963193142858
2719,4.626151430571428,6.448119994571428,-7.894754451,3.870970042333333,3.1527828451428577,23.771405754285713,-11.935431694857144
2720,4.741877153142857,5.923797088999999,-5.671065801142857,3.2811166845,3.217759999428572,23.78824292,-9.862328700428574
2721,4.857365778428571,5.304142851428571,-3.574485725857143,2.661660028166667,3.282974307714286,23.68816865,-7.974671435857144
2722,4.972854347142857,5.288254300714286,-3.4632657231428574,2.6813033558333337,3.2829743077142863,23.35450874714286,-7.940997159714286
2723,5.080991454714286,5.177034276714286,-3.2408257177142863,2.671343352166667,3.232225739428572,23.104322959999998,-7.738714320142857
2724,5.174662878714286,4.732154265714286,-0.9376943148571426,2.1993499940000003,3.1888286040000002,23.104322959999998,-5.471865638428571
2725,5.369594313571429,4.462048537714286,1.810080058,2.0953628541428575,3.130965728571429,23.037685784285713,-2.8004513280000003
2726,5.449037179714286,4.223957093,4.065545752999999,1.9099171385714284,3.0588742952857144,22.804099925714286,-0.46625420057142836
2727,5.5789914320000005,4.112737125571429,6.432231471714286,1.800357142714286,3.037057150714286,22.60371414857143,1.8174314278571428
2728,5.680251386285714,3.9858656767142855,8.481382907857142,1.8059299963333333,2.9647285634285714,22.353291350000003,3.7975742622857145
2729,5.774159992571428,3.6047770927142855,10.212762850571426,1.4127866785,2.9357971398571427,21.93615710571429,5.415599965714286
2730,5.875420003428572,3.3825742552857143,11.721702831428571,1.1375033418333331,2.907102842,21.60249720428572,6.789131407285715
2731,5.976680014285714,3.223925705142857,12.833665605714286,0.9604366771666665,2.871057139571429,21.268837302857143,7.775171412571429
2732,5.962451399857143,3.255702862857143,13.40565422,1.0785733483333333,2.8421257160000004,20.885140152857144,8.297597086714285
2733,5.99138282342857,3.239814284,13.723425571428573,1.0885333480000001,2.8203085712857145,20.668391685714287,8.668488546
2734,5.911940013714286,3.1764971224285716,13.834645538571431,1.0885333480000001,2.733751412,20.585154582857143,8.85393427557143
2735,5.832260021857144,3.1764971224285716,14.009419708571428,1.1349342978571428,2.675888564857143,20.53511733428571,9.073054225
2736,5.731237136714285,3.2877171322857146,13.993531158571429,1.2867057194285714,2.5890942939999997,20.585154355714284,9.157239943857144
2737,5.593931423428572,3.2718285817142854,14.025308258571428,1.337454291142857,2.509414288,20.585154355714284,9.317311417714285
2738,5.463977114714285,3.2718285817142854,13.945865505714282,1.3965028638571426,2.4586657055714283,20.568317188571427,9.410034225999999
2739,5.384297122857142,3.113180003285714,13.691648244285712,1.2532685722857142,2.4441999937142858,20.55171726142857,9.367822803714285
2740,5.275922833142857,3.0655142948571426,13.437431208571429,1.2110571447142857,2.422619988857143,20.53511733428571,9.148702741285714
2741,5.239877074142856,3.0496257441428574,13.294434140000002,1.1942200012857143,2.415268570142857,20.485080312857143,9.022305600285714
2742,5.174899947999999,3.0496257441428574,13.056105654285714,1.1942200012857143,2.429734281857143,20.485080312857143,8.870771329000002
2743,5.088342802857143,3.0814028737142856,13.246768487142857,1.2025200022857143,2.4515514124285716,20.50191748,9.199451366714285
2744,5.052297100285714,3.2082742942857143,13.564302827142857,1.261331428142857,2.4660171382857143,20.485080312857143,9.561805623857143
2745,4.979968569571428,3.4940314472857144,14.008945684285717,1.4889885694285714,2.502299994714286,20.35180596285714,10.050557134285715
2746,4.900525703428571,3.668568604571429,14.247274282857145,1.6068485627142854,2.5096514277142856,20.251731467142857,10.31188861914286
2747,4.799502874714286,3.7954400252857146,14.628362937142857,1.707871421428571,2.5601628561428575,20.168257124285713,10.733291464285713
2748,4.792151470142858,3.954088603714286,15.136559997142857,1.8511057130000002,2.5530485630000004,20.051345688571427,11.33160295
2749,4.8210828938571435,4.351065780714285,15.994305735714287,2.145874281,2.531468558142857,19.93467149142857,12.233220104285715
2750,4.792151470285714,4.7480429577142855,16.423060155714285,2.550439983,2.5170028462857137,19.701085858571428,12.705134448571428
2751,4.784800009142857,5.081702973142858,16.89971735285714,2.7949342801428574,2.5459342698571423,19.55097434142857,13.202423048571427
2752,4.755868585571428,5.510694348714286,17.64624301142857,3.1233771350000006,2.531468558,19.467500225714286,13.935431525714284
2753,4.705357199571428,5.812577206428571,18.40865733285714,3.494268566142857,2.509651413285714,19.35058879,14.828748715714283
2754,4.661960036000001,6.193902901857143,19.18696009285714,3.9578828267142856,2.444674273,19.200477272857142,15.61226869285714
2755,4.524654322571428,6.845334325571429,19.86993154857143,4.471771397142857,2.444674273,19.083802848571427,16.49704856714286
2756,4.373120022999999,6.956554293000001,20.266908641428575,4.665754244571429,2.451788566142857,18.96689141285714,16.909914322857144
2757,4.271860012142858,6.845334268999999,20.092134245714288,4.530819957428571,2.4662542780000005,18.86681714285714,16.733005682857144
2758,4.170837183428572,7.115439912285715,20.40966847142857,4.859499966142857,2.459139985,18.750142945714284,17.078522772857145
2759,4.149257164428572,6.924777078714286,20.219242877142857,4.716265686999999,2.502537134571429,18.600031428571423,16.84256565714286
2760,4.127677145428572,6.956554179857144,19.996802942857148,4.665517118714286,2.553285702857143,18.483357231428574,16.59807133857143
2761,4.09163141457143,7.08366275457143,19.742822918571427,4.6569799725714285,2.567751414714286,18.383282962857145,16.57293420857143
2762,4.062937116714287,6.940665572714286,19.584174424285717,4.488608535,2.574865707857143,18.249771600000003,16.29476578285714
2763,4.0700514238571435,6.877111313714286,19.21897443285714,4.421022856857142,2.596682852571429,18.066460228571433,15.999759965714286
2764,4.156845694571429,7.163105620714285,19.616188764285717,4.707491415142856,2.6111485785714286,18.033022908571432,16.446300054285718
2765,4.135265675714286,7.226659936285714,19.39398584142857,4.707491415142856,2.6327285834285723,17.932948640000003,16.294528544285715
2766,4.099219944857144,7.321991353142857,19.219211444285715,4.876100006714286,2.6253771505714285,17.88291161857143,16.218879915714286
2767,4.041357069285715,7.290214251999999,19.187434115714286,4.935148595285715,2.6324914294285713,17.81603743,16.218879915714286
2768,4.055585655428572,7.417322826571429,19.298654082857144,5.061545736428571,2.683002857857143,17.78260033571429,16.28622858
2769,4.1132113768571426,7.321991409857143,19.07621392285714,4.977122891857142,2.7408657050000005,17.78260033571429,15.95754843
2770,4.106097069714286,7.512654243428572,19.171545452857142,5.0866828665714285,2.762445695714286,17.699125992857144,15.991222761428574
2771,4.113211405285714,7.464988478428572,19.298654082857144,4.985660038,2.7840256864285715,17.632489044285716,15.949011225714287
2772,4.221585695,6.9406656294285725,18.821997112857144,4.589631448571429,2.791377119285714,17.599051724285715,15.350699854285713
2773,4.3370742920000005,6.654671379,18.48833721142857,4.134554284571428,2.8203085428571435,17.58221455714286,14.870248532857143
2774,4.4670285725714285,6.591117063428571,18.58366874142857,4.024994281571429,2.8131942640000003,17.59905172428572,14.802899867142857
2775,4.539357159857143,6.13034853,18.186454637142855,3.7132700278333335,2.8060799851428575,17.58245179714286,14.221425548571428
2776,4.640617170714286,5.876131380714286,18.15467753571429,3.5265200080000003,2.7916142734285714,17.59905172428572,14.120402777142857
2777,4.799502874857143,5.5424713652857145,17.74157454142857,3.0841300143333332,2.8060799851428575,17.699125994285716,13.707537134285715
2778,4.922342848142859,5.367697082285715,17.392025975714287,2.739956676166667,2.8134314180000004,17.68228882714286,13.193648605714287
2779,5.0304800122857145,5.669579939857143,17.900460274285713,2.887420007333334,2.827897129857143,17.732326074285716,13.589677194285715
2780,5.138854302,5.733134198857143,18.503988637142857,2.975953338666667,2.8134314181428572,17.782363095714288,14.019380004285717
2781,5.326671458,5.558359915857144,18.551654402857142,2.7006699876666667,2.806079985285714,17.899037292857145,13.884445774285714
2782,5.471091450285714,5.542471308714285,18.615208605714283,2.7190485604285715,2.791614273428571,18.032311417142857,13.81709722142857
2783,5.550534316428572,5.494805600428571,18.535765738571428,2.7275857065714284,2.7916142734285714,18.149222852857143,13.572602902857144
2784,5.615511499,5.653691332857143,18.202342848571426,2.8625199935714285,2.806079985285714,18.332771464285713,13.050177172999998
2785,5.5865800754285715,5.828465615857143,17.233377029999996,3.132151427857143,2.8060799852857143,18.4496829,12.325468546857142
2786,5.507137209142857,5.860242773571428,15.486108337571427,3.309060011571429,2.834774283142857,18.58319426285714,10.732817127857144
2787,5.384297179428572,6.193902732428572,13.18297699085714,3.814648604,2.8131942924285718,18.73330578,8.626277159
2788,5.160434320857143,6.734114132,10.53029693642857,4.2951000520000004,2.8205457252857142,18.749905707142855,6.300617120714286
2789,4.972617164857143,7.020108438857142,7.671302651714286,4.632080052857143,2.8205457252857142,18.749905707142855,3.5281799819999997
2790,4.777448576142858,7.57620844557143,4.367428441714286,5.078620056714286,2.827897158142857,18.649831438571425,0.4439000852857143
2791,4.640142862857142,7.782759829857143,0.6504514631428572,5.348251505285715,2.8063171674285714,18.54975716857143,-3.0869200134285717
2792,4.5462343131428575,8.052865529714285,-2.8438484554285717,5.693768624,2.784500022714286,18.54975716857143,-6.609439921571429
2793,4.503074331714286,8.211751262142858,-6.195388431571429,5.853840041285714,2.7339885801428574,18.432845732857142,-10.098048512571427
2794,4.553585774285714,8.465731285571428,-9.276822650571429,5.91288857342857,2.7484542918571426,18.349608630000002,-13.190865732285713
2795,4.654845785142856,8.767377073428571,-12.024596826142856,6.275242886857143,2.770034282571429,18.349608630000002,-16.182422933999998
2796,4.821082922142858,9.291462797,-14.280299647142858,6.6207600338571435,2.770034282571429,18.34960863,-18.533457341
2797,5.059648618,9.481888504999999,-16.107011205714286,6.940902924857143,2.8276600039999997,18.399645877142856,-20.522137491428573
2798,5.218534293857142,9.910642811857143,-17.155182765714283,7.3117943275714286,2.834774282857143,18.36620855714286,-21.79464587857143
2799,5.348488545999999,10.25995425257143,-18.378365621428568,7.547751499714287,2.8276600039999997,18.432845507142854,-23.125965955714285
2800,5.362954229571429,10.323508568142856,-18.441919822857137,7.530914333285715,2.806079999142857,18.582957024285715,-23.04178012428571
2801,5.269045679857143,10.037751443428572,-19.283777011428572,7.446491488714286,2.7916142874285717,18.649593974285715,-23.79162576857143
2802,5.131739966571429,9.831437072428571,-19.951097042857146,7.235671446571429,2.6977057235714286,18.84997975142857,-24.415311510000002
2803,4.9223428198571435,9.990322805285714,-21.539480114285713,7.395742920285714,2.675888578857143,19.05036552857143,-25.72149445571429
2804,4.669311412142858,10.149208538142858,-22.778314167142856,7.3874428434285715,2.574865707857143,19.450662607142856,-26.88444286714286
2805,4.452562860857143,10.323982821,-23.604282691428576,7.463091472857143,2.5243542794285716,19.934434027142856,-27.48275423857143
2806,4.2649828588571435,10.371648585285714,-23.524839825714285,7.395742920428573,2.5170028464285714,20.485079860000003,-27.221659991428574
2807,4.171074280857143,11.022842826571429,-24.779562770000002,7.99405434957143,2.5241171394285713,21.002288374285715,-28.35923448714286
2808,4.113448531000001,11.562817100428571,-24.604788374285715,8.390320064857143,2.5096514134285712,21.719645652857142,-28.18232584571428
2809,4.149494233428572,11.800908572857141,-23.969245670000003,8.491580075714285,2.5675142747142856,22.253454320000003,-27.44077994
2810,4.207119983285715,11.705577155714284,-22.889059884285718,8.466205706857142,2.603797131285714,22.85389993714286,-26.395928252857143
2811,4.228937128,11.62613428857143,-21.602560065714282,8.474505783714287,2.639842848,23.20415999285714,-25.03069683142857
2812,4.322845705857143,11.165602880571427,-20.204840052857143,8.255385721285714,2.6903542764285713,23.621294462857144,-23.80039975428571
2813,4.48173141,10.720960023714285,-18.90245157,8.08677710157143,2.6903542764285713,23.687931638571428,-22.70479978142857
2814,4.626151430571428,9.863214285142858,-16.80587155142857,7.303019999285714,2.6977057094285715,23.75480582571429,-20.88449106857143
2815,4.720060008571429,9.132577177714285,-15.201600267142856,6.721545736571429,2.7048200024285713,23.50462003857143,-19.258165401428574
2816,4.720060008571429,8.306608597285715,-13.565551656142857,6.106397141142857,2.6903542907142857,23.254197014285715,-17.656976864285713
2817,4.727411413142858,7.385308542714286,-10.960537281857142,5.272365750285713,2.668537146,22.93713704,-15.036311235000001
2818,4.770808576714286,6.416342837,-8.625628636142856,4.404422858714286,2.654071434142857,22.686951252857142,-12.668439888571429
2819,4.778159981428571,5.701357126142857,-6.163611472857142,3.696788580571429,2.654071434142857,22.52000256857143,-10.098285702
2820,4.879182866571428,5.034274249285715,-3.5585971551428566,2.9720800315714286,2.690354290714286,22.62007683857143,-7.502757060428571
2821,5.023602858857143,4.510188554142857,-0.5248286437142858,2.491865730285714,2.7048200024285713,22.703314168571428,-4.5197371181428565
2822,5.240114312714285,4.224194247142857,2.8267114448571427,2.0958371407142864,2.7553314168571426,22.78678851,-1.4439943112857148
2823,5.514725739571429,4.0653085429999996,5.860480068142857,1.8850171481428573,2.8203085428571426,22.820225830000002,1.378954214285714
2824,5.818031464285714,3.9066599927142858,8.433717228142857,1.7164085707142855,2.8347742547142856,22.87050009,3.6121284565714284
2825,6.08529143,3.605014274857143,10.705308628142857,1.3625914315714283,2.8421256875714285,22.887100018571427,5.6178827857142855
2826,6.265757181285714,3.557585720285714,12.436688514857142,1.2613314314285713,2.827659975857143,22.653514385714285,7.1853970465714285
2827,6.38124575,3.5734742991428563,13.643982820000002,1.253031428857143,2.820308543,22.36989150428571,8.306134232714285
2828,6.431757192571429,3.541697141428571,14.057085701428573,1.253031428857143,2.8418885337142856,22.06966847,8.744374300999999
2829,6.395711433571429,3.3512714334285714,14.152417118571426,1.1095599994285712,2.798728552285714,21.936157107142858,8.912982864285715
2830,6.3162685672857135,3.240288591571429,14.120639904285714,1.0296033356666667,2.7697971287142855,21.802645517142857,8.929820030714286
2831,6.265757124714286,3.192622855,14.057085588571429,0.9292840051999999,2.8203085712857145,21.619097131428568,8.912982977428571
2832,6.287337143714285,3.383285702857143,13.945865619999998,1.1533840018000001,2.863468581,21.51902286142857,8.853934388857143
2833,6.337848529857142,3.3356199662857144,13.882311417142859,1.0826679994000001,2.906865716285714,21.452385687142858,8.735837324714286
2834,6.337848529857142,3.2879542297142854,13.818757101428572,0.9764279992,3.0007742942857147,21.268837075714288,8.609440183714286
2835,6.337848529857142,3.3038428085714284,13.723425684285713,0.9053799988000002,3.044171429714286,21.13532571142857,8.474505840142857
2836,6.3812456935714295,3.4942685165714282,13.707537019999998,1.0351919945999999,3.1451942865714284,20.935177172857145,8.390320121428571
2837,6.373894289,3.5734742288571426,13.643982818571429,1.0589299956666667,3.166774305571429,20.785065881428572,8.339808622285714
2838,6.316031441714285,3.652679969285714,13.628094267142856,1.092722854142857,3.181240017285714,20.651554292857146,8.348345711857142
2839,6.222122835428571,3.5573485524285715,13.72342557142857,0.9746257105714287,3.224637152714286,20.384768578571425,8.516954275142856
2840,6.099519987714286,3.7795514464285715,14.040959797142857,1.227419998,3.2535686045714285,19.93443425285714,8.97203134042857
2841,5.9695656790000005,4.033531441714286,14.54915697,1.4716771394285715,3.1885914501428574,19.4675,9.578642676571429
2842,5.796214263142857,4.287511465285715,14.914356961428572,1.615148568857143,3.1380800358571435,18.967128652857145,10.117905573857144
2843,5.593931423571428,4.541728614428571,15.597328531428571,1.7754571471428573,3.109148612285715,18.54999418285714,11.002685673857142
2844,5.4061142675714295,4.764168605857143,16.010194174285715,1.9775028592857142,3.1091486122857144,18.13309695142857,11.626134289571429
2845,5.3482514204285705,5.018385726857143,16.62961120142857,2.154411435857143,3.037057179,17.84947407,12.31693145742857
2846,5.247228591714285,5.272365722142857,16.947145654285716,2.441117148,2.9649657457142857,17.632488364285713,12.620237125714285
2847,5.059411435714287,5.574248579714285,17.487357281428572,2.660237153857143,2.8637057348571426,17.615651197142856,13.235385664285714
2848,4.979968626000001,5.844354336,17.90046005,2.9637800324285712,2.849240023,17.715725467142857,13.740974228571428
2849,4.965502886000001,6.019128619,18.488337214285714,3.250248590857143,2.856354301857143,17.79919981,14.263636971428571
2850,4.9439228669999995,6.130348643,18.520114314285713,3.384945724,2.84188859,17.79919981,14.390034112857142
2851,4.9078771645714285,6.622894390714286,19.40963726714286,3.8063485975714286,2.813194292142857,17.832399891428572,15.275051338571428
2852,4.792388595857142,7.099551531285714,19.99727742,4.421497136428572,2.791377147428571,17.782362870000004,16.02513422142857
2853,4.705594325142857,7.639762987428571,20.616694445714284,4.960760005142857,2.7840257145714284,17.765762942857144,16.85086562
2854,4.799502931428571,7.941645788428572,20.80712004,5.205017112999999,2.820308571142857,17.832637357142858,17.01117433285714
2855,4.763457172428572,8.084642857142857,20.933991431428574,5.213317076857143,2.798728580428571,17.849237284285717,17.18832021142857
2856,4.604571468285715,8.164085723285714,20.711551497142857,5.221617097142856,2.740865733285714,17.815799964285713,17.154408865714288
2857,4.503311485714286,8.386525658142858,21.029085724285714,5.558597098,2.6543085740000003,17.915874232857142,17.398903184285714
2858,4.488845773857142,8.24352847642857,20.854311327142856,5.508085655428571,2.6180257174285715,17.915874232857146,17.112197331428572
2859,4.430982898428572,8.100531294714287,20.489111335714284,5.238454263571429,2.6253771504285717,17.915874232857146,16.876240215714287
2860,4.351540032142857,8.036976979142858,20.37812860714286,5.019334257714285,2.603797159714286,17.815799962857145,16.76668024142857
2861,4.243165742428572,7.909868461142858,20.219480112857145,5.002497147857143,2.5748657361428573,17.732325621428572,16.850865847142856
2862,4.120325769,8.021088541571428,20.060831620000005,5.331177184857144,2.5530485914285714,17.69888852714286,16.867702787142857
2863,4.127677173571429,8.227639925857144,20.37836584571429,5.482948581857143,2.596445726857143,17.832400115714286,17.255431412857142
2864,4.1855399924285726,7.941645675428572,20.18794025,5.2133171617142855,2.6253771647142856,17.782363094285717,17.171008568571427
2865,4.236051406714286,7.750982841857143,19.902183125714284,4.968822871714286,2.632728597714286,17.782363094285717,16.87623999
2866,4.315494244571429,7.6715400321428575,19.854517361428574,4.926611449428571,2.6253771647142856,17.682288824285717,16.657119814285714
2867,4.452799958,7.719205797142857,20.187940251428568,5.036171424142857,2.6614228671428575,17.665688671428573,16.859402822857145
2868,4.575639931285714,7.464988648,20.219480114285716,4.850962820142857,2.668537146,17.599051495714285,16.640282872857146
2869,4.7418770682857145,7.083662924285714,20.044705944285713,4.379048503999999,2.6974685697142857,17.56585164142857,16.294765782857144
2870,4.886297088857142,6.750002965428572,19.743060155714286,4.109417112,2.7048200025714286,17.38230303,15.746965684285714
2871,5.030717137714285,6.750002965428572,19.838391459999997,4.109417112,2.7408657050000005,17.28222876,15.595431185714284
2872,5.139091427571429,6.718225807571429,19.790725695714286,4.092579973857143,2.776911407428571,17.148717169999998,15.553219875714285
2873,5.290862881,6.336900083857143,19.695394165714283,3.806111387285714,2.8203085428571435,17.04864290142857,15.342637128571427
2874,5.391885709714286,5.9555743034285715,19.21897398142857,3.5447799874285715,2.8203085428571435,16.96516878571428,14.955145515714287
2875,5.420580007571429,5.907908595000001,19.250751082857143,3.367634306428571,2.8131942640000003,16.54803454142857,14.921471182857145
2876,5.5576485952857135,5.923797145571429,19.901945211428572,3.3930085905714287,2.8347742547142856,16.014225874285714,15.292125404285715
2877,5.716534327714286,5.844354279285715,20.076719607142856,3.376171424142857,2.841888533571429,15.647128652857143,15.486108222857142
2878,5.882534282571429,5.971462853857143,20.26714542857143,3.4352199844285716,2.870819957142857,15.43014294857143,15.663016864285717
2879,6.048771419571429,6.193902845285714,20.64823408285714,3.620665714142857,2.9068656880000003,15.346905845714286,15.780876802857142
2880,6.236588575571429,6.511674310000001,20.72767694857143,3.772437139285714,3.022354256714286,15.12992014,15.654479662857142
2881,6.330497181714286,6.893000090428572,20.330462844285712,4.000094262857143,3.1017971230000003,14.862897187142854,15.14035400857143
2882,6.547245761285714,7.1631057337142865,19.37762292714286,4.354148527428571,3.224399970571429,14.912934208571427,14.16285121342857
2883,6.569062906,7.4649885912857155,17.646243011428574,4.590105699571429,3.311194269571429,14.862659947142856,12.527988456
2884,6.540131425857143,7.750982841857144,16.121414367714287,4.758477137285714,3.376171424,14.729148582857144,10.876288532857142
2885,6.453574280714286,7.76687139257143,14.231385732285714,4.8175257259999995,3.397751443,14.41232562,8.88760858
2886,6.345199990857144,7.719205684142858,12.182471478142858,4.750177145285714,3.4051028475714284,14.028628470000001,6.932602868857144
2887,6.207894277428572,7.703317077,10.053877288714286,4.6574542804285715,3.397988568714286,13.895354119999999,4.817525718428572
2888,6.186314258571429,7.290214195428571,7.941408619714286,4.269725725428572,3.412454280428572,13.812117017142857,2.466491481571428
2889,6.099757113571429,6.972442843714285,6.543451509999999,3.8988343227142863,3.4198057132857143,13.578531384285714,0.9326514404285716
2890,6.085291373571429,6.718225694571429,4.875625769571429,3.5616171680000006,3.412454280428572,13.611968478571429,-0.8115342782857142
2891,6.157619960857143,6.575228569285715,4.8279601177142855,3.4605943110000004,3.434034271142857,13.645405572857142,-0.8620456927142859
2892,6.2949256742857145,6.432231444000001,5.2884915260000005,3.216100021,3.4558514158571434,13.728879915714286,-0.4996914077142858
2893,6.5259028117142845,6.400454286285714,5.209048659857143,3.2075628750000003,3.491897146714286,13.862391505714285,-0.7017371215714286
2894,6.612697082571429,6.241568610428572,6.2892343907142845,3.1231400305714283,3.455851444142857,13.97906570142857,0.3853257335714285
2895,6.684788487571429,6.193902901999999,7.575734421142856,3.1568143067142853,3.4269200205714285,14.162377072857142,1.7083457327142857
2896,6.68478848757143,6.273345711714286,6.892762979571429,3.3168857239999996,3.405340029857143,14.529474295714286,1.068060007142857
2897,6.569062793142857,6.019128562571429,7.162868700571429,3.005280003571429,3.362180020142857,14.713022907142856,1.531437149
2898,6.366779953571429,5.733134255571428,5.54270864,2.743948575428572,3.3045542985714285,15.030082881428571,0.1576685534285717
2899,6.113985671428571,5.558359972571428,2.858488694714286,2.5838771439999997,3.253805730285714,15.413542791428572,-2.2694886215714285
2900,5.7457028207142855,5.1452571474285715,0.7301315744285711,2.3564571460000003,3.1814771429999995,15.763802621428571,-4.148845746571428
2901,5.377182816,5.256477114857143,-3.1137171370000005,2.525065709285714,3.087568565,16.09746275,-7.663065804142856
2902,5.008899993428571,5.463028499142857,-6.512685638428571,2.6683000025714283,3.0081256988571425,16.314448455714285,-10.629485932142856
2903,4.8137314327142855,5.606025680857143,-7.862739928571428,2.702211404428571,2.942911390571428,16.564634017142854,-11.77559740457143
2904,4.741639971142858,5.780799963857143,-8.529822770142859,3.0306542628571433,2.9284456787142856,16.94833116714286,-12.331697354714288
2905,4.69824280757143,5.907908538428572,-8.196399908714287,3.241474276714286,2.906628534142857,17.198516954285715,-12.104040202857144
2906,4.604334257857144,5.923797089,-8.33939709057143,3.452294276285714,2.863468524428572,17.315428391428572,-12.162851552857143
2907,4.539357131714286,6.257457047857144,-8.736611421428572,3.780974256857143,2.8418885337142856,17.38206556714286,-12.533505772857142
2908,4.575639988142858,6.336899914,-8.30785700142857,3.881997142,2.8634685244285714,17.432102590000003,-12.24679992
2909,4.582754267142856,6.384565622285714,-8.94339993,4.042305685,2.8490028125714284,17.498739765714287,-12.929296898571428
2910,4.525128545714286,6.209791339285715,-9.642259935714288,3.9410457024285708,2.7913771051428573,17.582214107142857,-13.502233901428571
2911,4.452800015,6.098571371857143,-10.992551366142859,3.957882840571429,2.719048546142857,17.682288377142857,-14.75790534842857
2912,4.525128602142857,5.955574246714286,-12.231385618142857,3.839785677428572,2.7624457097142856,17.66568845,-15.870342487142858
2913,4.619037151857143,5.7649114131428565,-11.818519918714285,3.603828533428571,2.7624457097142856,17.715725697142858,-15.516525432285716
2914,4.712945701571429,5.4153628754285705,-11.916459896833333,3.241474262571429,2.7769114214285713,17.699125768571427,-13.873362655285716
2915,4.828434270285714,5.002260022142857,-9.8038332615,2.9298685317142863,2.784025700428572,17.815800191428572,-12.07012846057143
2916,5.0236028589999995,4.589157197142858,-6.060533270166668,2.55043999,2.8058428451428576,17.982748874285715,-9.019522804142857
2917,5.1896028702857135,4.208068599,-1.9467766158333335,2.1880857155714284,2.841888561857143,18.03278612142857,-5.699522917571429
2918,5.413465728714286,3.954088575428571,2.1116467591666663,1.867942863428571,2.8852856972857146,17.882674604285715,-2.5310572449999995
2919,5.5649999999999995,3.7795514462857134,5.688116772,1.657360012428571,2.820308543,18.015948728571427,0.25821706014285756
2920,5.702068587714287,3.6050143172857148,8.764373492666666,1.4550771518571426,2.8490028127142857,18.16606002,2.7527227871428575
2921,5.853602915428572,3.239814312285714,9.37066875657143,1.0673485827142857,2.834537101,18.382808487142857,4.454934266
2922,5.947511465142858,3.0335000254285722,11.149714500571429,0.8313914317142859,2.8129571102857143,18.282734217142856,6.157145688285715
2923,6.041420015,2.8907400258571423,12.372897299428573,0.6461828560000001,2.8129571102857147,18.282734217142856,7.25250855657143
2924,6.128214285857143,2.795408609,12.928997362857144,0.5619971407142857,2.8274228220000004,18.315934072857143,7.732959990571429
2925,6.092168526857143,2.636522904857143,13.119660197142858,0.45243714128571433,2.7769113935714285,18.382571247142856,7.977454252285715
2926,6.005611381714284,2.477637186714286,13.135548747142858,0.376551427,2.740865676857143,18.28249697714286,8.061877096714287
2927,5.969565679142856,2.366417176857143,13.07199443142857,0.3428771437142858,2.6977056954285716,18.032311415714286,8.044802804571429
2928,5.955337064714286,2.445860028857143,13.008440115714285,0.4441371404285715,2.683239983571429,17.782125855714288,8.01942843557143
2929,5.919291362142857,2.350528598,12.833665832857141,0.385088573,2.676125704571429,17.665451432857143,7.918405606857142
2930,5.818031351285714,2.2551971671428572,12.62711444857143,0.3345771444285714,2.6616599927142857,17.381828552857144,7.7837084455714285
2931,5.709657061428572,2.159865736285714,12.309342984285715,0.2672285707142857,2.640080002,17.04816865,7.589962752142857
2932,5.651794214142858,2.1280885927142856,12.039237284285715,0.30943999642857145,2.6690114397142852,16.764545769999998,7.463565667571428
2933,5.593931367000001,2.2075314447142858,11.928017317142858,0.32627714157142856,2.697942877428571,16.364248692857142,7.4381914117142856
2934,5.500022817285715,2.3187514545714287,11.80090868714286,0.41046285499999996,2.7195228681428567,15.99715147142857,7.3962171717142855
2935,5.377182843999999,2.2393086025714286,11.642022955714285,0.4019257088571428,2.7268743009999996,15.646891414285713,7.337405765428572
2936,5.232762851714286,2.3664171630000004,11.46724867142857,0.4355999921428572,2.7124085892857144,15.213157242857141,7.278357176857143
2937,5.117274283,2.6203971722857142,11.30836293857143,0.5702971377142857,2.705057156428572,14.796022885714285,7.345705785714286
2938,4.979968569571428,2.8584886027142855,11.133588655714286,0.654482853,2.705057156428572,14.295651425714286,7.337168639714286
2939,4.886297145571429,3.112468612,11.181254307142856,0.7891799967142857,2.6977057235714286,13.928791441428572,7.362305769857143
2940,4.7418771532857145,3.445891473428571,11.641785715714283,1.0588114168571428,2.6614228671428575,13.728642902857143,7.758334359000001
2941,4.662434287142857,3.7157600192857143,12.007222944285715,1.277931413857143,2.7192857142857143,13.561931457142858,8.221711445
2942,4.619037123571429,4.128625704428572,12.261440092857143,1.5224257038571432,2.7263999932857144,13.311745671428572,8.482805747428571
2943,4.705594268714286,4.319051440571429,12.753985728571427,1.8257314214285716,2.740865705,13.078159925714287,8.98009429057143
2944,4.756105711285714,4.414382829142857,13.357514205714285,2.0448514220000003,2.769797128571429,12.861411345714286,9.325611381142858
2945,4.777922856000001,4.7798199458571435,14.326480024285713,2.348157129,2.762445695714286,12.794774170000002,10.193554258571428
2946,4.741640027857143,5.097591382428571,15.057117245714284,2.542139976428572,2.7697971285714287,12.46111426857143,10.918262828714285
2947,4.8500143175714285,5.2088114064285715,15.13656011142857,2.6853742697142864,2.8276599757142855,12.04397991142857,11.10370844585714
2948,4.871594279999999,5.494805713285714,15.740088588571426,2.997217126428571,2.769797128571429,11.64344570857143,11.533411367285712
2949,4.864480001000001,5.526582871142858,15.946640085714284,3.1067771294285715,2.762682849571429,11.509934344285716,11.676645674285712
2950,4.770571451285714,5.828465728857142,16.454837258571427,3.2670857005714287,2.7697971285714287,11.493334302857146,12.156859982857144
2951,4.785037191285714,5.987351461285714,16.486614585714285,3.3429714272857147,2.755331416857143,11.44329716857143,12.384280008571428
2952,4.792151470285715,6.162125744285715,16.629611654285714,3.646277123714286,2.740865705,11.309785805714286,12.510677150000003
2953,4.857128596285714,6.178014294857143,16.327965865714287,3.6545771441428565,2.747979984,11.309785805714286,12.443328597142855
2954,4.777685730142857,6.400454286285715,16.598071565714285,3.856859983714286,2.733514272285714,11.309785805714286,12.687585790000002
2955,4.683777180428571,6.448119994714285,16.248523000000002,3.8061114154285707,2.740865705142857,11.293185764285713,12.653911457142856
2956,4.683777180428572,6.670559986142857,16.566057225714285,3.9408085485714284,2.7624456958571426,11.093037112857145,13.024802804285713
2957,4.611448593142858,6.654671379000001,16.50250302285714,3.974482824857143,2.747979984,10.792577179000002,12.906942865714285
2958,4.4454485535714285,6.8612228197142855,16.931494455714283,4.134554242142857,2.719048560285714,10.425480069285713,13.269297122857141
2959,4.351540003714285,6.5275628608571425,16.53428012428571,3.7890371235714286,2.7263999932857144,10.175294282571429,12.873268532857143
2960,4.301028561142856,6.416342836857142,16.756483045714287,3.940808548714286,2.704820002571428,10.075219899714284,12.873268532857143
2961,4.2936771565714285,6.257457104428572,16.565820211428573,3.713388579,2.7121714354285715,9.958545589142858,12.59533712
2962,4.358891464857143,5.907908538428572,16.661151741428572,3.6377400061428573,2.6324914294285717,10.175531294857143,12.536525769999999
2963,4.344425781285714,5.637802838571429,16.327728852857145,3.5113428651428573,2.5890942939999997,10.642465660571428,12.250057267142855
2964,4.424105773142857,5.574248579428571,16.00995738857143,3.3681085860000004,2.6109114387142855,11.193111381571429,11.997262872857144
2965,4.539594370142857,5.463028555571428,15.692185922857144,3.275385721142857,2.625377150571428,11.843594245571428,11.677120038571429
2966,4.684014362571429,5.574248523,15.819294554285715,3.435694292285714,2.625377150571428,12.327365665142858,11.820354345714284
2967,4.785274373428571,5.685468547,15.86696032,3.3851828497142864,2.639842862285714,12.677625720857142,11.879402934285716
2968,4.864717183000001,5.5106942640000005,15.708074588571431,3.267085686571428,2.625377150428571,13.111360005714287,11.870865731428571
2969,4.958625732714286,5.590137130285714,15.580965957142856,3.064802833000001,2.6761257328571424,13.177997181428571,11.634908502857144
2970,5.081228580428571,5.733134255428572,16.057385914285714,3.157525697714285,2.6834771658571426,12.844574291428572,11.99726276
2971,5.174900004428571,5.621914231571428,16.34338027714286,3.2163371324285714,2.6256143044285714,12.377402798571428,12.250057154285713
2972,5.283274294142857,5.4153628472857145,16.788260147142857,3.1236142675714285,2.5966828808571427,11.89363138,12.612411524285713
2973,5.391648583857142,5.4153628472857145,17.344360211428572,2.997217126571428,2.582217154857143,11.426460001142857,12.873742895714287
2974,5.5287171715714285,5.034274277428572,17.407914412857146,2.7275857062857143,2.5748657220000006,11.009325757285717,12.848368527142856
2975,5.774397174714285,5.256714268857143,17.932237148571428,2.803471418857143,2.567514289142857,10.708865823,12.949628538571428
2976,5.940397185999999,5.526819968571429,17.900460047142857,3.0645657071428576,2.589094279857143,10.475280077285715,12.915717192857143
2977,6.027191456714286,5.669817150428571,16.64573721685714,3.131914287857143,2.6396056941428574,10.374968683000002,11.685420058857144
2978,6.207894333857142,5.955811457285714,15.54966276642857,3.2246371525714284,2.7695599888571425,10.425005818714286,10.185254294428573
2979,6.243940036428571,6.368914282285715,13.611731410714286,3.5786914455714287,2.8563542595714284,10.458442911571428,8.154362785285715
2980,6.236825757571429,6.591354273714287,10.974939871285713,3.8988342801428573,2.9068656880000003,10.59195438757143,5.685231371285714
2981,6.157382891428571,6.90888858457143,7.909394146714285,4.084042856,2.935797111571429,10.775502885714287,2.5841143081428575
2982,5.984031475571429,7.004220001428572,3.986102795428571,4.395885698571428,2.9647285351428576,10.758902845714287,-1.039428486142857
2983,5.854077166857144,7.147217183285714,0.110477096857143,4.631842842571428,3.000774265857143,10.875814281428573,-4.848179883285715
2984,5.796214319714286,7.528542850428572,-3.0662884828571424,4.926848518714285,3.0512857084285714,10.976125675714286,-8.101068400714286
2985,5.673374289857143,7.7033171334285715,-6.544699963857143,5.188179918571429,3.0368199965714284,11.076199944285715,-11.252697076285715
2986,5.752817156,8.020851472999999,-9.562579981,5.230154215142856,3.1307285745714286,11.276348484285716,-14.378951447142857
2987,5.817794282142858,8.354274306142857,-12.151705740142857,5.482948497142857,3.195705729,11.459896982857144,-17.041828554571428
2988,5.9335199765714295,9.16435428042857,-13.978417185571429,6.0980970641428565,3.268034316285714,11.743519862857143,-18.99683437142857
2989,6.135802816142857,9.41857142957143,-14.89971724,6.3423542567142865,3.3474771825714287,12.227291281428572,-20.227368687142853
2990,6.345199991142857,9.73610565557143,-15.725685878571428,6.805968580857143,3.3837600390000007,12.644188399999999,-21.423991658571428
2991,6.4825057045714285,9.688440003714286,-15.408151652857141,6.772294304571429,3.3692943271428573,13.12795982,-21.289057314285714
2992,6.540368608285713,10.021862892857143,-15.995791578571428,6.923828632428572,3.3477143081428573,13.61173135285714,-21.963254328571427
2993,6.417528578571428,10.164859961428572,-16.885314305714285,7.1261114718571426,3.2682714419999996,14.078902844285713,-22.78068565
2994,6.417528578571429,9.799660027,-16.34533991857143,6.847942933857142,3.3187828562857145,14.71278578142857,-22.275097085714286
2995,6.294688605142857,9.751994261285715,-17.187197105714286,6.831105767571428,3.3187828562857145,15.129920025714286,-22.932219695714284
2996,6.063474342,10.291968534999999,-18.66435975857143,7.227371426142857,3.304317144428571,15.513617290000001,-24.069793965714286
2997,5.883008590571429,10.355522850714285,-19.56977114857143,6.957739977714286,3.3114314234285707,15.74720314857143,-24.727153812857143
2998,5.716771453571427,10.752499942857144,-21.60279685142857,7.336931400857142,3.3474771260000002,16.16410038,-26.597973798571427
2999,5.615511442714285,11.070271295714283,-22.111231150000002,7.606799918428572,3.3619428378571428,16.731345915714286,-27.12039952857143
3000,5.565000056571428,11.181491375714286,-22.047676947142858,7.859594200571429,3.3764085778571435,17.365228852857143,-26.91811651857143
3001,5.413228659571429,11.769131358571428,-23.33417699285714,8.382019874714286,3.282500028142857,17.8656002,-28.081064931428568
3002,5.442160083285714,11.673799941428571,-23.07995973142857,8.474742739571427,3.2896143071428576,18.34937162,-27.668199401428573
3003,5.463740102285714,11.403694241428571,-22.253991207142857,8.221948457571427,3.260682883571429,18.76650586285714,-26.84223087714286
3004,5.362480091428572,11.165602768285712,-21.26913695,8.08701417042857,3.217285748142857,19.16680294,-25.898402414285716
3005,5.319320053428571,10.720959911285716,-19.887305601428572,7.640474194857142,3.1451943148571426,19.300314304285713,-24.440685422857143
3006,5.2398771871428576,9.863214228571428,-18.505237014285715,7.016788509999999,3.1017971794285706,19.300314304285713,-22.915382528571428
3007,5.218297168142857,9.053134198428571,-16.853299852142857,6.191057111285715,3.0655143229999995,19.166802714285716,-21.280756898571433
3008,5.160434264428572,8.163611358,-15.121919824285714,5.382162850571428,2.9716057449999993,18.916616927142858,-19.393099972857147
3009,5.066525658142857,7.305865676428572,-12.930008501142856,4.615480012142858,2.885048599857143,18.799705491428572,-17.218974206142857
3010,5.080991341714286,6.4957857031428565,-10.452102870999997,3.890771470285715,2.856117148,18.76626839857143,-14.699331348714285
3011,5.138854245428571,5.860242886714285,-9.3957500145,3.3766457318571432,2.8200714172857144,18.883179834285716,-12.120639903571428
3012,5.312205717857144,5.2405886208571415,-6.004646623166667,2.972080010428571,2.7766742818571433,19.033291351428574,-8.968774159428571
3013,5.521840018571429,4.827485767571429,-2.0947932981666666,2.6265628634285716,2.8200714172857144,19.15020278714286,-5.682211366285715
3014,5.738351416,4.557380039428572,1.6670432710000005,2.4411171337142856,2.820071417285714,19.31715147,-2.5810943025714286
3015,6.005611438142857,4.382605728142858,5.577173241833333,2.247371426142857,2.9213313998571424,19.534137175714285,0.47781145157142885
3016,6.229474296571428,4.255734307428572,8.894406643166667,2.0197142795714282,2.928445678714286,19.567574269999998,2.997454308714286
3017,6.388360028857142,3.8428685797142856,11.618466631333334,1.6319857104285715,2.906865688,19.267351235714283,5.103994397428572
3018,6.518314281142856,3.5412228619999992,11.94414282257143,1.3203800007142859,2.8997514090000003,18.850216992857145,6.865017282714286
3019,6.518314281142858,3.430239992,13.24676848714286,1.1266342895714285,2.9071028418571427,18.366445572857145,7.817145879142857
3020,6.438871415,3.3351457008571423,13.675759920000003,1.008774291,2.834774282857143,17.832399892857143,8.221474432571428
3021,6.359428605285714,3.160608543571428,13.771091335714285,0.8627733416666666,2.7916142731428573,17.315191379999998,8.406920162285713
3022,6.236825757714286,3.033737122857143,13.70753702142857,0.7842000098333334,2.755568570714286,16.91465729,8.449131584428573
3023,6.121337189,2.954294256714286,13.643982707142857,0.7349533423333333,2.741102859,16.464323189999998,8.465968637714287
3024,6.0132000248571424,3.0655142524285712,13.500985525714286,0.8724566678333333,2.7411028589999993,16.21413762857143,8.390320008285716
3025,5.941108619857142,3.129068525571429,13.278545477142856,0.941069998,2.7337514261428573,16.06402611142857,8.272459956714286
3026,5.818268590000001,3.0814028171428576,13.024328328571427,0.9114666644999999,2.7624456958571426,15.963951615714285,8.14606281557143
3027,5.753054281571429,3.0178485581428567,12.785999842857143,0.862219997,2.784262840571429,15.930751759999998,7.977691434428572
3028,5.796451388714287,3.033737137,12.57944845857143,0.8396914252857143,2.8129571102857143,15.89731444,7.792245704714287
3029,5.810917072142856,3.049625715857143,12.436451275714287,0.805779997,2.8416514081428574,15.630528725714287,7.649011453857143
3030,5.796451388714284,3.1449571608571425,12.547671242857144,0.8985028564285714,2.9066285624285717,15.647128654285714,7.657311530714286
3031,5.7385885415714295,3.0972914524285713,13.039979864285714,0.8565285687142857,2.9860714285714285,15.647128654285714,8.179737261142858
3032,5.680725694285714,3.1290686101428578,13.643508454285712,0.8904399969999999,3.0078885732857144,15.613691560000001,8.727537248
3033,5.680725694285714,3.240051480142857,13.97716847,0.9409514272857142,3.0223543132857142,15.663728808571431,9.064517248571429
3034,5.659145731857143,3.5099200259999996,14.437699878571427,1.0588114258571426,3.094445746571428,15.61369156142857,9.595242998857142
3035,5.507611460571428,3.8115657580000004,15.057117132857142,1.3284428531428571,3.137842910142857,15.530454458571427,10.328488715142857
3036,5.413702910857142,4.192654327857142,16.073748717142855,1.7161714240000001,3.137842910142857,15.597091407142855,11.415551542571427
3037,5.326908639999999,4.589631476714286,16.772608722857143,1.9858028512857142,3.0728657558571433,15.580491478571428,12.460640015714286
3038,5.225648629142857,4.938942917142858,16.915605791428572,2.4069685638571428,2.978957177857143,15.597091407142857,12.797620017142858
3039,5.167785725428572,5.399474353285714,17.328708785714287,2.828134287142857,2.9210943164285714,15.513854304285715,13.34518287714286
3040,5.044945752142858,5.749022919285714,17.868683172857143,3.1568142852857144,2.841651450285714,15.297105837142857,13.926657084285713
3041,5.023365733142858,6.178014351428572,18.662874595714282,3.603591450142857,2.7622085841428574,15.163594472857142,14.744088407142856
3042,4.886060019857143,6.511674310285715,19.091866027142856,3.9071343287142852,2.704582862714286,14.99664590142857,15.165491138571427
3043,4.828197172714285,6.908888641285715,19.298180285714285,4.193602915285715,2.668537132,15.196794667142857,15.44342255
3044,4.756105711142857,7.226660105999999,19.361734714285713,4.488608619714286,2.6685371320000004,15.380343052857143,15.527608382857144
3045,4.7418771532857145,7.4808772551428575,19.790726147142855,4.716265743428572,2.7190485745714286,15.53045457,15.83091405
3046,4.720297190857143,7.766871505571428,20.060594608571424,4.884874306714286,2.8056057338571425,15.830677377142859,16.109082701428573
3047,4.7418771532857145,7.97342294642857,20.42579459857143,5.095457138285714,2.877934292857143,16.23097445428571,16.463136994285716
3048,4.705594268571429,8.052865812571428,20.29892320571429,5.078619972,2.9139800235714284,16.63127153285714,16.311602722857142
3049,4.813968558285715,8.084642970285714,20.4575717,5.103757102142857,2.971605745,17.031805737142857,16.471674197142853
3050,4.7923885392857155,7.9098686307142865,20.36247740857143,5.078619972,3.015002880285714,17.01520558285714,16.379188628571427
3051,4.785037134714286,7.655651425,20.251257215714286,4.901711416571429,3.0584000155714284,16.96493132142857,16.160068678571427
3052,4.813731432571428,7.576208558857142,19.838154447142852,4.741639999285715,3.058400015571429,16.91489407285714,15.81455158857143
3053,4.813731432571428,7.353768567428571,19.441177354285713,4.547894277571428,3.058400015571429,16.831419731428575,15.485871438571431
3054,4.821082893714285,7.210771385571428,19.012422934285716,4.387822888571429,3.0439343037142854,16.714508295714285,15.190865847142858
3055,4.770571507714286,7.004219944857143,18.837648538571425,4.387822888571429,3.0223542847142855,16.63103395285714,15.114980205714287
3056,4.676662901428571,6.686448536571429,18.170565745714285,4.151865744714286,2.9789571211428574,16.580759691428568,14.558643130000002
3057,4.6693114968571425,6.448119994571429,17.678019885714285,3.9073714264285715,2.9716057165714287,16.597359845714283,14.111865914285715
3058,4.6693114968571425,6.384565735571429,17.58268858142857,3.8905342882857137,2.9497885719999997,16.614197012857144,14.035980047142857
3059,4.647731478,6.3051228692857135,17.72568565,3.8483228659999997,2.9353228319999998,16.66423426142857,14.103565725714285
3060,4.6766629015714285,6.130348586285715,17.61446568285714,3.966182889285714,2.9208570919999994,16.71427151,13.952031567142857
3061,4.691128585142857,6.2256800597142865,17.61446568285714,4.067442872,2.9279713709999995,16.797745852857144,14.011080042857143
3062,4.821082837285715,6.146237193571429,17.55091148,3.932508584857143,2.94955139,16.76454599857143,13.901520067142856
3063,4.965502886142858,6.273345768285715,17.821017180000002,4.058905725857143,2.942437111,16.69790905,14.036454297142855
3064,5.080991454857142,6.305122869571429,18.09112288,3.9661828609999996,2.9353228038571433,16.647871801428575,14.196525658571428
3065,5.247228591857143,6.209791452714286,18.138788645714286,3.8480857121428573,2.9426742367142857,16.54779753142857,14.10380285
3066,5.442160026714285,6.368677185142857,18.503988635714286,3.8312485739999995,2.9571399767142856,16.481160355714287,14.255337121428571
3067,5.586580019,6.575228625857143,18.948631492857146,3.662639982428572,2.9355599860000003,16.36448593142857,14.575479955714286
3068,5.7599314914285715,6.273345768285714,19.202848755714285,3.426682838428571,2.9284457070000007,16.24781150714286,14.541805622857142
3069,5.976680071,6.098571485285715,19.457065791428573,3.258074275142857,2.9429114188571432,16.214374412857143,14.38173415
3070,6.099520044428572,5.907908595142857,19.69539439,3.131677134142857,2.921331428142857,16.264411434285716,14.423945685714285
3071,6.294688604999999,5.844354335999999,19.61595152285714,3.1653514387142856,2.9357971398571427,16.24781150714286,14.146014272857142
3072,6.395711433571429,5.780800020428572,19.218737191428573,3.0557914357142857,2.950262851571428,16.314448682857144,13.648962797142856
3073,6.403062894714287,5.764911413285715,17.932237259999997,3.0894657119999995,2.9502628515714284,16.397922798571432,12.460877084714284
3074,6.446460058428571,5.780799964000001,16.073985726714287,3.249774283285714,3.015240005857143,16.63150865857143,10.539545628714285
3075,6.367017192142858,6.114459922857143,13.993057076285714,3.5613799999999998,3.0657514484285713,16.898294372857144,8.525491406
3076,6.150268612571428,6.241568497428572,11.213268575285715,3.7553628474285716,3.0512857365714288,17.18191702714286,5.946799959714286
3077,6.034542918142857,6.575228512714285,8.020614162714285,3.923971438857143,3.1017971508571427,17.448939980000002,2.929868502285714
3078,5.853840041142857,6.877111370428572,4.637297142857142,4.134791452571429,3.1017971508571427,17.649088518571432,-0.4072057891428574
3079,5.709420048857142,7.163105677428571,0.8252256457142852,4.421497136571428,3.123377169857143,17.882674151428574,-4.165682813428572
3080,5.601045759000001,7.274325701428571,-2.8120714542857144,4.665991426571428,3.1378428817142856,18.015948501428575,-7.747014128142857
3081,5.521602892857142,7.417322883142857,-6.004725811,4.750177145285714,3.1089114581428574,18.065985522857144,-10.848131219285714
3082,5.543182855428571,7.576208671999999,-9.102048693428571,4.85973712,3.1017971510000004,18.149459865714288,-14.041971160857143
3083,5.615511442714285,8.052628630285714,-11.627620131,5.238928571428572,3.1162628628571434,18.216097041428572,-16.578451071714284
3084,5.752817156,8.401940014142857,-13.756214319857142,5.685468547,3.0873314392857147,18.33277123857143,-18.912648198571425
3085,5.752817156,8.83069432,-15.582925708571427,6.165682798857142,3.0294685921428575,18.616394118571428,-20.70758242857143
3086,5.810680003142857,9.307114334285714,-16.72642857142857,6.7386199719999995,2.9573771588571427,18.783105564285712,-21.878831029999997
3087,5.839611426714286,9.751757191571429,-17.870168561428574,7.084137118857143,2.906865716285714,19.016691424285714,-22.965893800000003
3088,5.796214263,10.148734284142858,-19.10923985428571,7.437954229571429,2.878171418428572,19.13336562142857,-24.255239354285717
3089,5.680725694285714,10.561599926857143,-20.300408370000003,7.783471433,2.8203085712857145,19.31691423142857,-25.325465185714286
3090,5.514725683000001,10.799928525857142,-21.443911120000003,7.943542850285715,2.7697971287142855,19.283714375714286,-26.353479705714285
3091,5.319794248142856,11.006480022857142,-22.44441680285714,8.069940048000001,2.8058428595714284,19.25027728142857,-27.204585361428574
3092,5.197191400428572,11.022368574285716,-23.413145382857145,8.00259149557143,2.8418885621428567,19.183402868571427,-28.030554112857143
3093,5.0238399845714286,11.085922777142859,-24.25500257142857,8.019428662,2.8705828318571425,19.23367712857143,-28.687913961428567
3094,4.864954252285714,11.133588428571429,-24.65197989,8.053102994857143,2.906628562571428,19.56733703,-29.016594338571426
3095,4.821557145142857,11.085922775714286,-24.65197989,8.027965864714284,2.9353228604285713,20.284694308571428,-28.881660447142856
3096,4.879182866571428,10.91114849285714,-24.016674200000004,7.8595944271428575,2.971368591142857,20.918577019999997,-28.317023180000003
3097,4.915228569142856,10.768151424285714,-23.365480071428575,7.6826858434285725,2.9929485818571426,21.769208424285715,-27.73554852142857
3098,4.857365722,10.498045724714286,-22.39675171714286,7.3879172081428575,2.9640171299999998,22.55343989142857,-26.640185787142855
3099,4.8644800009999996,10.116957182999998,-21.25324896714286,7.06777437357143,2.9784828699999997,23.32083419142857,-25.45186278
3100,4.871594280000001,9.847088609142856,-19.998526022857142,6.604397231571428,2.9929486099999996,23.804605610000003,-24.120305917142854
3101,4.929220001428571,9.592871460142858,-18.489585815714285,6.343065746857143,3.0003000145714283,23.92151704571429,-22.662588474285712
3102,4.885822837714286,9.195894255428572,-17.059851462857143,6.090271464714286,3.0003000145714287,23.85487987,-21.263682492857146
3103,4.849777135285714,8.703585689857142,-15.566800032857142,5.601520010285715,3.0292314381428573,23.671331484285712,-19.73837959857143
3104,4.914754317857144,8.084168492714285,-13.78775424,5.171580018857142,3.0726286017142854,23.571257214285712,-17.91830835142857
3105,5.030242886571428,7.417085587714285,-12.024596997,4.581568596142858,3.116025765285714,23.487782872857142,-16.266608314285715
3106,5.116800031571429,7.035759807285714,-9.991334111000002,4.2443514129999995,3.1449571888571426,23.454583017142856,-14.320139699
3107,5.261220023857143,6.384328440142858,-7.561094118999999,3.806111387142857,3.1667743052857142,23.704768804285717,-12.120876745571428
3108,5.441922901,5.685468490428572,-4.495548507142857,3.1909628199999993,3.210171469,23.97155451857143,-9.213505417714286
3109,5.615274317000001,5.129368511999999,-0.9535829357142861,2.584114266142857,3.2391028925714282,24.154865891428575,-5.834456942857143
3110,5.803091472857143,4.684488529142857,2.3185141742857143,2.2385971262857143,3.2175228735714283,24.30497718285714,-2.6659913268571427
3111,5.911465762714285,4.319288538142857,5.368171348571429,2.051886646333333,3.138080007428571,24.204902912857143,0.2750543754285717
3112,6.070351438571429,4.081197121714285,8.132071398428574,1.8355333156666667,3.094682843857143,24.03819146714286,2.921094373
3113,6.258168594571428,3.7318857097142852,10.562311376714286,1.4324299981666666,3.0731028248571426,23.671094244285715,5.179642871142856
3114,6.359428605428572,3.4779057145714285,12.516131268999999,1.1767899953333332,3.0152399777142853,23.203922752857142,7.075837169000001
3115,6.359428605428572,3.3033685854285717,13.46920831142857,1.0116200035999998,2.9139799668571436,22.653514158571426,8.019665787428572
3116,6.352314326428571,3.1764971647142857,13.802868325714286,0.89666500075,2.827422821857143,22.053068541428566,8.382020044142857
3117,6.272871460285714,3.0337371651428575,13.898199741428572,0.763726666,2.733514258,21.536097267142857,8.508417185142857
3118,6.215008556571428,2.9701828778571433,13.945865394285715,0.9995849990000001,2.711934253142857,21.119200035714282,8.626277123714287
3119,6.121337132428571,2.922517169428571,13.977642495714283,1.0294649974999999,2.6324914151428573,20.70206579142857,8.72753713457143
3120,6.049245727428571,2.922517169428571,13.850533977142858,1.1770666623333332,2.6324914151428565,20.43528007714286,8.744374300999999
3121,6.056360006285715,2.93840572,13.739314122857142,1.2357199993333334,2.6109114244285716,20.218531610000003,8.68532571242857
3122,6.005848563714285,2.9225171411428574,13.64398281857143,1.16185000025,2.625377136285714,20.11845734,8.558928571428572
3123,5.998497159142857,2.8907400117142856,13.485097087142858,1.093956,2.6758885505714285,20.051820164285715,8.415694377142858
3124,6.027428582714286,2.922517141285714,13.564539954285715,1.166829998,2.7119342672857143,20.051820164285715,8.407157287714286
3125,6.049245727285714,3.0337371369999997,13.564539954285715,1.1178599978333335,2.719048560285714,20.051820164285715,8.43253165657143
3126,6.056360006285714,3.1608457115714286,13.437431435714286,1.1864733341666667,2.7842628404285716,20.16849436142857,8.339808735285715
3127,5.940634255285714,3.271828581571428,13.357988570000002,1.2608571432857143,2.7119342814285714,20.18509429,8.272460182857143
3128,5.781748579428571,3.5575857345714286,13.294434254285715,1.5307257138571428,2.7119342814285714,20.168257124285713,8.289297349285714
3129,5.69495430857143,3.6685686045714276,13.119659971428572,1.615148568857143,2.7048200024285713,20.03474576142857,8.12922587542857
3130,5.601045702285715,3.827217154714286,12.976662902857141,1.7754571417142857,2.6758885788571427,19.95127142,8.12092579857143
3131,5.564999999857142,4.065308599285714,12.897220035714284,1.876479998714286,2.6687743,19.800922664285714,8.289534361857141
3132,5.507137152714285,4.446397197428571,13.135311508571428,2.238834273142857,2.676125733,19.71744832285714,8.61821428642857
3133,5.391648584,4.748042929428571,13.452845734285715,2.373768553142857,2.6543085882857147,19.567337032857143,9.064754375
3134,5.399000045142857,4.954594370285714,13.65939711857143,2.4750285498571425,2.661660021285715,19.500699857142855,9.342685787285715
3135,5.362954286142857,4.779820087285715,13.659397118571428,2.4411171197142854,2.6832400119999997,19.417225515714286,9.43540859557143
3136,5.370305690714285,5.097591523857142,14.262925595714284,2.761259968428571,2.7119342817142855,19.417225515714282,10.252602904142858
3137,5.392122835428572,5.463028668714286,15.12067122,3.039191409,2.690354291,19.350351327142853,10.960237238000001
3138,5.261931400857144,5.8125772347142854,15.70831126,3.2836856848571427,2.769797128857143,19.250277057142856,11.474362891428571
3139,5.16067139,5.892020044285714,15.85130832857143,3.1824257022857148,2.7697971288571432,19.200240035714284,11.60076003142857
3140,5.073877119142858,6.035017169428571,16.05785982714286,3.4435199907142855,2.7697971288571432,19.03352859,11.83671714714286
3141,5.030479955571429,5.987351461000001,16.05785982714286,3.5108685572857143,2.740865691,18.88318006,11.90430282457143
3142,4.9436856847142865,6.321011476428572,16.502502684285712,3.6458028442857144,2.7263999791428577,18.733068768571428,12.300331414285713
3143,4.849777134999999,6.3527885777142865,16.343616951428572,3.5530800077142857,2.6758885647142856,18.549520157142858,12.207845732857143
3144,4.690891402571428,6.225680003142856,15.994068385714288,3.4520571508571436,2.6758885647142856,18.382808712857145,12.08998568142857
3145,4.596982824714286,5.955574303428571,15.469982661428574,3.2161000210000004,2.6109114385714283,18.26613451571429,11.609534247571428
3146,4.582754266857143,5.764911469857141,15.438205560000002,3.241474305,2.639842862142857,18.082585904285715,11.702257169000003
3147,4.611685690571428,5.653691445999999,15.46998266,3.1909628905714285,2.618262857285714,18.015711490000005,11.693957204714284
3148,4.539594285428572,5.812577121857143,15.596854165714287,3.325897177714286,2.647194295142857,17.915637220000004,11.769605834714286
3149,4.590105727999999,5.701357097857143,15.469745534285716,3.418620042571429,2.6616600070000005,17.79896279714286,11.685420116142856
3150,4.575639988,5.574248523142858,15.168099858571429,3.393482884142857,2.6979428635714284,17.748925550000003,11.407251464714287
3151,4.5901057281428574,5.558359972428572,15.088656992857143,3.2670857290000006,2.705057142428572,17.66545120857143,11.145920093285714
3152,4.705831450714285,5.764911356571429,15.215528385714284,3.595765723714286,2.6977057095714287,17.598814032857142,11.373577245714285
3153,4.720060008571429,5.939685639571429,15.374414117142857,3.6126028618571433,2.6977057095714287,17.548776785714285,11.289391527142858
3154,4.698480046,5.8920199311428565,14.91388271,3.4610685624285713,2.726637147285714,17.46553968285714,10.83431434957143
3155,4.727174287428572,5.892019931142857,14.897994045714286,3.3261342752857144,2.7916142732857137,17.34886548571428,10.80917721957143
3156,4.799502874714286,5.9237970888571425,14.739345552857143,3.0984771234285717,2.7626828495714286,17.348865485714285,10.707917208142858
3157,4.842662856142858,5.764911412999999,14.56457127,3.0057542727142854,2.740865704857143,17.315428391428572,10.505634424999998
3158,4.893174298714285,5.733134255285715,14.691679901428571,2.9972171267142853,2.7263999930000002,17.332265557142854,10.648868732142859
3159,4.849777135142858,5.526582871142857,14.62836271142857,2.600951418571429,2.6974685694285716,17.348865485714285,10.547608720714285
3160,4.8571285962857145,5.256477171285715,14.279051158571429,2.390368558714286,2.639605708,17.432339827142858,10.345325825000002
3161,4.929220001428573,5.097591438857143,14.453588202857144,2.297645708,2.6033228515714284,17.498977002857142,10.353625788714286
3162,4.994434309714286,4.827485739000001,14.485365304285713,2.1121999995714287,2.5165285808571434,17.615651200000002,10.286277123000001
3163,5.059411435857142,4.5576171648571435,14.65990246142857,2.0111771425714284,2.5165285808571434,17.682288374285715,10.244302825857144
3164,5.211182889285714,4.5417285860000005,15.247542614285715,2.078525709142857,2.4875971572857147,17.76576271571429,10.665705671857141
3165,5.399000045285713,4.525840035428572,15.676534045714286,2.171248559714286,2.4731314455714286,17.79896279714286,10.901662787571427
3166,5.557885777571428,4.605282901571429,15.978179834285713,2.331557123857143,2.458665733714286,17.765525702857143,11.154457070428569
3167,5.7023057698571415,4.811834342428573,16.05738568857143,2.5506771297142854,2.509177162285714,17.665451432857143,11.112245647571427
3168,5.854077223285714,4.954831524142857,15.787517227142855,2.6516999724285713,2.624902884857143,17.63201433857143,10.834314235285715
3169,5.984031532142857,5.066051548142857,14.834677310142856,2.7107485398571427,2.682765732,17.69888875285714,9.865111431714285
3170,5.9913829367142855,5.224700098428571,13.929502932,2.8203085428571426,2.726162867428571,17.71572592,9.106491460428572
3171,6.0637115239999995,5.478917219428571,11.912365693857142,2.870819985428571,2.8563543018571425,17.665688672857144,7.1178114227142855
3172,6.034780043857142,5.5901371868571434,8.735600001714285,3.0140542928571428,2.950262879857143,17.649088520000003,4.058905669285715
3173,5.9698029177142855,5.6536914458571434,6.003714348428572,2.929631434142857,3.058637169714286,17.699125767142856,1.210582887428572
3174,5.8974743304285715,5.780800020428572,2.445860000571428,3.0389543114285718,3.116500016857143,17.64908852,-2.4046600554285713
3175,5.760168616999999,6.178014294857143,-0.9851229537142862,3.3761714662857147,3.0586371414285716,17.66592568714286,-5.842994245
3176,5.630214308142857,6.734114301571429,-4.193665748142857,3.8985971685714285,3.0586371414285716,17.582451345714286,-8.809176992857143
3177,5.5434200374285725,7.432974307857143,-7.7199800071428575,4.530582902,3.0586371414285716,17.498977004285717,-12.407345530142859
3178,5.427694286571429,8.068279998,-10.56332283757143,5.095220054714285,3.0078885731428575,17.46553991,-15.331554066714286
3179,5.420580007571428,8.973691388142857,-12.99356287257143,5.651557159,3.007888573142857,17.51557715714286,-17.47200550042857
3180,5.507137152714286,9.767882867714286,-15.50324571642857,6.452151413428571,2.978957121285714,17.582451345714286,-20.016785487142858
3181,5.687840029857143,10.323745691857143,-16.567542839999998,6.966277067142856,2.978957121285714,17.932711401428573,-21.23024539857143
3182,5.861191445714286,10.816054313857146,-17.981151289999996,7.429654209142858,3.0005371402857146,18.199497115714287,-22.69649981857143
3183,5.969328609857143,11.356028587428572,-19.331442775714287,7.910105699714286,2.9934228614285714,18.316171312857144,-24.33989989142857
3184,6.0416571971428565,11.64202283857143,-19.934971364285712,8.120688503142858,3.007888573285715,18.59979419285714,-25.09828273857143
3185,6.005611494571428,11.64202283857143,-19.966748465714282,8.019665618000001,2.9791942754285716,19.00032850857143,-25.00555993
3186,5.882771521285714,11.324251487142858,-20.443405662857142,7.876194241428572,2.9286828328571426,19.250514295714286,-25.61217149285714
3187,5.695191491000001,11.419582904285715,-20.872397095714287,7.926705740571429,2.914454275,19.48409992857143,-25.92401447714286
3188,5.406351506285715,11.562580087142857,-21.714254282857137,7.918405776714286,2.849477148857143,19.534137175714285,-26.454740171428572
3189,5.117511465142856,11.530802872857143,-22.079691512857142,7.775171469285714,2.7989657062857143,19.56757426857143,-26.69069706142857
3190,4.915465751285714,11.467248557142858,-22.14324571571429,7.657074292,2.7844999944285713,19.918071562857143,-26.589437049999997
3191,4.720297190714285,11.594357187142858,-22.556348484285714,7.682448660857143,2.741102859,20.251731691428574,-26.800257261428573
3192,4.6192743620000005,11.594357187142858,-23.11221131,7.901568666714285,2.7337514261428573,20.63542884142857,-27.356357324285714
3193,4.532480091285714,11.832685785714286,-22.603777011428573,8.213411480857143,2.726637147142857,21.18607444857143,-26.77488289142857
3194,4.474617244142856,11.705577154285715,-22.06356561142857,8.154600017857144,2.7121714352857142,21.86999463285714,-26.10922285285714
3195,4.445685763999999,11.340139923857143,-21.443911345714287,7.969154288285714,2.7771485614285716,22.570514519999996,-25.561422978571425
3196,4.423868647714286,11.070034224142859,-20.744814214285718,7.7922457611428575,2.7771485614285716,23.120923115714284,-24.668106014285712
3197,4.416517186571429,10.672819893714287,-19.664628654285714,7.404754317714286,2.7771485614285716,23.487783099999998,-23.690603218571425
3198,4.366005743857143,9.608522714714285,-17.313831599714284,6.511437127857143,2.791614273285714,23.63789439142857,-21.14558587942857
3199,4.272097137714286,8.989105631714287,-15.75722596685714,5.929962837,2.8276600039999997,23.721131494285714,-19.536097152285713
3200,4.221585695,8.099582735285713,-14.264174536999999,5.070557133857143,2.8058428592857143,23.6876944,-17.943445818
3201,4.293677099999999,7.1465056364285715,-12.231148833428572,4.379522840000001,2.82742285,23.470708694285715,-15.701734373857139
3202,4.358654282714286,6.3523142698571435,-9.959794475142857,3.7643742870000003,2.7840257145714284,23.287397321428575,-13.097905685428572
3203,4.467028544142857,5.526345717142858,-7.116688734,3.166062829714286,2.791377147428571,23.254197240000003,-10.148560019
3204,4.5464714104285715,4.684725767857143,-4.067031502285714,2.601425691,2.791377147428571,23.17095991,-6.5250171405714275
3205,4.7632199900000005,4.509951512999999,-1.4779057354285723,2.5257771181428574,2.7408657188571426,23.08748579428572,-4.300380044285714
3206,5.037594291,4.1762914975714285,1.8577456888571429,2.256145697857143,2.668774271428571,23.004248691428575,-1.1150772625714291
3207,5.2977399777142855,4.017405765285714,5.256951429,2.1802599851428575,2.6398428478571425,22.72062581142857,2.078762834857143
3208,5.478442854714285,3.9538514497142856,8.211277186857142,2.037025706,2.5819800007142857,22.57051429428571,4.556194269285714
3209,5.63732853057143,3.9856285792857142,10.81605432142857,1.9948142695714286,2.5385828652857145,22.420402777142858,6.772531345142857
3210,5.789099984000001,3.985628579285714,12.753748544571428,1.9609028465714284,2.516765720571428,22.186817144285715,8.306371329714285
3211,5.919054292714286,4.0330571619999995,14.183245715714284,2.0199514210000005,2.4733685709999995,21.936394345714287,9.022542782
3212,6.041894266142857,4.0330571619999995,14.516905731428574,1.944065705,2.487834282857143,21.7696829,9.326085632285713
3213,6.142917094857142,4.0330571619999995,14.707568565714285,1.8764799915714288,2.494948575857143,21.61933437,9.511531361857143
3214,6.222359961142857,3.906185741285714,14.723457117142855,1.7247085664285713,2.5312314324285716,21.669371391428573,9.359759965
3215,6.200779942142857,3.715760033285714,14.374145677142858,1.6066114281428572,2.516765720571428,21.619334144285713,9.106965683428571
3216,6.164734239571429,3.763425769857143,14.104277104285714,1.5138885774285715,2.5312314324285716,21.452385687142854,8.879308644571427
3217,6.114222797000001,3.7001086082857144,13.897962845714286,1.446540003714286,2.5312314324285716,21.418948367142857,8.685325825428572
3218,6.085528499142858,3.620902896,13.61220572,1.3201428591428572,2.6033228517142857,21.45238546142857,8.483280055142858
3219,5.969802804714285,3.509920026,13.342100020000002,1.2696314305714285,2.632254289428571,21.51902241142857,8.314671491857144
3220,5.8977113995714285,3.4148257348571427,13.05610577,1.2108199994285715,2.610674284571428,21.502422258571425,8.070177173571428
3221,5.738588541428571,3.3989371559999997,12.833665834285712,1.2108199994285715,2.610674284571428,21.452385237142856,7.960617198857142
3222,5.724122857999999,3.4307142855714283,12.817777282857142,1.1939828559999999,2.6685371318571427,21.402348215714284,7.901568610285714
3223,5.695191434428572,3.049625701714286,12.706557314285714,0.941188574,2.6758885647142856,21.36891112142857,7.817382891571428
3224,5.586817144714287,3.160608571714286,13.02409154,1.076122861142857,2.690354276571429,21.252236924285715,8.29783432542857
3225,5.5434199809999996,3.4304771177142857,13.516400162857142,1.354054277,2.668774285857143,21.168762808571433,8.954957160714287
3226,5.478442854857143,3.668568534142857,14.29470292142857,1.7164085655714285,2.6758885648571424,20.96861427,9.721877209714284
3227,5.3556028815714285,4.017879974428571,15.02534014142857,1.9860399894285712,2.7119342815714282,20.751865802857143,10.547845846714285
3228,5.240114312857143,4.510188540000001,15.676534382857144,2.281045707857143,2.719048560428572,20.651791532857146,11.314765782285715
3229,5.1172742829999995,4.907165717,16.327728511428575,2.5506771227142857,2.7119342814285714,20.535117335714286,12.098522883857143
3230,5.124388562,5.6695800247142865,17.05836562,3.1911999879999997,2.7190485604285715,20.50191725428571,12.957928502857143
3231,5.0449456957142855,6.035017169571428,17.503245715714282,3.4776685604285715,2.733514272285714,20.468480160000002,13.4971914
3232,5.001548588571429,6.336900027142858,17.884571382857143,3.679951456428572,2.683002843714285,20.351805737142858,13.927131334285713
3233,4.871594279857143,6.734114301571429,18.345102904285714,3.9410457307142863,2.6469571270000003,20.351805737142858,14.567417115714289
3234,4.763219990142858,7.115440025428572,18.885077065714285,4.286562905857144,2.6180257034285717,20.268331395714284,15.182565541428573
3235,4.662197133285714,7.147217183142857,19.17107143,4.530820042,2.5530485631428568,20.218294148571427,15.519545655714285
3236,4.575402862428571,7.655414299285714,19.75871158142857,5.028108642428571,2.5456971302857143,20.18485682857143,16.117857141428573
3237,4.416517186571428,7.957297100285714,20.330463068571426,5.407300065571428,2.5456971302857143,20.151419734285714,16.64028287142857
3238,4.416517186571428,8.084405675,20.44168303571428,5.457811508142856,2.5746285538571425,20.134819807142858,16.792054155714286
3239,4.344425725,8.322734273571427,20.647997294285712,5.626420071428571,2.6035599917142855,20.118219878571427,16.97726276
3240,4.41651713,8.354511431285713,20.537014339999995,5.676931513999999,2.6106742847142854,20.151657198571428,16.95212563
3241,4.387585678142858,8.322734217,20.680011408571428,5.828465785285714,2.6324914294285717,20.185094292857144,17.02777426
3242,4.517539958714286,8.4975085,20.91810276857143,5.820165765,2.6830028578571428,20.101620177142856,17.347916981428572
3243,4.596982824857143,8.068754193428571,20.330462617142853,5.516622914571428,2.740865705,19.98470874142857,16.82549125142857
3244,4.625914248428572,7.973422776714287,20.203353987142854,5.280665742428572,2.704819988285714,19.71768578857143,16.682256944285715
3245,4.669311412142858,8.052865642857144,20.568553978571426,5.457574269571429,2.6324914292857144,19.584174198571425,16.951888392857143
3246,4.604097132142857,8.068754193428571,20.616219742857144,5.5163856760000005,2.6324914292857144,19.60077412714286,17.22151984142857
3247,4.568051429571429,7.973422776571428,20.45733401,5.423662811142856,2.6687742858571433,19.600774127142852,17.027536797142858
3248,4.647494267428571,7.941645675285715,20.251019751428572,5.255291373428571,2.7048199882857142,19.667411302857143,16.91821406142857
3249,4.611448564857143,7.97342277657143,20.314573952857142,5.3985256808571425,2.697705695285715,19.750885418571425,16.85086562142857
3250,4.604334285999999,8.164085610285714,20.918102542857145,5.609345666428571,2.6327285692857143,19.817759831428567,17.356454185714288
3251,4.662197133142857,8.005199934428573,20.711788284285714,5.482948553571428,2.668774286,19.934671267142853,17.036311464285713
3252,4.654845728571429,7.766871335857144,20.378365394285712,5.297740006142857,2.7121714214285717,19.884634245714285,16.65712004
3253,4.647731449571429,7.401434219285714,19.997276739999997,4.994434309714285,2.647194267,19.584411437142855,16.160068678571427
3254,4.6550829107142855,7.2425484870000005,20.140274034285714,4.800688588,2.6037971174285715,19.20071428714286,16.084183035714286
3255,4.626388669285714,6.765891346428572,19.58417419714286,4.4383343029999995,2.553285689,18.95052872571429,15.418285758571429
3256,4.655320092857143,6.5434514115714295,19.47295423,4.168702882714285,2.545934270285715,18.78358026714286,15.072768442857145
3257,4.734762959,6.432231444142857,19.393511362857144,4.016931429285714,2.531468544285715,18.650068678571433,14.954671265714284
3258,4.777922940428572,6.368677128571428,19.393511362857144,3.949582848571428,2.509888553571429,18.53315724285714,15.097905572857142
3259,4.915228653714286,6.352788578,19.47295423,3.646039998142857,2.488308562857143,18.46628282857143,15.07253143
3260,5.117511521428571,6.527562861,19.949374188571426,3.7387628347142856,2.531468572571429,18.516320075714283,15.426348484285715
3261,5.3413743799999995,6.591117176571428,20.266908415714287,3.772437139142857,2.5604000102857145,18.632994272857143,15.586656971428573
3262,5.529191479428571,7.163105733999999,21.347093975714284,3.9744828530000005,2.5675143032857144,18.733068542857144,16.37041418714286
3263,5.7675200779999996,7.067774260714287,21.251999684285718,3.9744828530000005,2.6324914294285713,18.76650563714286,16.319902914285713
3264,5.926405753857144,7.274325758000002,20.950354122857142,4.117717160428572,2.719048588714286,18.799942957142857,15.881900141428572
3265,6.0276657647142855,7.369657174857143,20.53725135428571,4.100880022285714,2.7840257147142857,18.88341729857143,15.123517181428571
3266,6.063711467285714,7.369657174857143,19.552397097142855,4.218977171285714,2.8705828597142857,18.933454545714287,13.893219934714285
3267,6.121337188857142,7.274325757999999,17.900460048571425,4.109417168428572,3.0078885731428575,19.06672867142857,11.904540010714285
3268,6.0563600061428575,7.3061028591428565,15.43844291242857,3.9661828609999996,3.0873314392857147,19.26687721,9.426871534428571
3269,6.012962899,6.845334325714286,12.007460113142857,3.780974285285714,3.1957057291428574,19.45042582142857,6.148845774142857
3270,5.897237148142857,6.9247771918571415,8.94167731942857,3.553317133428571,3.2751485952857147,19.483862915714287,3.056265686857143
3271,5.832260022,6.59111712,5.828465829,3.1909628484285717,3.3401257214285716,19.50046284285714,-0.028014323571428208
3272,5.767282895857143,6.257457161142858,2.8741400142857145,3.0223542709999998,3.4051028758571427,19.41698850142857,-2.9605229364285717
3273,5.774634300428572,6.321011420142857,-0.06453420542857151,3.0728656852857137,3.4485000112857143,19.467025524285713,-5.682448632571428
3274,5.796451445142857,6.321011420142857,-2.669311397571429,3.0138171248571433,3.4918971465714286,19.68401122857143,-7.974434337142857
3275,5.796451445142858,6.193902902142858,-4.670559999857143,3.0643285674285714,3.506362858428571,19.417225514285715,-9.803042872285713
3276,5.839848552285714,6.448120051285714,-5.766397140857143,3.2158628668571425,3.4918971465714286,19.05012829142857,-10.873268646285714
3277,5.984268544571428,6.368677185142858,-6.70334856357143,3.3339600157142857,3.463202876857143,18.783105564285712,-11.960331416142855
3278,6.0563599497142855,6.432231500571429,-7.688202820428572,3.291985719142857,3.427157174285714,18.566357098571427,-12.954671378571428
3279,6.135802816,6.464008601714285,-8.657168582857144,3.3088228714285717,3.376645731714286,18.599794192857143,-13.831151288571428
3280,6.113985671428572,6.416342893285715,-9.308362937428571,3.1150771638571433,3.3261342891428574,18.599794192857143,-14.55585980285714
3281,6.034542805142857,6.3210114200000005,-10.039000158142857,2.946705740428572,3.2538057301428576,18.36620856,-15.398665494285712
3282,5.976679958,6.241568553857143,-10.690194512571429,2.845682883571428,3.2609200091428576,18.482882757142857,-16.15704834
3283,5.8320228400000005,6.035017112999999,-11.421068745142858,2.7446600267142856,3.2464542974285715,18.68303129571429,-16.763896914285713
3284,5.565,5.669579996285714,-12.596585835857143,2.4159800232857145,3.2969657118571436,18.916616928571425,-17.438094155714285
3285,5.384534305142858,5.510694264,-13.390777258571429,2.2727457440000003,3.311431423714286,19.149965322857145,-18.12082859857143
3286,5.268808554142857,5.733134312,-13.581440092857145,2.3569314628571436,3.3474771545714286,19.350114087142856,-18.255525702857145
3287,5.232762851571429,5.621914344571429,-13.486108675714288,2.365231454857143,3.390637164285714,19.56709979142857,-18.05324292
3288,5.160434264428572,5.510694377000001,-12.803137220000002,2.533602878285714,3.3906371642857143,19.900759694285714,-17.328534407142858
3289,5.182014283428571,5.447140061428572,-12.024834234428571,2.5421400242857146,3.3761714524285713,20.084308305714284,-16.384705944285717
3290,5.304854256857142,5.463028612142857,-11.039979978285714,2.4072057231428574,3.4124543088571424,20.21781967,-15.482851552857143
3291,5.434808565571428,5.701357154142857,-9.260934298142857,2.575814295285714,3.3619428944285716,20.30129401142857,-13.932411526999998
3292,5.478205729142857,5.812577178142858,-7.354780044000001,2.8959571581428567,3.369057173285714,20.401605518571426,-12.120640016857141
3293,5.5000228738571435,5.621914288,-5.242074305857144,2.7695600029999996,3.361942894285715,20.351568271428572,-9.921377233714287
3294,5.536068576428572,5.494805713428572,-3.3359199668571433,2.693674297571429,3.354828615428571,20.168019887142858,-8.000045805142857
3295,5.666022885142857,5.4153628472857145,-1.9064227681428572,2.457717153571429,3.3766457601428574,19.66764854,-6.533791498
3296,5.716771453428572,5.431251454428572,-0.3339285290000001,2.2722714345714285,3.391111472,19.384025658571428,-4.781068591142857
3297,5.702305769857142,5.208811462999999,1.3815628918571428,2.162711438571429,3.383760039142857,19.05036575571429,-2.9609971872857144
3298,5.673374346285714,5.0022600505714285,3.2241628874285717,2.036314294,3.441385732428571,18.80017997,-0.9806171705714286
3299,5.658908606285714,4.652711456285714,4.796657126571428,1.7413085755714286,3.398225722714286,18.483119995714286,0.6710828655714286
3300,5.7599314914285715,4.541491488857143,6.114934231285714,1.7244714374285712,3.361942866285714,18.199497114285716,1.8762428697142857
3301,5.8249086740000005,4.636822905571429,7.782759915142856,1.825731441142857,3.311431423571428,17.89927408,3.485731427
3302,5.933282907285714,4.636822905571429,9.831674197857142,1.8847800157142856,3.2680342598571426,17.89927408,5.306040026571428
3303,6.149794304571429,4.668600006857143,11.689925674571429,1.994340022142857,3.2246371244285714,17.89927408,6.772294346857143
3304,6.294214296857143,4.684488585714286,12.976425550428571,2.0702257277142855,3.1667742489999995,17.89927408,7.792008635285714
3305,6.474679991714285,4.637060031142857,13.849822714714284,2.0616885851428575,3.0583999592857145,17.698888301428575,8.373482897857143
3306,6.655145686571429,4.605282901571428,14.707331327142857,1.9438285830000002,3.0221171028571425,17.51533969,9.039142935857143
3307,6.720122812714285,4.430745744142857,15.167862734285714,1.8428057225714285,3.0005370838571426,17.281754057142855,9.460545724714285
3308,6.713008533857143,4.160877169999999,15.263194264285714,1.7332457197142859,2.971605660285714,17.131642765714282,9.527894390285713
3309,6.597519965142857,3.8751200169999995,14.929771374285716,1.5817114307142859,2.8992771012857146,16.864620038571427,9.325611494142859
3310,6.330259999571427,3.5893628921428573,14.485128517142856,1.4216399957142856,2.8127199420000006,16.547560064285715,9.115028634714285
3311,6.258168594571428,3.4307143137142857,14.247037157142858,1.286942859,2.812719942,16.23050009,8.980094404285715
3312,6.251054315714286,3.3989371559999997,14.07249999857143,1.2758366690000003,2.8127199419999998,16.013751624285714,8.82832300742857
3313,6.2365886321428565,3.351508573285714,13.834408525714284,1.2462333355000002,2.8127199419999998,15.897077427142857,8.693625789428571
3314,6.207894334285714,3.319731415571428,13.643982817142856,1.1873033355,2.819834249142857,15.763803077142855,8.525017226142857
3315,6.178962854142858,3.272065679,13.40565421857143,1.0694433315000003,2.805368537428571,15.580254465714285,8.289059997285715
3316,6.171848575142856,3.303842836714286,13.230879935714286,1.0713799984,2.8848114037142856,15.346668607142856,8.137288600428572
3317,6.215245682285714,3.3356199662857144,13.167325619999998,1.0713799984,2.9497885440000005,15.113320212857142,8.069940048000001
3318,6.179199923142856,3.3991742535714278,13.103771417142857,0.9887119992000001,2.949788544,14.879971592857142,8.019428548857144
3319,6.14315422057143,3.494268544714285,12.944885685714286,0.892376669,3.029231410142857,14.729860188571427,7.994291418714286
3320,6.099994239142857,3.605251414714286,12.881331484285715,0.9023366685000002,3.022117131142857,14.496274442857143,7.859357131714286
3321,6.027665651857143,3.732122863571429,12.770111517142857,0.9809100003333334,3.051048554714286,14.312725944285713,7.833982875857144
3322,5.9842685447142845,3.874882891285715,12.754222854285713,1.0495233366666665,3.1233771418571434,14.129177332857143,7.833982875857143
3323,5.919054292999999,3.874882891285715,12.754222854285715,1.1014971452857143,3.1307285464285717,14.012503135714285,7.876194298142857
3324,5.911940014,4.065308627428572,12.83366572142857,1.3120800087142857,3.1162628345714287,13.895591587142857,7.935005648000001
3325,5.8106800597142865,4.128625760857143,13.056105657142856,1.5143628622857144,3.094682843857143,13.878754419999998,8.331034238142857
3326,5.629977182714286,4.001754340142857,13.19910283857143,1.6827342857142857,2.993659987,13.811880118571427,8.507942765142857
3327,5.463740045714286,4.271860068285714,13.564302715714287,2.053388561142857,2.950262851571428,13.77844291142857,9.148465615857143
3328,5.297502908714286,4.526077217571428,14.056611224285714,2.3398571335714284,2.906865688,13.644931434285715,9.856337076
3329,5.160434320999999,4.891514334285715,14.644251375714285,2.778097124142857,2.798491384142857,13.494820030000001,10.598119994857143
3330,5.037831473285714,5.113717171857142,14.850802872857145,2.9550056971428567,2.7261628251428576,13.377908594285714,10.994148584571429
3331,4.893411481,5.2408257464285715,15.24778007714286,3.1236142604285715,2.697231401571429,13.394508634285714,11.516811440857142
3332,4.799502874714285,5.574485733571429,15.517648764285713,3.4100828469999995,2.6682999778571426,13.327871458571428,11.820354346571426
3333,4.756105710999999,5.844354279571429,15.644757282857144,3.561854279285714,2.6393685541428566,13.177760054285715,12.01410004
3334,4.662197104714286,5.637802838714285,15.533537315714286,3.4354571381428576,2.632254261142857,12.977611515714287,11.887702899999999
3335,4.655082825857143,5.717245648285714,15.628868845714285,3.528180003,2.5817428467142856,12.910974341428572,11.896239990000002
3336,4.626151402285714,5.590137073714286,15.263668628571427,3.469131442714286,2.5888571397142854,12.877537247142858,11.710794260000002
3337,4.618799941142858,5.8443542228571435,15.485871437142858,3.679714302571429,2.581742860857143,12.827500111428574,11.879402822857143
3338,4.575402777428572,5.828465615714286,15.16833709857143,3.570154299714286,2.574628582,12.694225761428571,11.643445707142858
3339,4.560937094,5.733134198857143,14.771359892857143,3.5111057111428576,2.5964457267142858,12.660788667142857,11.33990280142857
3340,4.568288555142857,5.939685639571429,15.136559882857144,3.5364799952857138,2.618262871428571,12.727662855714286,11.542185697142855
3341,4.611685718857143,5.971462797428572,15.390777145714287,3.4774314349999997,2.6758885788571427,12.76109995,11.744468592857144
3342,4.568288611714285,5.637802838571427,14.644251375714289,3.1065399968571428,2.7121714354285715,12.76109995,11.078571541857142
3343,4.582754351714286,5.574248579428572,14.564808622857145,2.9801428558571423,2.733988580142857,12.677862734285714,10.926800144714287
3344,4.597220091857143,5.478917162571428,14.533031522857142,2.8874199910000007,2.7555685708571427,12.51115129,11.010985863285713
3345,4.691128698142857,5.4630286120000005,14.580697174285714,2.845208568714285,2.770034282571429,12.44427698857143,11.069797326142858
3346,4.705594381571428,5.399474353,14.850565748571428,2.727348573714285,2.7916142732857137,12.294165585714286,11.14568308042857
3347,4.698242920428571,5.224700069999999,14.61223715,2.693437143571429,2.8060799851428575,12.144054181428572,10.95193738757143
3348,4.770334325428571,5.22470007,14.231148494285716,2.685137137285714,2.7844999944285713,12.110617087142858,10.808703080428572
3349,4.958151424857142,5.415362903714285,14.945897164285714,2.9042571502857135,2.8205456968571427,12.060579951428569,11.322828734285713
3350,5.131502840857143,5.542471478428571,15.37465147,2.7863971409999997,2.871057111142857,12.110617085714283,11.584160105714286
3351,5.319319940285714,5.463028612285713,15.37465147,2.558977143,2.9071028418571427,12.160654220000001,11.255480069
3352,5.456388528,5.240588620857144,15.501522862857142,2.4579542859999997,2.9286828325714285,12.110617085714285,11.002685786857143
3353,5.709182810142857,5.208811462999999,15.549188627142856,2.339857137,2.972079968,12.043979910000001,10.85115140257143
3354,5.868305668142858,5.177034305285714,15.53330019,2.348394283,3.000774265857143,11.87703134,10.775265646857145
3355,5.969565679,4.9707199901428565,15.644520157142855,2.337130001,3.0297056894285714,11.693482728571428,10.530771328142858
3356,6.070825689857143,4.764168577571428,15.787517225714286,2.120776658,3.022354284857143,11.476497024285715,10.446585609571429
3357,6.178962797428572,4.4781742705714285,16.057622925714288,2.0715299988333333,3.0223542848571427,11.242911391428573,10.370699855285713
3358,6.294451366142857,4.525839979,16.48661435714286,2.258279985666667,3.029705689428571,11.059362779999999,10.724754147714284
3359,6.373894175857143,4.875388545,16.88382868857143,2.4743566575,3.044171401285714,10.842614199999998,11.011459775571428
3360,6.453337042,5.018385670285714,16.97915999285714,2.6710666809999997,3.0657514202857143,10.675665628571426,11.112482661285714
3361,6.561474206142857,5.256714268714286,16.48685137142857,2.848133343666667,3.1307285464285712,10.675665628571428,10.49733406642857
3362,6.611985648714286,5.7807999919999995,15.009451424142856,2.9042571574285714,3.188591421857143,10.542154265714286,8.955194118
3363,6.554122801428571,6.146237136857143,12.59510001042857,3.1741257244285714,3.2104085382857144,10.475517089999999,6.452388426714285
3364,6.467565656285714,6.559340018428571,9.497777127857143,3.4100828542857142,3.2030571337142857,10.442079882857144,3.418619915714286
3365,6.3591914229999995,6.829445718285716,5.987351419999999,3.6123657502857145,3.2030571337142857,10.442079882857144,-0.12927424857142839
3366,6.279748613285714,7.115440025285714,2.175280036142857,3.949582905,3.2535685762857143,10.475279964285715,-3.71914271
3367,6.1497943045714285,6.9724429,-1.8592313952857147,3.7387628911428576,3.2609200091428567,10.458679924285715,-7.696739909999999
3368,6.027191457,6.8453343254285715,-5.528305711000001,3.586991466,3.253805730285715,10.50871705857143,-11.311982796571428
3369,6.077702843142857,6.750002908714285,-8.276079915142857,3.5281800312857143,3.3043171445714283,10.592191287142857,-14.235954320857143
3370,6.142679969285715,6.702337200428571,-11.023854132857142,3.3849457521428574,3.347477154285715,10.742302804285716,-16.74729721385714
3371,6.24370285442857,6.607005727,-13.295208378857142,3.1995000507142857,3.3764085778571427,10.875814281428573,-18.89604861142857
3372,6.301565701571429,6.368677184857143,-15.217014228142858,2.8539828755714285,3.4774314348571425,11.092799987142858,-20.84251745142857
3373,6.438871415,6.146237136857144,-16.630622904285712,2.4830914162857143,3.527942849142857,11.409859961428571,-22.586940521428573
3374,6.605108608428572,6.527562860714285,-17.964788601428573,2.7949342870000002,3.571102830571428,11.643445707142858,-23.909960634285714
3375,6.6556200510000005,6.71822569442857,-19.09263992714286,3.0982399834285723,3.527705695142857,11.793557111428571,-25.047534677142856
3376,6.395711490000001,6.607005670428571,-20.395265648571428,3.1065399754285714,3.448262829,12.077179991428574,-26.025037245714287
3377,6.142917208,6.352788521142856,-21.221234399999997,3.0052799645714288,3.3617056838571426,12.29392857142857,-26.572600107142858
3378,5.976917196714287,6.146237137,-22.476194582857143,2.9296313917142855,3.361705683857143,12.494077110000001,-27.718711579999997
3379,5.818031464428572,6.2733457115714275,-23.42927151142857,2.95500569,3.3327742602857144,12.544114244285717,-28.350697059999998
3380,5.500259999714286,6.146237193571428,-24.318794238571428,2.95500569,3.275148567,12.660788554285714,-28.814311328571428
3381,5.196717092857143,6.114460035714286,-25.12887409857143,2.828608520714286,3.354591433285715,12.944411435714287,-29.454596771428573
3382,5.037831360428571,5.892020044285714,-25.89128842,2.5675142465714282,3.361942837857143,13.378145720000001,-30.094882667142855
3383,5.0088999368571425,6.0350171694285715,-26.097602678571427,2.5843513847142856,3.361942837857143,13.961991522857144,-30.272028772857144
3384,5.117274226571429,6.273345711571429,-25.97073106,2.6856113955714287,3.4269199922857143,14.562674377142857,-30.356451391428575
3385,5.146205650142856,6.225680003142857,-25.49407386285714,2.778097106571429,3.4269199922857143,15.096482931428572,-29.783277148571432
3386,5.211182776285715,6.050905720142857,-24.509219607142857,2.836908527142857,3.3982257225714285,15.746965909999998,-29.125917299999994
3387,5.290625642428572,6.09857142857143,-23.730916847142854,2.7358856844285717,3.3982257225714285,16.214137402857144,-28.37583419142857
3388,5.341137085,5.606025709142856,-22.650731287142857,2.693911416142857,3.2611571630000005,16.61443448,-27.271934254285714
3389,5.362717104,5.637802866857142,-21.110014205714286,2.592651419428571,3.2611571630000005,16.664471728571428,-25.788842894285715
3390,5.406114267571428,5.272365750285714,-19.378634289999997,2.5084657147142857,3.3043171727142857,16.447723035714287,-24.145442595714286
3391,5.355602825,4.970482920857143,-17.837917208571433,2.3061828539999993,3.275385749142857,16.19753725,-22.451531475714287
3392,5.297739977857143,4.811597188428571,-15.820779941428574,2.120974285285714,3.246454325571429,16.164100155714287,-20.496525658571425
3393,5.3482514204285705,4.525840035428571,-13.962528633571429,1.8767171438571426,3.304080018857143,16.064025885714283,-18.499545544285716
3394,5.427694286571429,4.176528595,-11.643508567142858,1.7839942860000002,3.325660009714286,16.01398863714286,-16.16534852957143
3395,5.543420037571429,4.160640044285714,-8.927511394,1.6912714211428572,3.311194269714286,15.980551542857143,-13.342399948000002
3396,5.673374289857143,3.9382000528571433,-5.226659978,1.6407599925714285,3.3038428651428577,16.064025884285716,-9.558785623857144
3397,5.889885687285714,3.890534344428571,-1.5734743279999994,1.556337141142857,3.2822628744285716,16.197300234285713,-5.9606171421428575
3398,6.034305736142857,3.906422923285714,2.159391314857143,1.5983114235714286,3.2533314225714283,16.430885867142855,-2.497145596142857
3399,6.186077189571429,4.1129743641428576,5.6062627062857135,1.8174314224285715,3.2172856918571426,16.53119715,0.8567657495714283
3400,6.229474353142857,4.112974364142857,8.640268342714284,1.8679428527142854,3.116262834857143,16.547797077142857,3.8568600401428577
3401,6.35231432642857,4.097085785285714,11.276822636285713,1.918454274142857,3.007888545,16.397685559999996,6.309154344857142
3402,6.373894288857143,4.0970857852857145,13.436956957428569,1.8508685607142858,2.9355599860000003,16.21413694857143,8.188274350428571
3403,6.3738942888571435,3.970214336428571,14.136054089999998,1.8003571322857144,2.870582831571429,15.997388255714284,8.820260112142858
3404,6.258405720142858,3.906897174857143,14.437936891428572,1.7415457011428572,2.7406285368571424,15.780639562857143,9.165777259142857
3405,6.193428537428572,3.7482485964285717,14.517379758571426,1.724708563,2.6396056939999997,15.480179741428572,9.350985863142858
3406,6.085054247571429,3.414825735,14.501491208571426,1.4970514217142858,2.5601628418571427,15.17971992,9.443471658857144
3407,5.955099938857144,3.3036057392857145,14.390271354285716,1.4719142772857143,2.4444371334285715,14.962971227142857,9.502520134428574
3408,5.8396113701428565,3.208274322571429,14.199845645714285,1.3372171405714288,2.4228571285714287,14.896334278571429,9.418334415714286
3409,5.7312370804285715,3.0496257441428574,13.92997707142857,1.2444942864285715,2.386811411857143,14.896334278571427,9.190914389857143
3410,5.615748511714286,2.954294327285715,13.723425687142859,1.1600714314285714,2.350765695142857,14.996408548571427,9.073054338285713
3411,5.550771385571429,2.874851489285714,13.4533201,1.1178600038333333,2.350765695142857,15.096482818571427,8.912982864428573
3412,5.463977114857143,2.8112972019999996,13.199102949999999,1.1375033316666665,2.386811411857143,15.213394254285713,8.820497068714287
3413,5.384534248714286,2.8271857525714283,13.07199443142857,1.186749995,2.422857128571429,15.296868369999999,8.761685605714286
3414,5.297739977857142,2.9066285905714286,12.881331484285711,1.245679995,2.4517885662857144,15.39694264,8.618214285714286
3415,5.1170371574285705,3.3194943181428576,13.119422957142858,1.7273566485,2.4373228544285714,15.530216764285713,9.014242874999999
3416,5.12438861842857,3.9706886161428576,13.65939723,2.4353466485,2.495185715857143,15.597091178571429,9.502994272285715
3417,5.088342915857143,4.574217205714286,14.072262872857143,3.0744466285,2.545697144428572,15.497016908571428,9.907322825142858
3418,4.943922923571429,4.891751488285714,14.532794281428574,3.0225914001428573,2.523879999857143,15.296868482857144,10.396074223142858
3419,4.850014373857143,5.415837211714285,15.1998773,3.4103199764285717,2.5167657067142857,15.079882664285714,11.05319705885714
3420,4.7561057675714284,5.860480097142857,15.819294327142858,3.789511413714286,2.48071999,14.896334165714284,11.72715706042857
3421,4.655082910714286,6.384565848714286,16.534042884285714,4.236051406857143,2.451788552285714,14.646148605714286,12.47723983
3422,4.604571468142857,6.511674366714286,16.899479887142856,4.244351427142857,2.495185701857143,14.32932587,12.92377991857143
3423,4.409402879428571,6.400454342714285,16.867702787142854,3.9242085644285716,2.4733685571428574,13.99566574142857,13.13436277857143
3424,4.366005715857143,6.559340075142857,17.328471320000002,3.915908600571428,2.4444371334285715,13.795280077142857,13.724374187142857
3425,4.387585734857143,7.00422011457143,17.852794281428572,4.328774328142857,2.466254278,13.678368641428571,14.255337007142858
3426,4.445448582,7.131328689142857,18.011679787142857,4.3624486042857145,2.495185715857143,13.494820144285713,14.356597017142857
3427,4.481494341142858,7.401434332428572,18.424782781428572,4.455171440857143,2.5675142889999996,13.34470874,14.71065131
3428,4.459914322142858,7.623874267285714,18.837885775714287,4.514220029571429,2.5964457267142858,13.144560087142859,15.064468477142857
3429,4.430982898428572,7.814537101000001,18.99677150857143,4.783851421571429,2.5890942938571433,12.944411434285712,15.241376891428573
3430,4.510425736285714,7.973422833428571,19.45754004142857,5.053482841714286,2.5964457267142858,12.810900071428568,15.62910551714286
3431,4.503311457285714,8.021088485285714,19.45754004142857,5.061782805571428,2.6327285832857146,12.61075142,15.629105517142857
3432,4.553822843285714,7.798648437285714,19.02854861,4.8763370759999995,2.712171435428572,12.360565632857144,15.275051337142855
3433,4.553822843285714,7.862202696285714,19.02854861,4.817288515714287,2.7482171378571425,12.210454115714287,15.392911275714287
3434,4.553822843285714,7.385545612142858,18.456559882857142,4.547657095571429,2.7337514261428573,12.093779805714282,14.803136992857146
3435,4.625914276571429,6.972442787142856,17.900459820000002,4.353911373714285,2.762682849714286,11.993705537142857,14.39880844
3436,4.7198228264285715,6.765891402857143,17.852794055714288,4.210677122714286,2.7844999944285718,11.810157040000002,14.188225692857143
3437,4.7705713947142865,6.622894221000001,17.51913392714286,3.949345694571428,2.827660004142857,11.626608428571428,13.859545655714285
3438,4.741639971142858,6.225679946571428,17.249028227142855,3.763899993142857,2.8492399948571427,11.509934231428572,13.52232853
3439,4.748991432285714,6.066794214142858,17.312582428571424,3.5869914094285718,2.8781714184285714,11.409859962857144,13.454979977142857
3440,4.640617142428572,5.907908481714286,16.96303386285714,3.5113428365714285,2.8926371302857143,11.226311464285716,13.109462887142856
3441,4.5972199787142864,6.162125631,16.96303386285714,3.5450171409999998,2.9431485445714287,10.992725831428572,13.193648605714284
3442,4.647731421285714,6.257457047857144,17.153696697142855,3.7133885504285717,2.9649656892857146,10.825777259999999,13.260997157142857
3443,4.626151458714285,6.305122756285714,17.185474024285714,3.662877107857143,2.9936599871428577,10.725702877142854,13.193648491428572
3444,4.553822928,6.3527885212857145,17.344359757142858,3.9242085359999996,2.98654568,10.642228648571429,13.311745555714285
3445,4.604334370571428,6.495785646428572,17.32847132,4.000094262714286,2.979194247142857,10.558754305714286,13.34541988857143
3446,4.683777236714286,6.543451411428571,17.29669422,3.932508556428572,2.9213314,10.50871717,13.471817029999999
3447,4.792151526571429,6.575228569285714,17.614465684285715,3.8985971262857144,2.8852856974285714,10.408642900428573,13.699474181428572
3448,4.987320087142857,6.575228569285714,17.90046004857143,3.9237342564285713,2.8779342645714285,10.375205693285713,13.809034157142857
3449,5.124625800571429,6.654671435428571,18.09112288142857,3.7804999772857144,2.892162822428571,10.375205693285713,13.825871324285716
3450,5.3629543427142865,6.607005727000001,18.186454184285715,3.5277056952857144,2.9066285342857134,10.358368640428571,13.71631135
3451,5.557885777571429,6.479897152428572,18.26589705,3.342259993857143,2.8992771014285714,10.341768599000002,13.674100041428572
3452,5.796214319571429,6.416342893428572,18.67899981857143,3.232699991,2.9137428414285718,10.325168559000002,13.876382824285713
3453,5.95509999542857,6.464008601857143,18.996771282857143,3.266611421142857,2.9497885721428574,10.258531384142858,13.901519954285716
3454,6.229474240000001,6.479897209000001,19.250988545714282,3.2497742831428567,3.0147656982857143,10.258531384142858,13.935194287142858
3455,6.308917106285715,6.559340075142857,19.36220851285714,3.4352200128571426,3.022117131142857,10.175057156,14.061591427142858
3456,6.402825656,6.638782941285713,19.42576294142857,3.4942686014285713,3.058399987571429,10.05838284642857,13.91835712
3457,6.417291396,6.972442956714285,19.060325938571427,3.8566229147142854,3.0657513921428574,9.975145629714286,13.46327994142857
3458,6.482505647857144,7.337880129857142,17.424277440428572,4.336837194857143,3.130965700428572,9.891671401571429,11.69371990985714
3459,6.446459945428573,7.735094404285715,14.930483175,4.640380073428572,3.159897124,9.858234307285715,9.241662843571428
3460,6.3959485594285725,8.068754363142856,12.182471647428573,5.145968637571428,3.1888285475714286,9.924871482142857,6.410414241714286
3461,6.2154828645714275,8.402177139714286,8.767377299857142,5.50832292257143,3.181477143,9.941708535428571,3.081877039571429
3462,6.136039998285715,8.815042782571428,5.002971681714286,5.837002903142857,3.2104085665714286,9.958545588714287,-0.5838772889999991
3463,5.998734284999999,9.116688514571429,0.6983544374285717,6.199357188142856,3.2464542974285715,10.158694241142857,-4.578311656142858
3464,5.890359995142857,9.338891323142857,-4.066794328285714,6.325754329142856,3.2680343164285715,10.35884289357143,-8.977074574714285
3465,5.7890999842857145,9.624648447285713,-7.736105768714286,6.502900095,3.2535686045714285,10.475754328857144,-12.550106038857143
3466,5.637328587285714,9.894517021,-11.008202963285713,6.839880095857143,3.2535686045714285,10.492354370285714,-15.777620356857142
3467,5.572351404571429,10.434491295142859,-13.867197162857142,7.168560076428571,3.260920037428572,10.525791577428572,-18.634480340714283
3468,5.637328530714286,10.895259941285715,-16.170328509571426,7.657311530714287,3.253805730142857,10.742540156571428,-21.103611924285712
3469,5.702305713428571,11.324251374,-18.060594382857143,7.960617255428573,3.2319886137142855,10.992725942857145,-23.252363322857143
3470,5.825145743142857,11.70557704142857,-19.760197195714287,8.516717206285715,3.181477171,11.076200171428571,-25.181994544285715
3471,5.8540771668571425,12.150457024285714,-20.808605654285714,9.047680082857143,3.109385737714286,11.1596744,-26.31980582714286
3472,5.796214319571427,12.579448457142858,-21.777334234285714,9.207751443571428,3.022591438714286,11.326385732857142,-27.38173146714286
3473,5.789099984142858,12.849554157142858,-22.746299827142856,9.41003422657143,2.979194275142857,11.50993423,-28.350934071428576
3474,5.637328587285714,12.897219921428572,-23.778820075714286,9.561568497857142,2.906865688,11.676645562857143,-29.03343127571429
3475,5.420580064285714,12.97666278857143,-24.90667140142857,9.671128472571429,2.8563542737142855,11.760119905714287,-29.842562408571432
3476,5.182251465714287,12.89721992142857,-26.01863429,9.713339894714284,2.827659975857143,11.876794215714284,-30.60948223
3477,4.871594308285714,13.056105654285714,-26.717494184285716,9.460545612,2.784262840571429,12.110142835714285,-30.96353652285714
3478,4.661960007571429,12.897220035714286,-26.955585544285707,9.401497023428572,2.7624456958571426,12.543877120000001,-31.06455952
3479,4.604334286142858,12.81777717,-27.050916848571426,9.620617086,2.784262840571429,13.227797077142855,-30.794928298571428
3480,4.6259143051428575,12.913108587142858,-26.495054024285714,9.797525726428573,2.827660004142857,13.861679901428571,-30.247128425714287
3481,4.7342885948571425,12.913108587142858,-25.589642407142854,9.704802918142857,2.8926371584285713,14.462362755714285,-29.55609424428571
3482,4.857128568142857,12.801888505714285,-24.477679745714283,9.519594314142859,2.964728591714285,14.896097039999999,-28.502705805714292
3483,4.9870828768571425,12.674779988571428,-23.254496664285714,9.309011454285715,3.0297057460000003,15.34666849142857,-27.41564303571429
3484,5.1172742829999995,12.277565769999999,-21.872665314285715,9.089891505,3.0946829002857146,15.61369133142857,-26.294668921428574
3485,5.247465717428571,11.832685673857142,-20.363725334285714,8.702162935857144,3.159660054714286,15.680328507142855,-25.038997475714286
3486,5.305091438857143,11.133825667,-18.775342487142858,8.002591439285714,3.210171469,15.430142947142855,-23.572505817142858
3487,5.3484886024285725,10.260191434142858,-17.107516774285713,7.134648561571429,3.239102892714286,15.29686882285714,-21.937642947142855
3488,5.4134657285714285,9.386557145285716,-15.312582543428572,6.351128556714286,3.2751485952857147,15.079883118571427,-20.066822735714286
3489,5.478442854714286,8.449368653857142,-13.184225366142858,5.500022873857143,3.282500028142857,15.06328319142857,-17.934671266142857
3490,5.593931423428572,7.543957206285715,-10.690431185285714,4.775314303857143,3.2751485952857147,15.06328319142857,-15.541425663428571
3491,5.723885732142857,6.733877176000001,-7.958308399857143,4.033768581571429,3.2751485952857142,15.129920367142859,-12.600617029428571
3492,5.853840041,5.955574388285716,-4.273345646999999,3.258548554714286,3.296965739857143,15.229994637142857,-8.699142653428572
3493,5.984031475571428,5.304380090285714,-0.2547228798571433,2.8190833465,3.3040800470000002,15.41354324857143,-4.865016999285714
3494,6.200780055142857,4.811834370714286,3.509682738714286,2.2784766766666666,3.296965768,15.613691787142857,-1.2751485385714283
3495,6.410177173571428,4.383080064142857,6.861222713571428,1.757236675833333,3.3043172008571426,15.797240398571429,1.8174314348571434
3496,6.634040032,4.017880044857143,9.799659864857144,1.3834600061666666,3.2969657679999997,15.980551770000002,4.522282896
3497,6.720834302857143,3.779788628428571,12.356771348285715,1.0196433401666667,3.333011470571429,16.013751625714285,6.898691445714285
3498,6.829208592714285,3.573474313285714,14.29446557142857,0.8229333373333333,3.3114314515714285,15.997151471428571,8.558928628
3499,6.937582826000001,3.526045730571428,14.882105497142858,0.716804005,3.2824999997142856,15.930514295714286,8.912982864428573
3500,7.031491375714286,3.541697155571428,15.12019697,0.8032900055000001,3.2609199807142852,15.780402778571426,9.056217171857144
3501,6.973628472,3.5258085767142853,15.2155285,0.8425766735,3.203057105285714,15.546816918571427,9.207751442999998
3502,6.843674219714286,3.557585734428571,15.262957027142857,0.9507533388333332,3.0875685365714287,15.330068451428572,9.350985750428572
3503,6.713719967428572,3.6052514428571425,15.215528500000001,1.0492466696666665,3.058637113,15.113319758571427,9.359522839999999
3504,6.6774370827142855,3.6370286005714285,15.025102791428571,1.118136669,2.979194246857143,14.913171219999999,9.334148584142856
3505,6.626925640142858,3.6529171794285706,14.88234284857143,1.1537160022000001,2.964728535142857,14.779659857142857,9.266562793
3506,6.6340399755714285,3.668805758285714,14.691917252857142,1.1537160022000001,3.0223542567142863,14.629548565714284,9.140165652
3507,6.626688570857143,3.6531543332857135,14.485602881428571,1.13321500075,3.0439342757142858,14.529474295714286,8.937882755999999
3508,6.561711444857144,3.637502908285714,14.15217999142857,1.0298799985,3.036582842857143,14.395962932857143,8.626039885285715
3509,6.554597166000001,3.6057257505714277,13.882311529999999,0.9709499965000001,3.1231399879999997,14.312488591428572,8.390082656428572
3510,6.554597166000001,3.637265754428571,13.739314348571428,0.941346663,3.1449571044285713,14.128940094285714,8.23831125942857
3511,6.403062894714286,3.7641371468571423,14.08862579,1.3541333336666668,3.1812399608571433,13.962228648571429,8.710225604285714
3512,6.280222921285715,3.954562883142857,14.453825894285714,1.471855004,3.1957056725714286,13.812117244285714,9.25802559057143
3513,6.085291486285714,4.001991437714286,14.787248784285717,1.4601520025999999,3.0946828157142856,13.711805735714284,9.729939934857143
3514,5.8974743304285715,4.240082854142857,15.200114652857142,1.5605266648333334,3.058637085,13.511657084285714,10.319951343571429
3515,5.673611471857143,4.446397112857143,15.692423275714287,1.9243433205000002,3.065988517857143,13.36154568,11.086871392428572
3516,5.478442854714286,4.859262812285714,16.470726035714286,2.2881599761666664,3.0225913824285717,13.228034202857144,11.988488546142857
3517,5.334022862428571,5.081702803714285,17.16958604142857,2.4074428471428573,3.0081256705714283,13.044485591428572,12.805919981428572
3518,5.276160015285714,5.256477143285714,17.407914639999998,2.5253028562857147,2.9718428141428572,12.944411322857144,12.965991341428573
3519,5.211182832714285,5.558360000857143,17.693908777142855,2.845682865857143,2.964491409571429,12.827737012857144,13.084088518571429
3520,5.153319985571429,6.050905720285714,18.488100199999998,3.2839228387142856,3.0005371402857146,12.694462662857143,13.884682900000001
3521,5.0956942640000005,6.257457160999999,19.123405891428572,3.637739977714286,2.964491437714286,12.694462662857145,14.575717307142856
3522,5.196717149142858,6.575228625714287,19.758711581428567,3.8146485614285717,2.964491437714286,12.72789975714286,15.14889166285714
3523,5.196717149142857,6.559340075000001,19.72693448,3.966182861,2.9429114187142855,12.72789975714286,15.258451637142855
3524,5.160671390142857,6.940665742285715,20.139800237142857,4.210677122714286,2.913979995142857,12.777937004285715,15.789414457142856
3525,5.146205650000001,7.210771442142857,20.520888664285714,4.4466342384285715,2.9068657161428573,12.76109995,16.328914592857142
3526,5.095457081714287,7.131328576,20.552665765714284,4.4466342384285715,2.8563542735714287,12.76109995,16.606846005714285
3527,5.030479899142857,7.194882835,20.425557135714286,4.598168566142857,2.8203085428571426,12.827737124285715,16.640520112857143
3528,4.9726170519999995,7.178994227857143,20.34611426857143,4.674054264714286,2.798491398142857,12.87777425857143,16.691031385714286
3529,4.8426627432857146,7.035997046142858,20.187465775714287,4.749939963142857,2.7406285508571426,12.91097434,16.488748375714284
3530,4.7921513572857135,7.035997046142858,20.060357144285714,4.749939963142857,2.6756514105714286,12.994448568571428,16.34551418142857
3531,4.661959951142856,6.845334212428573,19.965025614285715,4.758239983428572,2.6177885634285714,13.211434274285713,16.210579837142856
3532,4.5969828249999996,6.607005613857143,19.869931324285712,4.6991914512857145,2.5743914279999998,13.411819939999999,16.084182697142854
3533,4.510425708142857,6.575228456,20.139800011428573,4.859262868571428,2.538345711285714,13.678605654285713,16.37088855
3534,4.445448582,6.321011363428572,20.13980001142857,4.665517146857143,2.494948575857143,13.878754194285714,16.261328575714284
3535,4.416517158285715,6.257457104428572,19.885819988571427,4.480071445428571,2.4660171522857146,14.045465639999998,16.02537146
3536,4.394700013571429,6.321011419857143,19.822265558571427,4.488371465714286,2.444437147428571,14.145777035714286,16.143231625714286
3537,4.351302849857143,6.289234262142857,19.917597088571426,4.496908611714286,2.4515514405714285,14.245851418571428,16.303302987142853
3538,4.373119966142857,6.162125744142857,19.56828576142857,4.336837166285714,2.4589028592857147,14.312488481428572,16.059045908571427
3539,4.4165171298571435,6.511674310142857,19.806377347142853,4.4549342869999995,2.4807200039999997,14.279051387142855,16.320140154285713
3540,4.474380005285714,6.781780066571429,20.012928844285714,4.404422844428572,2.495185715857143,14.162377189999999,16.362114225714286
3541,4.546471410285714,6.797668617142858,19.552397322857143,4.328537117714285,2.5096514275714283,13.995665744285715,15.982922801428572
3542,4.5898685740000005,7.06777437357143,19.933485751428574,4.530819985428572,2.545934284142857,13.862154380000002,16.294765785714283
3543,4.662197161285715,7.258437263857144,20.20335444,4.539357131571428,2.5748657219999997,13.862154379999998,16.49704856857143
3544,4.777922855714286,7.178994397571429,20.29868597,4.522519993428571,2.6256142902857147,13.895591587142857,16.35381426142857
3545,4.929457183571429,7.369657231142858,20.48934880285714,4.497382863142858,2.6327285832857146,13.862391731428572,16.35381426142857
3546,5.023365733285715,7.004220114428571,20.187703014285713,4.295099995428571,2.6253771504285717,13.912428865714286,16.03367131285714
3547,5.109922878428572,6.750002908714285,19.98115151714286,4.084280009857143,2.618025731714286,14.029103062857143,15.966322872857145
3548,5.247228591857143,6.670560042571428,20.37836584857143,4.0506057335714285,2.6253771647142856,14.162614652857142,16.07588284857143
3549,5.420580007714285,6.448119994571429,20.45780871428571,3.8736971499999995,2.6398428764285713,14.196051747142857,15.92411133857143
3550,5.601045702571429,6.368677071857143,20.72791441285714,3.8314857277142855,2.654308588142857,14.262688921428571,15.814551362857143
3551,5.767045713857144,6.5911171198571425,21.363220102857145,3.822948581714286,2.646957155285714,14.312725942857144,16.219117154285716
3552,5.853839984571429,6.479897096,20.88656290571429,3.6711771565714284,2.675888579,14.345925798571429,15.721828552857142
3553,5.9403971297142855,6.686448536857143,20.473460137142858,3.806111471857143,2.7119342815714282,14.529474297142855,15.233077155714284
3554,6.063237103,6.94066574257143,18.631097266999998,4.1096543222857145,2.8058428595714284,14.59634871142857,13.252697139
3555,6.027191400428571,7.163105734,16.423060211,4.438334302857142,2.8924000045714284,14.66298566,11.196431486999998
3556,5.925931389571427,7.480877198714286,13.643508877714288,4.758477193857142,2.9139799952857137,14.796497022857142,8.525017204
3557,5.795977137285715,7.814300031857143,10.196637372857143,5.070320008,2.957140005,14.863134198571428,5.482948560428572
3558,5.680488568571428,7.861965740285714,7.131091591714283,5.171580018857143,3.0581628618571437,14.879734125714284,2.584114223571429
3559,5.666022828571429,7.989074314857143,3.2395773417142846,5.3653257405714285,3.1665371515714282,14.979808394285714,-1.342734350714286
3560,5.622862847142856,7.877854290857143,-0.5407170534285713,5.213554287142857,3.209934315142857,14.912934205714283,-5.227608629285713
3561,5.579465683571428,7.877854290857144,-3.796925611857143,5.221854307428571,3.231751459714286,15.07964565,-8.497097299714286
3562,5.644442809714286,8.100294338714287,-6.227165590142858,5.196480051571428,3.2391028925714287,15.463342801428572,-10.983065774857142
3563,5.774634244285714,7.989074258285714,-7.958545646571428,5.120594296571428,3.2969657680000006,15.913677127142858,-12.643065859000002
3564,5.926405641285714,8.275068622428572,-10.357008466,5.356551468857143,3.3332486244285717,16.397448547142858,-15.567274451142856
3565,6.077939912571429,8.830931503857142,-13.009688379142858,5.78625433457143,3.2827372101428574,17.01473155714286,-18.54199431714286
3566,6.222359961428571,9.498014409571427,-14.137302692,6.3677285690000005,3.253805786571428,17.548540224285713,-19.873551405714288
3567,6.308917106428572,10.308094383571428,-15.693908324,7.159785748,3.2611572194285716,18.09918583142857,-21.592599881428573
3568,6.316268567571428,10.911622859571427,-16.646985479714285,7.513840041000001,3.246691479428572,18.44944566142857,-22.75554852
3569,6.265757181428571,11.356265717428569,-18.076482706857142,7.783471433,3.232225739428572,18.599557178571427,-24.381874412857144
3570,6.128451468000001,11.705577157142857,-20.204839827142855,7.977454308714285,3.2032942875714285,18.799705718571428,-26.67409713142857
3571,5.976680071,11.62613429,-21.348342578571426,7.960617142285714,3.1743628357142852,18.83314281285714,-27.390268668571427
3572,5.789100097142857,11.197379983142858,-21.618211265714283,7.648774271571429,3.1672485284285714,18.733068542857144,-27.26387152714286
3573,5.514725796,10.784514226571428,-21.507228537142858,7.37060573357143,3.1312027975714285,18.816542885714284,-26.808794462857144
3574,5.319794361142856,10.625628493714286,-21.300677265714288,7.328631437,3.0949199411428574,18.96665440285714,-26.336880231428573
3575,5.189602926571427,10.228414276285715,-20.538262944285716,7.303257181142857,3.0875685365714287,19.300314531428572,-25.182468569999997
3576,5.045182934285713,9.465999953714286,-18.71155149885714,6.806205763,3.051285680142857,19.750648855714285,-23.10106561142857
3577,4.972854347,9.513665719428571,-18.07624580742857,6.940902867857143,3.0294685355714286,20.084308982857145,-22.33414556285714
3578,4.893411480857142,8.926025680857142,-15.661894549428572,6.5531742987142865,3.015002823857143,20.56808040142857,-19.88208815857143
3579,4.835548633714287,9.164117040714286,-15.487357392285714,6.814505726857142,2.9860714002857143,21.15192609142857,-19.511196925714284
3580,4.785037191142857,8.925788498714287,-13.962291508999998,6.679808565571428,2.9571399767142856,21.318874548571426,-17.994193994285716
3581,4.727174344,8.115708525142859,-12.104039975714286,5.828702826285714,2.9355599577142857,21.552460181428568,-15.996976867571428
3582,4.727174344,7.607511352428572,-9.594357166714286,5.061782777428571,2.921094245857143,21.685971544285714,-13.687916926142856
3583,4.727174344,7.496291385,-8.260191427142859,4.867799929999999,2.928445678714286,21.769445887142858,-12.196288364285715
3584,4.7200600651428575,6.559102808142858,-5.146979951714286,4.0672056755714285,2.9357971115714285,21.869757169999996,-8.833839900857143
3585,4.770571451142858,6.035017113,-3.3838227660000006,3.460594265142857,2.9284456787142856,21.919794418571428,-7.0135314424285715
3586,4.785037134714286,5.113954297428571,-0.461037039857143,2.600951393857143,2.921331399857143,21.836320075714287,-4.156908499285715
3587,4.871594279857143,4.589868574,1.8738714645714285,2.078525702142857,2.9284456788571434,22.119942955714286,-1.8649227937142854
3588,4.9726171084285715,4.240557162,4.129337102857143,1.9337499918333334,2.9213314,22.236617380000002,0.2586914738571429
3589,5.182251409142856,3.843580041428571,5.797162793857143,1.6487833206666667,2.9213314,22.136543111428573,1.8345057550000001
3590,5.449511374857143,3.4307143138571425,7.814537030285714,1.285243326,2.942911419,22.036468615714284,3.536717177285714
3591,5.745702820571428,3.256177156571429,9.593582724857143,0.9609900035,2.9789571497142857,21.90295725142857,4.868037225
3592,5.969565679142858,3.097291438428571,11.118411312571427,0.5578866859999999,3.0152400061428573,21.702808485714286,6.064660111428571
3593,6.222359961142857,2.827185731571429,12.690905552142855,0.17442669216666665,3.0657514204285716,21.519259874285716,7.3791429362857155
3594,6.525665685857142,2.6683000134285715,13.532525501571428,-0.1008566385,3.159659998428572,21.15216265285714,7.994291475142857
3595,6.778697150142857,2.5729685965714286,14.263162722857142,-0.137337112,3.2172857198571427,20.818502524285716,8.457668617142856
3596,6.887071439857144,2.493525730428572,14.533268535714287,-0.23005996614285712,3.2535685762857147,20.584916891428573,8.626039998285716
3597,6.9665143060000005,2.3981942852857143,14.596822851428572,-0.33131997,3.260919980857143,20.267856917142858,8.617502908857142
3598,6.966514306,2.271085724857143,14.56504575,-0.42404282785714287,3.239339961857143,19.96739687142857,8.566991409714285
3599,7.031728614285713,2.2393085811428572,14.565045750000001,-0.3230199851428571,3.253805701857143,19.733811238571427,8.507942821
3600,7.009911469714285,2.302862861285714,14.517380097142857,-0.24713427242857142,3.2319885854285713,19.5336627,8.457431434857144
3601,6.858377198428571,2.239308574,14.342843052857145,-0.24713427242857142,3.1598971519999997,19.433588430000004,8.373245716142858
3602,6.793162890142857,2.239308574,14.184194445714285,-0.2219971422857143,3.159897152,19.38355140857143,8.322734217
3603,6.691902879285714,2.175754286714286,13.977642948571429,-0.28934570885714284,3.181477142857143,19.41698850142857,8.213411368000001
3604,6.641154311,2.175754286714285,13.818757215714284,-0.2976457008571428,3.2319885854285713,19.483862914285712,8.095551316428573
3605,6.5254286165714275,2.1916428514285715,13.707537134285714,-0.24713427228571425,3.289614307,19.55073732714286,8.061877096857144
3606,6.474680048285713,2.2869742965714286,13.643982818571427,-0.12903713028571429,3.2388657105714285,19.5341374,8.061877096857144
3607,6.431520066857142,2.2710857318571427,13.659871370000003,-0.15417427471428574,3.224399970571428,19.467500224285715,8.171437071571429
3608,6.373657163142858,2.604508579142857,13.866185515714289,0.03127143728571429,3.2388656824285715,19.400626035714286,8.51695427442857
3609,6.214771430857143,2.9697085984285714,14.390271125714289,0.3684885921428572,3.202819951714286,19.267114445714288,9.165777145857144
3610,6.0269542750000005,3.2078000429999998,14.67602825,0.6464200114285715,3.094445661857143,19.08356583571429,9.662828621142856
3611,5.846488580142858,3.604777191714286,15.263668175714287,0.96656286,3.0294685074285717,18.950054247142855,10.412911503714286
3612,5.781511397571428,4.112974364428572,15.80364245,1.3625914211428574,2.9139799387142857,18.799942729999998,11.137620017
3613,5.673374233428571,4.573505800428571,16.67727685285714,1.8008314257142857,2.8779342361428575,18.733068315714288,12.089985682285715
3614,5.528954240999999,5.272365806714285,17.42380262428571,2.449654269142857,2.8492399664285712,18.71623115,12.882279874285715
3615,5.406114267714286,5.478917247428571,17.821016954285714,2.6939114088571428,2.7987285521428573,18.66619390285714,13.32881985
3616,5.319557122571429,5.653691530428572,18.059345552857142,2.997217119428572,2.7626828495714286,18.66619390285714,13.632125518571428
3617,5.297977103571428,6.01912867542857,18.90120274142857,3.3344342531428572,2.806079985,18.649593974285715,14.399045454285714
3618,5.196954218428572,6.193902958428572,19.060088474285717,3.7221628224285714,2.7555685707142854,18.532919777142855,14.651839622857143
3619,5.038068542571429,6.400454342714285,19.48907990714286,3.9327457105714285,2.733988565857143,18.482882755714286,15.148890984285714
3620,4.871831405714286,6.591117176285715,19.600062635714284,4.050605733857143,2.719522854,18.416245580000002,15.426822397142857
3621,4.756105711428572,6.622894334142857,19.631839737142858,4.193840041285714,2.6905914162857143,18.383045724285715,15.68791686857143
3622,4.662197161714286,6.829445775000001,20.01292839285714,4.547894334142858,2.6327285548571426,18.282971454285715,16.185205355714285
3623,4.611685775571429,6.861222876285715,20.235131315714284,4.5647315004285725,2.5964456984285715,18.19973435142857,16.522422481428574
3624,4.597220092,6.956554293000001,19.965262628571427,4.6911286414285716,2.517002846285714,18.13285993714286,16.429699672857144
3625,4.532005812,7.004220001428572,20.076482821428574,4.648917219142858,2.473605696714286,18.06598574857143,16.72446825142857
3626,4.604334342714286,7.035997159142858,20.171577111428572,4.758477193857144,2.4517885661428567,18.015948501428575,16.766679787142856
3627,4.539357216571429,6.956554293000001,19.774600018571427,4.741640027571429,2.4736057108571425,17.965911480000003,16.513885504285714
3628,4.539357216571429,6.924777135142857,19.79048868142857,4.699428605285715,2.480720003857143,17.832399891428572,16.497048338571428
3629,4.503311485714286,7.051885709714285,19.790488681428574,4.749940047857144,2.5312314324285716,17.915874234285717,16.53072267142857
3630,4.5248914482857145,7.210771442,19.631840187142853,4.825825746428571,2.5601628560000003,17.89903706714286,16.31160272285714
3631,4.459914265571428,7.067774316857142,19.600063085714286,4.766777214285715,2.581742860857143,17.849000045714288,16.218879914285715
3632,4.568288527,7.210771442142858,19.98115151428571,4.884637209285715,2.6033228657142855,17.78236287,16.43800009
3633,4.5464713822857155,6.972442900142858,19.806614357142855,4.876337189,2.6540714339999996,17.6822886,16.319902912857142
3634,4.640379932000001,6.893000034000001,19.933722988571425,4.8089886082857145,2.6106742844285713,17.632251352857143,16.497048792857147
3635,4.690891318,6.988331450857143,20.060831394285714,4.825825718142857,2.6106742844285713,17.58221433,16.53926010142857
3636,4.770334156,6.607005727000001,19.568522771428572,4.522282839571429,2.625139996142857,17.365465637142854,16.008297281428572
3637,4.748754193428572,6.511674310142857,19.377859938571426,4.362211394,2.5890942794285716,17.232191287142857,15.704754487142855
3638,4.871594223285714,6.416342836714285,19.31430573571429,4.176765664428572,2.5890942794285716,17.132117018571428,15.53614581142857
3639,4.821082837285714,6.273345711428571,18.980882845714287,4.067205689714286,2.5819799864285713,17.098679925714286,15.022257057142856
3640,4.857365722,6.146237136857143,18.949105744285713,3.7302257169999997,2.5675142747142856,17.04864267857143,14.71895138857143
3641,4.857365722,6.0985714284285715,19.107991477142857,3.671177156571429,2.5601628560000003,16.96516856285714,14.643065519999999
3642,4.936808588142857,5.7966885708571425,19.02854861,3.4100828824285716,2.5530485630000004,16.93173147,14.390271238571428
3643,4.9946714352857144,5.907908538428572,19.55263433428571,3.3258971635714287,2.5170028605714285,16.881457208571426,14.811674084285714
3644,5.1824885347142855,5.955574246857142,20.076720057142857,3.3090600254285714,2.5604000101428572,16.814583020000004,15.24991398285714
3645,5.240114256285715,6.050905720285714,20.85502281714286,3.5281800312857143,2.545934298428571,16.864620041428573,15.881899687142857
3646,5.449511374714286,6.146237137142857,21.17255727,3.5198800110000006,2.567514303285715,16.781145698571432,16.26109111
3647,5.579465627,6.352788521428572,21.34709442857143,3.5703914252857145,2.581980015,16.697671582857144,16.488748148571425
3648,5.723885619285715,6.70233708742857,21.823514385714283,3.797811395,2.647194295142857,16.697671582857144,16.691031157142856
3649,5.810679890142858,7.115439969,21.473965819999997,4.134791424142857,2.697705723571429,16.76454577,16.455074041428567
3650,5.9045884964285715,7.1472171267142866,20.663885732857143,4.252888573142857,2.7697971568571425,16.981531475714284,15.418522657285715
3651,5.897237091857143,7.5441942189999995,17.677782781857143,4.766777157714286,2.7697971568571433,17.215117108571427,12.502851324142856
3652,5.846725649285715,7.798411311571429,15.930514316142858,4.952222830857143,2.8347742830000002,17.332028544285716,10.910199933428572
3653,5.724122801571428,7.830188469285714,14.691679923285715,5.103994284285714,2.8565914277142856,17.415502887142857,9.789462831
3654,5.688077098999999,7.909631335428571,13.452845641857143,5.280902868,2.8347742830000002,17.56561417857143,8.736074280999999
3655,5.601282828142857,7.782522760857142,11.864462683285714,5.222091461714286,2.8058428594285716,17.59905127142857,7.471865632142858
3656,5.456862835857143,7.782522760857143,10.577962751285714,5.306277123999999,2.7624457239999995,17.398665494285716,6.249868517714286
3657,5.362954229571429,7.925519886142857,8.735599994285714,5.727442843714285,2.6903542907142857,17.065005592857144,4.724565622571427
3658,5.276397084428572,7.560319951714286,10.594088519571429,5.415599973,2.6251399965714284,16.88145720857143,6.873554145714286
3659,5.297977103428571,7.433211433714286,11.261171425285715,5.2386914458571425,2.5746285821428567,16.814583020000004,7.395979932142857
3660,5.334022806,7.194882891714286,11.118174242428571,5.07838284642857,2.560162870285714,16.881457207142855,7.227371368857143
3661,5.471091393714286,7.2107714988571425,11.531039999571428,5.07838284642857,2.6396057365714287,16.747945842857142,7.378905753142858
3662,5.6157485682857144,7.2107714988571425,12.245788669571429,5.1035199765714285,2.6827657179999997,16.71450875,7.774934342000001
3663,5.7817485795714285,6.893000034142857,12.674542975857142,4.884400027142857,2.7261628534285713,16.931494455714287,8.002591493999999
3664,5.897237148285714,6.559340075285713,13.802157288571427,4.5557200465714285,2.718811420428571,17.048168651428572,8.996931512571427
3665,5.897237148285713,6.225680059857143,13.10329728185714,4.286088626428571,2.834537128857143,16.998131402857144,8.010891571142857
3666,5.919054292857142,5.8920200444285715,11.657911447285713,3.932034319428571,2.913979995142857,16.864619812857143,6.6122229504285714
3667,5.926168571857143,5.828465728857144,10.736611506428572,3.6792400372857137,2.9571400048571426,16.747708377142857,5.609345853000001
3668,5.724122857999999,5.55835997257143,10.037751499285715,3.4179086091428568,2.921094274,16.78114547142857,5.078620102
3669,5.565237125571429,4.923054281714286,8.354037122857143,2.7776229118571423,2.8995142832857144,16.848019658571427,3.5450171942857147
3670,5.413702854285714,4.637060003,7.528068542142857,2.4238057445714287,2.906628562285714,16.848019658571427,2.752722907142857
3671,5.269282861999999,4.668837104142858,6.003239940857142,2.0953628614285718,2.986071428571429,16.93149400142857,1.1686086055714284
3672,5.261931457428571,5.0501628279999995,3.0645657204285714,2.3566942612857145,3.007651447571429,17.165079634285714,-1.6965513987142857
3673,5.240114312857142,5.256714268857143,2.0161571762857147,2.4325799738571425,3.0294685921428575,17.448702515714285,-2.7331027900000002
3674,5.175137186714286,5.272602819428571,1.1107457432857142,2.5675142608571426,3.0512857085714287,17.748925324285715,-3.4578113707142855
3675,5.131740023142856,5.399711394,-0.4299714227142858,2.7529599622857144,3.109148584,18.082585452857142,-4.823042792
3676,5.1243886185714285,5.669579968142857,-2.113685685714286,3.165825689857143,3.159660026571429,18.349371167142856,-6.457905612857142
3677,5.095457195,5.653691417428571,-4.051380028857143,3.1236142605714288,3.167011459428572,18.566119858571426,-8.337025693285714
3678,5.102571473857142,5.558360000714287,-5.909631491857143,3.1236142605714283,3.2032943158571427,18.766268397142856,-10.014099872428572
3679,5.131502897428571,5.049925702285714,-5.591860026428571,2.643162854714286,3.268271442,18.84974273857143,-9.567559783857144
3680,5.0954571948571425,4.748042816428572,-4.845334311714287,2.440880001,3.2319885855714285,18.899779985714286,-8.986085549428571
3681,5.124388618428571,4.414619983285715,-5.226422867428572,2.0699885682857144,3.2319885855714285,18.983254327142863,-9.474836947285715
3682,5.19648008,4.001754283857143,-4.178014323428572,1.7862866748333337,3.2030571337142857,19.049891502857147,-8.38777412042857
3683,5.283274350857142,3.7795514181428573,-1.9858657619999993,1.4125099928333331,3.2680342598571426,19.216840187142857,-6.238785596428571
3684,5.485557190428572,3.763662839285714,0.8254628147142858,1.3339366631666667,3.3114314234285716,19.45042582,-3.550534062571429
3685,5.666260067571429,3.7318856814285715,4.669311413285714,1.2061166679999997,3.275148567,19.7340487,0.014197268428571672
3686,5.883008590714286,3.6209028114285715,7.973185623571429,1.0489700003333333,3.1885914218571427,19.967634559999997,2.9720800245714285
3687,6.070825690142856,3.5258085202857146,9.498014126142857,0.9800800009999998,3.195942826428571,20.051108902857145,4.573031520714285
3688,6.330971433285714,3.6526799409999997,12.023585521428572,1.0196433340000002,3.3837599824285713,20.067708831428572,6.898928684428571
3689,6.461162867714286,3.6367913621428576,13.151436960571429,0.9577885724285716,3.333248568142857,20.051108677142857,7.674148697142857
3690,6.497208570142857,3.6050142325714285,14.024834011428572,0.9494885714285715,3.1961800087142858,19.884159992857143,8.525254464714285
3691,6.526139993714286,3.5258085202857146,14.548919847142857,0.9158142845714288,3.1167371425714285,19.73404870285714,9.098191580857144
3692,6.569299975142857,3.335382840571429,14.85056552142857,0.8399285684285714,3.044645709285714,19.583937412857143,9.350985863000002
3693,6.561948570428571,3.4781428682857145,15.040991342857142,0.8567657118571429,3.0157142857142856,19.416988728571425,9.603780145142858
3694,6.590879993999999,3.4781428682857145,15.168099974285713,0.8428533300000001,3.0446457375714284,19.383551408571428,9.71334011942857
3695,6.518551406857142,3.367160026428572,15.263194264285715,0.7936066624999999,2.8494771770000002,19.36695148,9.81436289157143
3696,6.662971399142856,3.414825734857143,15.358288554285716,0.8328933285,2.8781714467142856,19.250040044285715,9.873411480142858
3697,6.857902834142857,3.446602864428571,15.358288554285716,0.8328933285000001,2.9357971681428574,19.166565702857145,9.797525725142858
3698,6.893948536571428,3.462491415142857,15.294734125714287,0.8032899950000001,2.9573771588571427,19.08309136,9.654291418285714
3699,6.915765681142856,3.478379965857143,15.15197407,0.8129733295,3.0512857367142856,19.033054111428573,9.586705740142857
3700,6.879719978714285,3.2879542297142863,14.913882597142857,0.7736866636666666,3.101797179285714,19.133128381428573,9.376122880285715
3701,6.821857131571428,3.240288521285714,14.612236921428574,0.7469685692857142,3.0078886014285717,19.06649120571429,9.12332859857143
3702,6.691902822714285,3.256177072,14.342368348571428,0.7721057137142857,3.0297057460000003,19.06649120571429,8.912745738714285
3703,6.518551406857143,3.2879542297142854,14.215496957142859,0.806017142,3.0804543424285717,19.23343988857143,8.828560019857143
3704,6.258642845714285,3.3830485208571432,14.088625677142858,0.9577885724285714,3.087805747,19.300314302857142,8.752674264857143
3705,6.121337132428571,3.446365682428571,13.914088632857144,1.143234280857143,3.051760044571428,19.200240034285716,8.727300009
3706,5.9550999955714286,3.5414599735714285,13.739314462857143,1.337217144142857,2.9578514667142857,19.13360285857143,8.634577087714286
3707,5.796214263142858,3.795439968857143,13.898200081428572,1.5983114324285717,2.928920043142857,19.06696568285714,8.845159947571428
3708,5.651794270857144,4.192417145857143,14.12040289,1.8933171474285717,2.9360343220000003,19.150440024285718,9.283399959285713
3709,5.593931423714286,4.668837132428571,14.311065835714286,2.3147200174285714,2.863705734857143,19.200477272857142,9.620379960714287
3710,5.442159970285715,4.827485710857144,14.12040300142857,2.550677165,2.7553314310000006,19.050365755714285,9.670891346857145
3711,5.319319940571428,5.320031402142858,14.644488611428573,2.955005718428571,2.711934295714286,19.050365755714285,10.395599973857143
3712,5.210945650714286,5.7649113849999996,15.232128650000002,3.1741257242857146,2.7335142864285715,19.183877118571427,11.036122768
3713,5.095457082,6.19390284542857,15.80388013857143,3.5869914095714286,2.7261628534285713,19.333988635714284,11.912602904285714
3714,5.052059974857143,6.384565735571429,16.010194397142858,3.941045702571429,2.661185699,19.31715147,12.241282941714287
3715,4.9655028297142865,6.464008545285716,16.359742964285715,4.303399987571429,2.654071420142857,19.183640107142857,12.688059930285716
3716,4.813731404571428,6.559340018714287,16.48661435714286,4.412959990571428,2.581742847,19.083565611428572,13.042114223142859
3717,4.640379960285714,6.988331451,17.01070008142857,4.850962848428572,2.5528114234285715,19.100165540000003,13.606751375714287
3718,4.510425679714286,6.765891459571428,16.915368778571427,4.876337160857142,2.466254278285714,19.05012829142857,13.606751375714286
3719,4.351539975571429,6.781780066714285,16.931257215714286,5.112294304857143,2.3723457144285716,18.93345409428571,13.724611427142857
3720,4.264745704714286,6.591117176571429,16.75648282,4.969060053857143,2.321834286,18.666431141428568,13.514028454285716
3721,4.112974251285714,6.591117176571429,16.899480115714287,5.011271475999999,2.256857145857143,18.48311976857143,13.783659789999998
3722,3.9178056907142853,6.718225751142858,16.85181435,4.943922923571428,2.170062860857143,18.416482592857143,13.78365979
3723,3.780737131142857,6.559340018714287,16.94714565285714,4.952460069571428,2.126902865285714,18.166297031428574,14.027916868571428
3724,3.708645726142857,6.4957857031428565,16.915368551428568,4.994671491857142,2.170300014857143,17.982748645714288,14.213362485714287
3725,3.7012942932857142,6.575228569285715,16.978922754285712,4.9861343457142855,2.191880019714286,17.81580018857143,14.322922572857141
3726,3.773622852285715,6.575228569285715,16.740594155714284,4.8343629205714285,2.2208114432857147,17.748925774285716,14.07866538142857
3727,3.7880885641428574,6.575228569285714,16.78825992,4.969060025428571,2.2279257222857143,17.73232584714286,13.969105407142859
3728,3.752042833285714,6.686448536714286,16.454599791428574,4.800451462142858,2.256857145857143,17.715488680000004,13.648962571428571
3729,3.8243713922857148,6.591117119857143,16.359268488571427,4.775077149714286,2.2857885694285716,17.715488680000004,13.438142698571427
3730,3.881997085571428,6.511674253714285,15.962291397142858,4.589631420000001,2.328948565,17.849000044285717,13.050651425714289
3731,3.946974211714285,6.32101142,16.02584559857143,4.319999999714286,2.271085703571429,17.88243713857143,12.99160295
3732,4.026417077857142,6.352788577714285,15.676297031428572,4.252651447285714,2.2637342707142856,17.79919981,12.63778567
3733,4.011951394428571,6.305122812714285,15.61274283,4.303399987285714,2.2708485637142855,17.599051271428575,12.494551475714285
3734,4.011951394428571,6.273345654857143,15.453857097142858,4.067442871571428,2.2853142895714282,17.415502660000005,12.519688605714284
3735,4.141905675000001,5.892019959285713,15.533299962857145,3.8146485754285715,2.292428582571428,17.231954048571428,12.452340054285715
3736,4.206882829428572,5.749022834,15.501522861428572,3.6040657155714286,2.234565721285714,17.098442684285715,12.384991501428573
3737,4.29367712857143,5.494805713,15.628631492857144,3.553554273,2.1985200187142855,16.931494227142856,12.300568542857144
3738,4.430745688000001,5.3835856891428575,15.374414231428572,3.292222830714286,2.184054307,16.88145698,11.904539952857144
3739,4.524654237714286,5.018148544285714,15.311097041428571,3.00575423,2.1769400279999997,16.88145698,11.660045747142858
3740,4.611211382714286,4.875151419142857,15.438205672857142,2.913031393428571,2.1553600231428574,16.94833116857143,11.904302825714286
3741,4.7774485478571425,4.986371443142858,16.02608283857143,2.9637799617142853,2.1408942972857146,17.048405438571432,12.28349424857143
3742,4.820845711571429,5.208811462857143,16.137302805714288,3.0816399708571427,2.1121999994285714,17.08184276,12.451865685714287
3743,4.936334280285714,5.335920037571428,16.439185605714282,3.1575256975714288,2.170062860714286,17.08184276,12.519214238571427
3744,5.087868551428571,5.6378028669999996,16.899716899999998,3.3258971352857145,2.2857885692857143,17.065242605714282,12.713197171428572
3745,5.167311417571428,5.717245733142858,16.582182674285715,3.5367171349999995,2.3436514164285716,17.08184275857143,12.334005748571428
3746,5.116800031571429,6.066794270857144,16.089637039999996,3.7978114234285707,2.3941628448571426,17.148479934285714,11.946514248999998
3747,5.037357165428571,6.178014294857142,15.073005568285712,3.8651600041428575,2.4157428497142854,17.29859145142857,10.952174287428573
3748,4.8566542884285715,6.019128562571429,13.150962706,3.7556000012857145,2.437559994285714,17.465540134285714,9.258500011428572
3749,4.726700007857143,5.971462797571429,11.086159937285716,3.6714142824285716,2.459139999142857,17.432102812857146,7.3288685912857146
3750,4.582280015428571,5.844354222857143,8.369925610571428,3.6123657221428576,2.5170028605714285,17.281991295714285,5.002971427714287
3751,4.372882868714286,5.780799963714287,5.495042888714286,3.4017828622857147,2.4736057110000003,17.231954274285716,2.2978828407142857
3752,4.264745761142857,5.6060256807142865,2.9853601007142854,3.1489885801428565,2.4807200039999997,17.03180573571429,-0.09536287542857178
3753,4.250280021,5.240588564142857,0.47567720042857164,2.8373828632857143,2.4807200039999997,16.83165719571429,-2.690891374428571
3754,4.293677184714285,4.827722836428571,-2.3038742742857146,2.4918657162857136,2.5385828512857143,16.564634468571427,-5.539214155714285
3755,4.503311485285715,4.621408577714286,-4.607005677714286,2.466491432142857,2.625140010571428,16.23097434,-8.042019902571429
3756,4.633265765857144,4.637297184857142,-6.306608526142858,2.4496542798571426,2.7406285934285717,16.23097434,-9.971888392428571
3757,4.871594308,4.510188610285714,-7.7678828122857135,2.2810456882857144,2.7695600170000003,16.347648764285715,-11.851008341714286
3758,5.1606714465714285,4.255971461142857,-8.927511409,2.154648547142857,2.8200714454285714,16.38084861857143,-13.401685606142857
3759,5.348488546,4.081434332,-10.182234239571429,2.0365514088571426,2.8634685808571425,16.38084861857143,-14.893314168571427
3760,5.471328575857143,4.0337686235714285,-11.516399823571428,1.9352914121428573,2.913979995285714,16.46408572142857,-16.25854559
3761,5.558122846571429,4.1129743358571424,-12.644251148571428,1.9267542732857141,2.935559986,16.54755983714286,-17.522517
3762,5.449748556857143,4.176291469285714,-13.819531112857144,1.7498457037142856,2.8923999762857138,16.714271282857144,-18.83699991
3763,5.392122835285714,3.8587571585714286,-14.724942504285716,1.6317485618571428,2.8347742547142856,16.881219967142858,-19.730080087142856
3764,5.1466799860000005,3.763425713571429,-16.13855118,1.5699333298333336,2.8347742547142856,17.03133125714286,-20.893028725714288
3765,4.886534299285715,3.7634257135714284,-17.361496795714285,1.4717166661666667,2.813194264,17.248316962857142,-21.794645652857145
3766,4.647968603428572,3.953851393285714,-18.314573951428567,1.658466657,2.8131942640000003,17.58197686571429,-22.519354165714283
3767,4.453037140285715,4.128625676285714,-18.80688257285714,1.8158899919999998,2.777148561428572,17.982511182857145,-22.83119715
3768,4.315731427000001,4.033531385142857,-18.616219740000002,1.7669199875000003,2.741102858857143,18.316171311428572,-22.637451570000003
3769,4.250754244285715,4.065308542857142,-17.695156924285715,1.7865633235000002,2.741102858857143,18.56635709714286,-21.4998773
3770,4.1928913971428585,4.2557342789999995,-15.979665559714286,1.8358099909999999,2.719285714142857,18.69986846,-19.73885430142857
3771,4.293914254142857,4.255734279,-14.820273919714285,1.8428057047142856,2.719285714142857,18.84997997714286,-18.626417161428574
3772,4.308379966,4.208305696285714,-13.517885436857144,1.9101542784285714,2.719285714142857,18.916617152857146,-17.28656010857143
3773,4.315731398857143,4.001991437714286,-11.532525498571431,1.834268573,2.719285714142857,18.900017224285712,-15.146108675142855
3774,4.416754255857143,3.8907714419999997,-9.610719819857142,1.7247085700000002,2.719285714142857,18.766505861428566,-13.334337164714285
3775,4.4383342748571435,4.033531441571428,-7.387031310857142,1.7415457151428573,2.733751426,18.73306854142857,-10.898879969857143
3776,4.474380034,3.8113285758571425,-5.496765621428572,1.631985714,2.7553314167142853,18.733068541428572,-9.00292274157143
3777,4.503311457571429,3.573237131285714,-4.273819891714285,1.5141257154285714,2.769797128571429,18.716231375714283,-7.755551364714286
3778,4.474380033857143,3.3669228585714284,-2.3994428585714282,1.4719142861428571,2.769797128571429,18.76626839857143,-5.7500342184285715
3779,4.626151459,3.382811437428571,-0.31875144728571453,1.4297028567142858,2.8058428311428574,18.816305645714287,-3.7528170922857145
3780,4.806617153857142,3.462254303571428,1.8892856648571428,1.354054283857143,2.7769114075714287,18.96641693714286,-1.8905342528571427
3781,4.965502886142857,3.3830485912857142,4.255971327571428,1.3203800005714288,2.798728552285714,19.116528454285714,0.3258028797142857
3782,5.203831428142857,3.272065749428571,6.178014217142858,1.2781685712857143,2.8060799851428575,19.200002795714283,1.9606656930000004
3783,5.463977114857142,3.3991743239999996,7.957059967714287,1.3203800005714286,2.8060799851428575,19.200002795714283,3.4100828331428574
3784,5.694954252285714,3.415062902857142,9.291462790571428,1.3033057157142856,2.827897129857143,19.13336562,4.539120006
3785,5.911702831857142,3.542171463285714,11.134062736,1.2276571464285715,2.8060799851428575,19.000091494285716,6.148608563428572
3786,6.041657140714285,3.526282884428571,12.563796919,1.2108200012857142,2.748217137857143,18.799942955714283,7.454791396142857
3787,6.113985727857142,3.510394305571428,13.310322577142855,1.227657143,2.726637133,18.516320075714283,8.137288543999999
3788,6.113985727857142,3.526045730571428,13.834645538571428,1.2950057167142859,2.6903542764285713,18.216097041428572,8.634577087714286
3789,6.135802872571429,3.6688057301428567,14.088862688571428,1.3203800008571427,2.6974685552857136,17.932474161428573,8.887371369857142
3790,6.113985727857143,3.716234284714286,14.247748307142857,1.4045657180000002,2.683002843571429,17.66568844714286,9.115028521714285
3791,6.1068714488571425,3.811328575857143,14.40663404,1.5058257181428572,2.65407142,17.432102814285713,9.317311304714284
3792,6.077940025285714,3.843105733571428,14.50196557,1.5900114334285715,2.6251399964285715,17.131642767142857,9.426871392428572
3793,6.012962842571428,3.858994312428571,14.422522817142859,1.632222862714286,2.6180257034285717,16.94809415571428,9.443708558714286
3794,5.940634255428572,3.8589943124285706,14.295414298571428,1.6658971494285717,2.610674284714286,16.79798286428571,9.410034225999999
3795,5.839611370285714,3.7956771508571427,14.041197037142856,1.6405228581428573,2.5817428611428572,16.580997158571428,9.275099995571427
3796,5.629977069571429,3.5575857062857144,13.739314122857143,1.6488228572857142,2.458902873714286,16.33081159714286,9.190914276714285
3797,5.528954240857144,3.4942685728571425,13.596317054285715,1.6066114278571428,2.393925733428571,16.13066305857143,9.148702854428572
3798,5.42769423,3.2879542859999993,13.500985637142858,1.3538171387142859,2.422857157,15.98055154142857,9.115028634714287
3799,5.290388516571428,3.2243999987142855,13.627856917142855,1.3046099945,2.4228571569999997,15.897314438571428,9.359522840428571
3800,5.189128505714286,3.5101571517142856,14.136054090000002,1.5602500096666667,2.4155057382857144,15.780640015714283,9.873648606714285
3801,5.037594234428572,3.859468563857143,14.390034227142857,1.9141066638333335,2.4155057382857144,15.613691331428571,10.25284003014286
3802,5.044708569857144,4.034005692857144,14.961785714285712,2.1011333385,2.4589028737142864,15.51361706142857,10.884825735285714
3803,5.095457138142857,4.478648578285714,15.914862982857143,2.4945533278333336,2.538345725714286,15.413542792857141,11.786442889571429
3804,5.030479955571429,4.684962865142857,16.48661447142857,2.7305499821666666,2.588857154142857,15.296631357142857,12.410128631571428
3805,4.972854234142857,5.288491426428572,17.23314024285714,3.3989766676666666,2.5525742975714287,15.163119994285713,13.252934208571428
3806,4.972854234142858,5.621914287857144,17.503246168571426,3.384945724,2.5670400092857144,14.962971455714284,13.522565657142858
3807,4.980205695285714,6.082682877857144,17.900460498571427,3.764137147142857,2.5743914279999998,14.746222989999998,14.02815410857143
3808,5.045182821428571,6.4163428931428585,18.58366896714286,4.000094291142857,2.5888571397142854,14.546074451428572,14.550579838571428
3809,4.994671378857142,6.654671491714285,19.06032616428572,4.227514289142857,2.6106742844285717,14.362763079999999,14.820211174285715
3810,4.9512742717142855,7.020108664857143,19.346083288571432,4.4971457375714285,2.654071419857143,14.162377301428572,15.123516954285714
3811,4.929457127,7.385545781571429,19.774837482857144,4.800451434,2.6758885645714288,14.029102951428571,15.485871324285712
3812,4.929457127,7.512654356142859,19.870168785714288,4.985897135428572,2.726399979,13.82895441142857,15.603731489999998
3813,4.914991387000001,7.6397629308571435,20.172051587142857,5.103757130428571,2.776911393428571,13.67860576857143,15.907037157142858
3814,4.878708502285714,7.512654299714286,20.076720057142857,4.977359989428571,2.820308543,13.511657197142856,15.881663014285715
3815,4.885822781142857,7.528542850428571,20.155925684285712,5.086920020571428,2.899751409285714,13.344945752857143,16.05880866714286
3816,4.842425617428573,7.639762874428571,19.806377118571426,5.078382874571429,2.892399976428571,13.177997181428571,15.974623061428572
3817,4.7990284537142855,7.655651425,19.774599791428574,5.061545708142858,2.8852856975714287,13.061322871428573,15.99146022857143
3818,4.734051327571428,7.6715400321428575,19.425288464285718,5.044708598285714,2.8852856975714287,12.87777426,15.763803075714288
3819,4.676188480285715,7.830425708000001,19.44117712857143,4.985660009714286,2.863705706857143,12.811137085714288,15.831151514285713
3820,4.560699939857143,7.989311383857142,19.393511362857144,5.095220012571429,2.8494771489999997,12.711062815714286,15.923874322857143
3821,4.495722813714285,8.00519993457143,19.50473133142857,5.154268601142857,2.8350114371428567,12.677625721428571,15.966085632857142
3822,4.365768561428571,7.9575342827142865,19.250751534285712,5.04470857,2.762920003857143,12.61075142,15.847988455714285
3823,4.307905714285714,7.957534282714286,19.139531567142853,4.994197155571429,2.741340013142857,12.527277078571428,15.839451252857145
3824,4.221348569285714,7.70331713357143,18.694888709999997,4.960522879428571,2.7050571565714283,12.410602768571431,15.595193947142858
3825,4.149257136,7.623874267285714,18.806108677142852,4.884637181,2.6616600070000005,12.31052849857143,15.662542387142858
3826,4.055348558,7.480877142142857,18.694888709999997,4.960522936000001,2.618262871571429,12.160417094285716,15.552982412857142
3827,4.098745693428571,7.449100040857144,18.536002978571428,5.028108670714285,2.5893314480000003,12.07717987857143,15.44342243857143
3828,4.113211433571428,7.258437207142857,18.043457342857142,4.733102938142857,2.589331448,11.977105497142857,15.030556795714286
3829,4.2000057044285715,6.940665742285715,17.932237148571428,4.488845802,2.596445726857143,11.94390552857143,14.912696857142857
3830,4.344662822428572,6.861222876142857,18.059345552857142,4.421497221285714,2.6253771504285717,11.927305601428571,14.99711970142857
3831,4.539594257285715,6.813557111142857,18.29767415142857,4.236051519857143,2.6616600069999996,11.910468435714288,14.971745558571428
3832,4.684014277857143,6.686448536571429,18.26589705,3.949582919142857,2.7050571565714288,11.860431301428571,14.820211287142856
3833,4.886297145714287,6.448119994428572,18.17056552,3.6462771944285715,2.7484542919999995,11.860431301428573,14.635002682857143
3834,5.030717138,6.050905663428572,18.218231284285714,3.2922228731428573,2.7629200037142856,11.776957072857144,14.46663135857143
3835,5.146442832285714,5.923797145428572,18.472448321428573,3.1909628622857147,2.755568570857143,11.676882802857142,14.542279874285715
3836,5.261931401,5.7649114131428565,18.599556952857142,3.030654291142857,2.7484542920000004,11.559971367142856,14.50860554142857
3837,5.326908583571428,5.5742485230000005,18.663111382857146,2.8705828598571435,2.726637147285714,11.393022795714286,14.424182697142857
3838,5.427931468714286,5.621914288,18.86942564142857,2.929631420285714,2.7048200025714286,11.292948525714289,14.559117041428573
3839,5.521840018428571,5.669579996428572,19.075976912857147,3.224637167,2.675888579,11.20947429714286,14.828748489999999
3840,5.500259999428572,5.653691445857143,18.853536977142856,3.3678714461428574,2.6398428622857146,11.176037202857145,14.592791487142858
3841,5.427931412142857,6.019128618999999,18.488099747142854,3.6460400124285717,2.610911424571429,11.176037202857145,14.424182922857142
3842,5.427931412142857,6.082682878,16.979159879714285,3.8736971642857148,2.6327285692857147,11.242911504285715,12.915954376285713
3843,5.290625698714286,6.321011476571428,14.485365636,4.050842873571428,2.675888550714286,11.259748669999999,10.455123038857142
3844,5.102808542857143,6.416342949857143,11.562816978857143,4.202377158857144,2.6903542625714287,11.376660105714285,7.649011623428572
3845,4.886297089000001,6.384565791999999,8.084405667428571,4.109654294,2.697705695428571,11.526771510000001,4.345611550428572
3846,4.684014249571428,6.368677241428571,4.3515400241428575,3.9327457104285712,2.726637119,11.676882914285713,0.6039715790000005
3847,4.590105699857142,6.082682934428571,0.12636564699999983,3.5872285635714287,2.770034268571429,11.826994318571428,-3.5253971309999996
3848,4.554059997285714,5.844354335857143,-4.2892343258571435,3.106777150714286,2.8134314181428572,12.010542817142857,-8.016882971000001
3849,4.431219967428572,5.764911469714286,-7.783771596999999,2.938168559142857,2.8134314181428572,12.260728490000002,-11.463517294428572
3850,4.424105688571428,5.764911469714285,-10.722208683285714,2.845445722571429,2.8063171391428576,12.560951298571428,-14.353814428428572
3851,4.467502852142856,5.892019987714285,-13.311334450428571,2.778097141857143,2.8063171391428567,12.878011274285715,-17.041828780142858
3852,4.503548554714286,5.812577121571429,-15.741574427571427,2.6685371671428575,2.8063171391428567,13.278545704285715,-19.586846005714285
3853,4.647968547,5.717245704714286,-17.742822917142856,2.6685371671428575,2.7844999944285718,13.712279988571426,-21.617737464285714
3854,4.741877096714285,5.923797145571428,-19.172320031428573,2.6768371662857144,2.770034282571429,14.095977138571426,-23.17671469142857
3855,4.799739944000001,6.114460035714286,-20.41115431142857,3.0140543,2.748217137857143,14.412800099999998,-24.49143438857143
3856,4.850251386714286,6.289234318714285,-21.618211264285716,3.0645657425714288,2.7119342812857146,14.696422981428569,-25.662920229999997
3857,4.821319963142857,6.114460035714286,-22.77783969142857,3.0140542999999993,2.6903542905714284,14.913171674285712,-26.783657559999998
3858,4.756105654857143,5.8761314937142854,-23.810359487142854,2.929868595428571,2.6903542905714284,15.079883118571427,-27.83704599714286
3859,4.676662816857143,5.764911469714286,-24.60455091142857,2.7949342942857136,2.6974685695714284,15.113082972857141,-28.71328878285714
3860,4.524891391714286,5.796688571,-25.541739402857143,2.7863971482857144,2.7119342814285714,15.22975717,-29.56439466428571
3861,4.3660056875714295,5.86024283,-26.00227069714286,2.9213314282857143,2.7119342814285714,15.31323151142857,-30.053145835714286
3862,4.2576314260000006,5.844354222857143,-26.16115643,2.8537457218571425,2.7408657050000005,15.713765828571429,-30.120494500000003
3863,4.221585723428572,5.6378027820000005,-26.17704509285714,2.6009514327142855,2.7913771194285713,16.264174422857145,-30.044608405714285
3864,4.236051406857143,5.653691332571428,-25.684736697142856,2.5670400025714284,2.812957110142857,16.948331394285713,-29.64027985142857
3865,4.243402839714286,5.9555741901428565,-25.06531967,2.6512257071428573,2.827422821857143,17.632251352857143,-28.764037067142855
3866,4.250517118714286,6.082682764857144,-24.477679744285716,2.853508560714286,2.841888533571429,18.266371302857145,-27.921468614285715
3867,4.257868551571429,5.955574190285715,-23.47693705,2.8198342561428573,2.856354245285715,18.783580042857146,-26.98593988857143
3868,4.315494301428571,5.828465615714285,-22.28576853428571,2.7524856895714285,2.8779342360000006,19.267351462857143,-25.797617107142855
3869,4.3733571768571435,5.510694207571428,-20.983379824285716,2.5419028297142856,2.899514255,19.417462752857144,-24.508271554285717
3870,4.402288600428571,5.335919952857142,-19.299665448571428,2.575577120142857,2.9139799949999996,19.367425505714284,-22.92392040857143
3871,4.416754340571429,5.1770342487142855,-17.457065452857144,2.407205693142857,2.9573771304285716,19.233914141428574,-21.196334504285712
3872,4.517777197428571,4.700377108142858,-15.487356938857143,2.1712485598571427,3.015240005857143,19.100402777142858,-19.49412296857143
3873,4.647968603571429,4.366717121,-13.216002636285717,1.8847799944285715,3.0441714294285718,18.98349134142857,-17.49690573
3874,4.763457172285714,4.223719995714286,-10.849316917428572,1.716171431142857,3.0657514484285713,18.900016998571427,-15.162708603
3875,4.857365721999999,4.128388578857143,-7.688439832714286,1.6317485724285714,3.0802171602857142,18.916616925714287,-11.994242903142858
3876,4.922342848142857,4.144277129428572,-4.035254182285714,1.665422862857143,3.0802171602857142,19.016691195714284,-8.446585694857143
3877,5.095694264,4.207831416714286,-0.47739994799999963,1.6993342858571427,3.087568564857143,19.116765691428576,-5.050699883857142
3878,5.355602824999999,4.271385704,3.0012485448571433,1.8088942922857143,3.0657514484285713,19.26687720857143,-1.604065617571429
3879,5.593931367142857,4.3667171208571425,6.384565735142857,1.9016171464285716,3.0368199965714284,19.383788644285715,1.5729372007142854
3880,5.774397118428571,4.3826056997142855,9.434222796857144,1.9184542917142857,3.015002852,19.417225964285713,4.522282867714286
3881,5.947748534285714,4.319288566285715,11.928017146571431,1.8596428641428573,3.000537112,19.367188717142856,6.957740006000001
3882,6.106634266571428,4.208305696285714,13.357751443285716,1.767157149714286,2.986071400142857,19.283714375714286,8.255385777571428
3883,6.308917106142858,4.128862858428572,14.231385732857145,1.6998085760000001,2.950025669428572,19.133603084285713,8.921045758999998
3884,6.323145720571429,3.97021428,14.660377051428572,1.5985485792857144,2.8921628222857145,18.98349156714286,9.350985750428572
3885,6.243702854428571,3.795677122714285,14.819262897142858,1.4972885754285714,2.841651379714286,18.699868687142857,9.570105812857141
3886,6.121100006714286,3.6529171231428563,14.803374345714285,1.4214028628571427,2.776674253714286,18.34960863142857,9.696502954
3887,6.041657140571429,3.5419342531428564,14.66061440285714,1.354054289142857,2.7335142722857144,17.999111335714286,9.645991567857143
3888,5.976680014428571,3.494268516571428,14.597060087142856,1.3455171467142857,2.6974685697142857,17.698888527142856,9.620617311999998
3889,5.919054292999999,3.494268516571428,14.501728669999997,1.362354290142857,2.6685371461428575,17.38206579142857,9.60378014557143
3890,5.752817156,3.399174225428571,14.215971431428569,1.3033057192857143,2.6469571554285714,17.048405662857142,9.477383004571427
3891,5.796214263142858,3.399174225428571,14.025308598571428,1.2613314332857144,2.7264000215714286,16.78138270857143,9.325611607571428
3892,5.832260022142857,3.383285646571428,13.866422752857144,1.2263133363333332,2.7553314451428568,16.53119692142857,9.106491545142857
3893,5.839374301142857,3.4783799377142857,13.914088405714285,1.2852433361666666,2.7769114358571434,16.34764831,9.157002931142857
3894,5.8683057247142845,3.637028516142857,14.00941982142857,1.4719933311666666,2.8200714172857144,16.264411207142857,9.140165764857143
3895,5.832260022142857,3.5258085345714285,14.3746197,1.4426666626666667,2.8129571384285716,16.16433693857143,9.578405776857142
3896,5.795977137428571,3.811565687571428,14.851039771428571,1.7079899916666665,2.8708199855714285,16.064262668571427,9.940760033285715
3897,5.745465694857144,3.9384371364285715,15.422791147142858,1.9143833268333335,2.8997514091428576,15.980788327142857,10.421211467428572
3898,5.521602836428571,4.319525706285715,15.94687687,2.454989996666667,2.8131942641428576,15.797476955714286,10.99414858342857
3899,5.297739978,4.668837174857143,16.486851144285716,2.491628572857143,2.784262840571429,15.647365665714284,11.887465660000002
3900,5.102808543,4.827722907285714,16.852051134285713,2.8120085614285713,2.755331416857143,15.447217127142858,12.435265646000001
3901,4.886059963428571,5.193160080428571,17.29669399142857,3.073102849857143,2.733751426142857,15.197031567142856,13.109462772857144
3902,4.849777078714285,5.701357239000001,17.280805554285713,3.3341971275714286,2.748217137857143,14.996883027142857,13.134599902857145
3903,4.719822826428571,6.050905805,17.55091125428571,3.4437571304285717,2.683240011857143,14.813334415714285,13.690936978571429
3904,4.7632199900000005,6.559340075142857,17.836905617142857,3.8819971421428576,2.6832400118571433,14.646623197142858,14.213362708571427
3905,4.857128596142857,6.972442900142857,18.202342847142855,4.067442871714286,2.7337514261428573,14.546548927142856,14.643302644285713
3906,5.008899993,7.560082826,18.869425865714284,4.530819985428572,2.7771485615714284,14.546548927142856,14.98028275857143
3907,5.138854301857143,7.941408493142857,19.377622925714288,4.741402845285714,2.8276599759999996,14.579749008571428,15.401685604285714
3908,5.203831428,8.306608484142858,19.885820212857144,5.1122942479999995,2.8421256877142858,14.696423205714284,15.924111335714286
3909,5.138854301857142,8.544937026142858,20.15592591142857,5.36508855842857,2.870819957428572,14.829934569999997,16.22765413
3910,5.167785725428571,8.719711309142857,20.409905934285714,5.685231421285715,2.9068656598571434,14.896571745714283,16.244491297142854
3911,5.131502840714285,8.815042726,20.34635173285714,5.7020685311428565,2.950025669571429,15.063282964285714,16.143468298571428
3912,5.059174253428571,8.735599859857144,20.298685968571426,5.643019942571428,2.9355599577142857,15.22999441,16.12663113142857
3913,4.929220001142857,8.354511318285715,19.901708649999996,5.567134244142857,2.921094245857143,15.363268534285714,15.806488184285714
3914,4.856891413857142,8.545174152,19.822503022857145,5.668394255,2.9139799668571436,15.413305555714286,15.696928210000001
3915,4.7774486042857145,8.100531294857143,19.218974432857145,5.297502852285715,2.8995142551428574,15.396705628571427,15.182802555714286
3916,4.734288622857142,8.195862711714286,19.218974432857145,5.280665685857143,2.8852856972857146,15.446742875714284,15.29236253
3917,4.647494323857143,8.068754193714286,18.90143998142857,5.1374313784285714,2.841888561857143,15.58025424,15.174265352857143
3918,4.539120062428571,8.036977092428572,18.964994182857144,5.179642800714285,2.747979983857143,15.696928662857143,15.33433682714286
3919,4.430745772714286,7.830425708142857,18.583668515714283,5.011034237428571,2.6974685554285713,15.86387712,15.0476312
3920,4.358417185428571,7.81453715742857,18.329451479999996,4.775077093428571,2.65407142,16.04742573142857,14.870485547142858
3921,4.213997193142857,7.417322939571427,17.63035434714286,4.378811378142857,2.5672771351428567,16.331048612857142,14.508131289999998
3922,4.149020038714286,7.369657231142857,17.741574314285714,4.429559946428571,2.5022999948571427,16.68130844285714,14.584017045714287
3923,4.040645720714286,7.051885822857143,17.45557995142857,4.463234222714285,2.4370857147142857,16.914894075714283,14.162614312857142
3924,4.004600018142857,6.893000090428572,17.264917117142858,4.471771368714285,2.408154291142857,17.18191702857143,14.05305433857143
3925,3.9830200272857144,6.734114357999999,17.217251352857144,4.185302810428571,2.3792228534285713,17.398902734285716,13.867608722857144
3926,3.9687914411428573,6.400454342714285,17.05836562,4.025231364857143,2.3718714347142855,17.398902734285713,13.749748671428572
3927,4.041120028428572,6.336900027142858,16.931256988571427,4.126491347428571,2.3502914298571427,17.33226555857143,13.834171515714285
3928,4.236288589,6.241568610285715,17.36024842142857,4.194077053857143,2.4155057239999995,17.28222853714286,13.926894324285714
3929,4.344662850571429,6.162125744,17.423802624285717,4.033768482571429,2.4370857288571424,17.215591361428572,13.969105632857142
3930,4.467502852142857,6.273345768,17.66213122285714,3.9327456538571433,2.4444371475714286,17.198754195714283,14.306085521428571
3931,4.597457132571429,5.955574303285715,17.757462752857144,3.5703913829999996,2.451788566285714,17.18191702857143,14.188225582857141
3932,4.77792282742857,5.876131437142858,17.805128517142858,3.5786914032857142,2.5456971301428566,17.165317101428574,14.188225582857145
3933,5.023365676714286,6.178014294714286,18.329451252857144,3.705088544428572,2.5819799865714286,17.215354348571427,14.634765558571429
3934,5.1967170927142865,6.035017169571428,18.91709117857143,3.553317147428571,2.625377136142857,17.19851718142857,14.88755984
3935,5.312205661428571,6.082682878000001,19.060088247142858,3.477431449,2.6469571268571426,17.16507986,14.87902275
3936,5.471091393714286,6.225680003285715,18.94886828,3.401782876285714,2.726399993,17.131642765714282,14.541805624285713
3937,5.5936942414285715,6.2256800032857145,18.55165394857143,3.334434295571429,2.8129571522857146,16.948094154285716,14.044754262857142
3938,5.651557088714286,6.336900027142856,18.15443961714286,3.4186200001428575,2.8779342925714286,16.531196922857145,13.505491365285712
3939,5.709419936000001,6.193902901857143,17.058365394285715,3.3512714194285715,2.892400032571429,15.947113994285715,12.587037044571428
3940,5.608397107285713,5.892020044285715,15.581202628571429,3.2502485624285713,2.885048599714286,15.396468274285713,11.028059929714285
3941,5.5000228174285715,5.764911469714286,13.564065588857142,3.115314275428571,2.863231455,14.962734102857143,9.174077082714286
3942,5.333785680428571,5.717245761285715,12.293217081714285,3.1067771294285715,2.841651464285714,14.49579985,7.977454168428571
3943,5.297739977857143,5.351808616428571,11.387805690285715,2.980379988285715,2.8056057335714284,13.895117107142857,7.252745597714285
3944,5.218297111571429,4.85950002257143,8.640031430285713,2.466254278142857,2.8200714454285714,13.461382935714285,4.505445588142858
3945,5.283274237714286,4.573742869571428,6.861222876571428,2.396060001,2.8490028689999995,13.327871572857143,2.8115341862857144
3946,5.218297111571429,4.335414299285714,5.685942854571429,2.199349994,2.8129571382857144,13.311271532857143,1.5980741901428577
3947,5.297739977714286,4.224194303571428,5.161620005571428,2.0419266756666667,2.8708199854285716,13.378145834285714,0.9241142167142861
3948,5.369831382857143,4.176528595142857,5.193397163285714,1.8551766723333334,2.9142171208571432,13.528494364285715,0.8482285041428573
3949,5.5649999999999995,4.065308571142857,1.9848543690000002,1.6487833246666668,2.9502628234285715,13.77868015142857,-2.387585833
3950,5.723885675857142,4.192417174,-2.4307456038571433,1.678109993166667,2.9863085541428576,14.09574001285714,-7.081354400857143
3951,5.854077110285714,4.192417174,-2.0019912972857146,1.8944633196666667,2.9718428422857146,14.329325645714286,-6.862234338428571
3952,5.8901228692857135,4.223957177857143,-2.6057570124285716,1.842568558,2.9789571495714284,14.529474184285712,-7.468845731285714
3953,5.919054292857142,4.192417174,-5.861965627571429,1.7498457072857143,3.000537140285714,14.92977137428571,-10.932317193
3954,5.854077110285714,4.033768623857142,-7.116688515,1.4719142737142856,3.000537140285714,15.346668605714287,-12.095265746571428
3955,5.774634244,3.7639000638571423,-11.230642755857142,1.5392628474285714,3.022117159285714,15.730365755714287,-16.173885732714286
3956,5.630214195142857,3.478142910857143,-9.769131386285716,1.4382399975714286,3.029231466428571,16.030588564285715,-14.547559953
3957,5.370068508428572,3.2559400168571426,-6.862471435714285,1.3791914301428572,3.014765726428571,16.380848621428573,-11.404231354
3958,5.239877074,3.2874800207142854,-6.052391405428572,1.4297028585714286,3.0221171309999995,16.831420185714286,-12.262293298000001
3959,5.088342746285714,3.2559400168571426,-5.972948567571429,1.3452800035714285,3.000537112,16.981531702857144,-11.947723340666665
3960,5.023365620142857,3.3669228587142856,-2.796182818571428,1.3284428584285715,3.029468563857143,17.01496879714286,-8.074389974
3961,5.016014215571429,3.509682858142857,-1.7480113719999992,1.5473257174285713,3.0510485828571428,16.964931548571432,-6.924286655833332
3962,5.102808542857143,3.700108580142857,2.111725719714286,1.496814288857143,3.0799800064285714,16.864620040000002,-2.5786833341666666
3963,5.131502840714285,3.9223114175714286,2.9692343044285714,1.505114288,3.087331411,16.64787157285714,-1.6642999988333331
3964,5.1893656880000005,4.160402862142858,3.2870057268571427,1.5809999934285714,3.1091485555714287,16.481160127142857,-1.202266677333333
3965,5.218297168142857,4.351065695857143,3.366448536428571,1.6651857052857142,3.1162628628571434,16.214137174285714,-0.8622828661428569
3966,5.261694331714286,4.557379982714286,4.748517152428572,1.8591685632857142,3.152308593571429,16.197537020000002,0.36801426814285715
3967,5.319320053285714,4.462048565857143,5.590374284,1.9013799925714285,3.1596599981428573,16.080862822857142,1.1434714347142858
3968,5.377182900428571,4.446159987,6.479897181,1.8257314215714284,3.167011431,15.89731421142857,2.011414284
3969,5.398762863,4.462048537714285,7.226422896428572,1.7920571348571426,3.1743628638571435,15.814077108571427,2.820308587
3970,5.449511431285714,4.493825695571428,8.179500052142858,1.867942847428571,3.174362863857143,15.914151378571429,3.6965514424285715
3971,5.521840018571429,4.446159987142857,9.259448684857142,1.825968565,3.2393400182857137,15.91415137857143,4.631842844142858
3972,5.666260010857143,4.3349400195714285,10.196637289857142,1.7669199975714285,3.239340018285714,15.947588471428572,5.432200013571429
3973,5.861191445857143,4.191942866142857,10.911385846285713,1.6488228555714286,3.2322257111428576,15.89755145,6.030511499142857
3974,6.034542861714286,4.239608574571429,11.753005795714285,1.5983114271428573,3.2248743065714294,15.830677035714285,6.662497147857143
3975,6.157382891571429,4.366717149142858,12.404437162857144,1.640285714857143,3.1959428547142856,15.997625719999998,7.168322837714286
3976,6.294688604857143,4.319288594571429,12.992314327142859,1.6402857148571428,3.1670114028571428,16.09769999,7.615099938999999
3977,6.439108597142856,4.1606400442857145,13.532525727142858,1.5475628607142855,3.1451942582857138,16.11429991714286,7.994528487857144
3978,6.540131425714285,3.986102886999999,14.088625564285715,1.412628579,3.0583999592857145,16.19753702,8.432768499571429
3979,6.540131425714286,3.954325729285714,14.549156971428571,1.412628579,2.993422804857143,16.280774122857142,8.904682787142857
3980,6.453337154857143,3.970214308142857,14.72369413,1.4463028622857141,2.935559957714286,16.33081114428571,9.148939866571428
3981,6.330734307285714,4.017880016571429,14.787248558571426,1.5221885748571429,2.870582803285714,16.364248238571427,9.351222762714286
3982,6.236825700999999,3.986102858857143,14.866454185714286,1.6234485787142856,2.8127199561428573,16.280773897142858,9.59547995557143
3983,6.0561228805714284,4.049419992285714,14.866454185714286,1.7498457232857143,2.7259256854285714,16.01375117,9.772388595714286
3984,5.882771464714286,4.096848546857143,14.834677084285715,1.8594057155714288,2.675414271,15.797002704285713,9.949297235857141
3985,5.709420048857143,4.176054259142857,14.771122881428573,1.9775028591428574,2.617788563571428,15.56365431142857,10.058857210571428
3986,5.666260010857143,4.207831416857143,14.612474275714288,1.9860399980000003,2.646719987142857,15.330305918571426,9.898785737142857
3987,5.666260010857143,4.271385675857143,14.517379984285714,2.0367885662857144,2.65407142,15.046683151428569,9.806062928857143
3988,5.716771453428572,4.382605699857144,14.390508365714284,2.129511431142857,2.6685371318571427,14.879971932857142,9.628917276
3989,5.7599314914285715,4.382605699857143,14.327191401428573,2.1714857135714287,2.711934267285714,14.629786258571428,9.485682968285714
3990,5.810680059714286,4.462048566,14.247748534285716,2.1968599977142858,2.776911393428571,14.529711875714286,9.350748624714285
3991,5.861191502285713,4.271622858,14.168305667142858,1.9609028608571428,2.827422807857143,14.346163264285712,9.274862869714285
3992,5.911702944857142,4.573505743857143,14.787722921428571,2.0282514274285712,2.885048515285714,14.279288849999999,9.670891459857144
3993,5.889885800285714,4.780057184714286,15.105257260000002,2.1546485685714285,2.9139799388571426,14.1623773,10.058620086142856
3994,5.861191502428571,4.843611500285715,15.549900117142856,2.2388342874285714,2.9139799388571426,14.279051609999998,10.488560021142856
3995,5.73835147257143,4.875388601428571,16.04220873857143,2.3566942824285713,2.9068656598571425,14.345688558571428,11.053197061142855
3996,5.680725751,5.3838228432857145,16.661625765714284,2.668537153142857,2.906865659857143,14.429162787142857,11.811580020285716
3997,5.637328587285714,5.812814275571428,17.50348295428571,3.014054314142857,2.863705678428572,14.57927419142857,12.797620018000002
3998,5.557885721142858,6.241568553857142,18.250008612857144,3.5281800172857136,2.8494771205714287,14.67934846,13.58137712
3999,5.442397152428571,6.400454229714286,18.72642857,3.890534316571429,2.8134314180000004,14.729385707142855,14.205062861428571
4000,5.377420026285714,6.765891346285715,19.32995716,4.353911458428572,2.719522854142857,14.846297257142854,14.845348529999999
4001,5.240114312857143,7.448862745428571,19.774600017142856,4.9353857492857145,2.668774285857143,14.829697102857143,15.603731375714286
4002,5.167785725571428,7.877854177714285,20.155688672857142,5.162805747285715,2.646957141142857,14.87973435142857,16.101019975714287
4003,4.979968569714286,7.941408493285714,20.26690864,5.365088586857143,2.603560005714286,14.87973435142857,16.49704834
4004,4.828197172857143,7.861965626999999,20.203354211428568,5.398762863142857,2.5962085727142856,14.746460227142858,16.572933982857144
4005,4.698242864,8.163848484571428,20.01269137857143,5.626182889285714,2.545460004428571,14.696423092857144,16.54755984
4006,4.633265681285715,8.275068452000001,19.869694084285715,5.718905754,2.545460004428571,14.579748782857141,16.480211174285717
4007,4.5248913914285716,8.163848428142858,19.55215985857143,5.592508613000001,2.5743914422857137,14.446237305714286,16.33697686714286
4008,4.438097092428572,7.878091303428573,19.393511364285718,5.432437195714286,2.596208587,14.396200284285714,16.101019751428574
4009,4.337074263714286,7.528542737428572,18.996534271428573,5.314577200714285,2.5672771634285714,14.312725942857142,15.865062635714287
4010,4.409165668714286,7.226659879857144,18.583431502857145,5.0871571744285715,2.617788606,14.179214579999998,15.317262761428571
4011,4.438097092285714,7.353768398000001,18.55165440142857,5.0871571744285715,2.6467200297142854,14.012265895714284,15.07276866857143
4012,4.517539958571429,7.226659823428571,18.56754306428572,5.112531430285714,2.6901171651428575,13.828717284285716,15.039094335714285
4013,4.596982824857143,7.337879903857143,18.53576596285714,5.163042816428572,2.704582877,13.611731578571428,15.123280167142857
4014,4.611448565000001,7.512654243285715,18.774094561428573,5.365325656,2.7335143005714286,13.361545791428572,15.249677307142859
4015,4.705357142857143,7.258437094142857,18.472211534285716,5.129368483857143,2.769560003,13.044485704285714,15.03055735857143
4016,4.799265692714286,7.337879960285716,18.392768668571428,5.120831337857142,2.827422850285714,12.677625720000004,14.912460181428571
4017,4.835548577428571,7.7033171334285715,18.90096572857143,5.306039941857143,2.7987285524285714,12.477477067142859,15.274814438571429
4018,4.83554857742857,7.766871449,18.75796866,5.440737046714285,2.813194264142857,12.34396559142857,15.359000044285716
4019,4.763220046714286,7.814537157428572,18.789745761428573,5.2467542275714285,2.806079985142857,12.227291281428574,15.384374187142857
4020,4.719822939571428,7.671539975714286,18.4881002,4.9517485514285715,2.7989657061428566,12.060579837142857,14.954671264285716
4021,4.784800065714286,7.369657061571429,18.186217171428574,4.606231432714286,2.813194264,11.927068474285715,14.718714148571426
4022,4.914991500285714,7.560319951714286,18.599320165714285,4.707254317857142,2.8131942639999994,11.743519975714287,14.853411252857144
4023,5.016014385428571,7.83042565157143,19.028311597142856,4.791677162285714,2.834774254714285,11.593171445714287,15.148417070000002
4024,5.1099229351428574,7.639762761428572,18.742554472857144,4.631605745,2.8490028125714284,11.326148605714284,14.836811324285716
4025,5.30485437,7.449099927714285,18.94910597,4.463234363857143,2.8850485434285713,11.126000067142858,14.853885502857143
4026,5.471091506857143,7.607985659999999,19.473191692857142,4.522282896,2.899514255285714,10.909014361428572,15.04763131
4027,5.579465796571428,7.671539975571429,19.536745894285712,4.412722893142857,2.8850485435714286,10.758902844285712,15.131817142857143
4028,5.673374346285714,7.623874267285714,19.77507449285714,4.294862898142858,2.863468552857143,10.591954274285715,15.199402821428569
4029,5.759931491285714,7.4808770855714295,19.822503020000003,4.202140033285715,2.8490028411428567,10.54191714,15.199402821428572
4030,5.911702888142857,7.004219945000001,19.72717149,3.8566229004285715,2.8347742832857143,10.54191714,14.79483703
4031,6.048771475857143,6.924777135285715,20.124148581428575,3.7050886008571426,2.8347742832857143,10.525317099999999,14.929534135714286
4032,6.106634323000001,6.829445718571428,20.219479885714286,3.6628771785714287,2.805842831428571,10.55875430714286,14.786062815714283
4033,6.243702854285715,6.670559986285714,19.90194566,3.6460400687142855,2.856354245714286,10.658828577142858,14.440545611428572
4034,6.352077144142858,6.5116742538571435,19.504731330000002,3.822948652285714,2.9502628235714288,10.675428617142858,13.926419844285716
4035,6.482031452857143,6.607005727142856,18.249771374285714,4.025231519999999,3.0512856804285713,10.792340052857144,12.594862755857141
4036,6.409939991285714,6.7658914594285715,16.24852277171429,4.151628660999999,3.0657513921428574,10.80917721857143,10.69060562
4037,6.330497125142856,6.940665742428572,14.882342848857144,4.3285372305714285,3.1378428254285713,10.826014385714286,9.384422786857144
4038,6.207894277571428,6.940665742428572,13.770617200285715,4.429560087571429,3.174125681857143,10.892651561428574,8.600902810142857
4039,6.106871392428571,6.908888584571429,11.133825795571427,4.227277191571429,3.2319885572857143,10.942688695714287,6.0644227872857135
4040,5.962451400142858,6.797668617142856,7.2740885344285715,4.092580030142857,3.2535685762857143,10.976125902857145,2.356694275857142
4041,5.93351992,6.797668617142856,3.620902882857142,3.856860011857143,3.260682855285714,11.126237307142858,-1.2668485184285712
4042,5.803565611285714,6.543451468,0.19015716714285677,3.604065701571429,3.2680342881428572,11.276348711428572,-4.612222887142857
4043,5.832259909285715,6.4640086018571425,-2.5893941945714283,3.334434253142857,3.3403628754285712,11.55997148,-7.553268645571428
4044,5.853839928285716,6.591117176428571,-6.115471441714285,3.410319979857143,3.3403628754285712,11.793557112857142,-10.991365709571427
4045,5.969328496999999,6.352788577857145,-10.149982760285713,3.208037112,3.3619428944285707,12.127217127142858,-15.297642719999999
4046,6.084817065714286,6.336900027285715,-12.659665561285715,2.9974542662857147,3.354828615428571,12.327365665714286,-17.960519884285713
4047,6.2581684815714285,6.114460035857143,-13.851071201571427,2.7361228381428577,3.3258971918571425,12.527514204285714,-19.50265994714286
4048,6.2870999617142855,5.955574303571429,-15.010699854285715,2.744422830285714,3.3187829128571438,12.711062815714287,-20.92670283142857
4049,6.265519999142858,5.844354279571428,-16.17032850714286,2.6263256954285716,3.2609200657142856,12.894611312857142,-22.123325577142857
4050,6.1860771329999995,5.367934292857143,-16.265660037142858,2.3061828502857145,3.203057190285715,13.061322757142857,-22.039139745714287
4051,6.085054304285714,4.891277180428571,-15.153934274285715,1.8764799862857142,3.195942911285715,13.22803420142857,-20.93523980857143
4052,5.875657129285714,4.9389428888571425,-16.17056585857143,1.733245707142857,3.1959429112857145,13.394982885714285,-21.887368235714288
4053,5.629977126142857,4.732391448,-16.885314415714284,1.7922942815714287,3.188591478428571,13.611968704285715,-22.350745264285713
4054,5.406114324142857,4.462522845571429,-17.218974544285715,1.7922942815714287,3.2464543255714284,13.912191625714284,-22.325608132857138
4055,5.2616942752857145,4.097322854571428,-16.29767449,1.6744342864285715,3.260920037428572,14.479437274285715,-21.00258824571429
4056,5.211182832714286,4.144988563,-15.789477204285713,1.6575971341428573,3.2464543255714284,14.863134424285715,-20.37060254
4057,5.175137130142858,4.192417145714286,-14.058334301714284,1.8598799984285717,3.2898514891428574,15.046683035714285,-18.626179808714284
4058,5.182251409142857,4.255971433,-13.470457137142857,1.9777399917142857,3.289851489142858,15.313705988571428,-17.909771259571425
4059,5.210945707,4.144751465571429,-9.706051348714285,1.9945771298571426,3.282737210142858,15.480417207142855,-14.134694335857143
4060,5.304854313285714,4.224194331857142,-6.2274028555714285,1.986039983857143,3.2900886430000003,15.61369133142857,-10.755645832571428
4061,5.340900015857143,4.462285776428572,-2.716977091571429,1.9860399838571428,3.2177600840000005,15.697165447142854,-7.148940050142856
4062,5.3624800348571435,4.700377192857142,-0.08018567300000015,2.078525694857143,3.2104086511428567,15.497016908571426,-4.486062857999999
4063,5.43457144,4.525840063714286,3.5414599454285716,1.977502845,3.2611572194285716,15.446979887142858,-0.9130314501428571
4064,5.477968603571428,4.557617193285714,5.002971399285714,1.8511056968571429,3.2682714984285712,15.513617062857145,0.5278486005714286
4065,5.557411469714286,4.478174327142857,6.686685662428572,1.7332457035714284,3.2827372102857137,15.463579815714285,2.1710114341428572
4066,5.593694354428572,4.366954303142857,7.512654244000001,1.5985485668571429,3.2753857774285713,15.463579815714285,3.1570514041428575
4067,5.637091461571429,4.128862858428571,8.672045658,1.4889885692857143,3.268034344571429,15.61369133285714,4.34537427
4068,5.788862858428571,3.9702142799999995,9.720454286857143,1.3540542858571427,3.275385749142857,15.74720292285714,5.205017084714285
4069,5.947748590714285,3.7480114424285706,10.800639959714285,1.1351714302857143,3.2464543255714284,15.94735146142857,6.0224484914285705
4070,6.085054303999999,3.748011442428571,11.896477114142858,1.0761228575714286,3.203057161857143,16.06402565857143,6.940902811571427
4071,6.200542872714286,3.6370285724285716,12.785762829142856,1.017074284857143,3.1596600264285715,16.080862824285713,7.716359949857142
4072,6.2873371435714285,3.5419342812857137,13.643271442857143,0.932651428,3.1307285745714286,16.013988635714288,8.407394243714284
4073,6.431757136,3.5260457024285716,14.310354234285713,1.0758857107142856,3.1091485555714287,15.997388708571426,8.887608608571428
4074,6.5330171468571425,3.573474285142857,14.786774192857141,1.1180971382857143,3.0731028248571426,15.980788781428572,9.266800031714284
4075,6.482505760857143,3.8274542804285714,14.913882711428572,1.3203799882857141,3.044171401285714,15.96395161428571,9.42687150542857
4076,6.439108597285715,3.954325701142857,14.993088565714286,1.4636142710000002,3.0010113915714287,15.91391459285714,9.570105812285714
4077,6.36678006657143,4.081197121857143,15.024865667142858,1.6322228395714284,2.9649656891428573,15.680328959999999,9.654291531428571
4078,6.323382903000001,4.239845700285714,15.040754104285714,1.7922942621428573,2.9649656891428573,15.530217442857142,9.696265828
4079,6.200542873142857,4.382605699857143,14.977436914285716,2.0114142645714286,2.907102842,15.513617288571428,9.755314416714286
4080,6.092168583285714,4.430271436428572,14.930008388571428,2.002877118571429,2.871057139571429,15.430142945714286,9.822900094857145
4081,6.005374312428572,4.477937144857143,14.850802761428572,2.061688549714286,2.849477148857143,15.146519951428571,9.831437184428575
4082,5.947511408714285,4.334940019571429,14.771359894285714,1.9858028442857143,2.8494771488571424,14.863134310000001,9.839974274000001
4083,5.896999966142857,4.239608602714286,14.549156971428571,1.901379992714286,2.849477148857143,14.54607422142857,9.663065747428572
4084,5.8104428210000005,4.128625760857143,14.295177061428573,1.8086571385714287,2.8421257159999995,14.445999838571428,9.637928503142858
4085,5.795977137428571,4.128625760857142,14.26339996,1.7496085711428573,2.8276599759999996,14.229014132857143,9.58741711714286
4086,5.868305724714287,4.017642890857142,14.263399960000001,1.4209285622857142,2.8855228231428574,14.062065675714285,9.604254283428572
4087,5.918817167285715,4.049419992142857,14.723931480000001,1.3787171399999998,2.9720799682857146,13.911954385714285,10.067631425285715
4088,5.933282850857142,4.065308571,15.184462774285716,1.404091417,3.029705689714286,13.911954385714285,10.412911503428571
4089,5.95509999542857,4.319525720285714,15.74032559857143,1.6317485617142857,3.1091485560000005,13.811642877142857,10.93533723442857
4090,5.95509999542857,4.637297128571428,16.28029976,1.8594056924285713,3.166774277428572,13.811642877142857,11.592460069571429
4091,5.998497102571428,5.066051378571428,16.995048204285713,2.1712485524285716,3.2101714127142857,13.845080084285714,12.106348710999999
4092,5.998497102571428,5.479154260142857,17.630591134285716,2.5758142950000003,3.217522845571428,14.128702965714284,12.780545838714287
4093,5.9406342552857145,6.035017113,18.377116791428573,3.165825717857143,3.210171441,14.312251577142856,13.454742852857143
4094,5.854077110142858,6.368677128428572,18.75820522,3.6462771237142855,3.1523085937142854,14.395725918571427,13.648488545714287
4095,5.774634300428572,6.638782828285714,18.94886828,3.9244456899999998,3.1233771701428568,14.37912599142857,14.027916981428572
4096,5.687840029714287,7.083662754571429,19.3776227,4.253125670571428,3.0368200250000004,14.462600219999999,14.643065520000002
4097,5.6083972200000005,7.3537684542857145,19.997039952857143,4.649154260142857,3.0223543132857142,14.362525951428571,15.216239762857144
4098,5.507137265714285,7.607985603571429,20.266908639999997,4.834362835857142,3.000537168714285,14.279051609999998,15.452196878571428
4099,5.406114380571429,7.607985603571429,20.39401727,4.994434253142857,3.0076514758571427,14.062065904285713,15.637642494285714
4100,5.297740090857142,7.735094234714286,20.37812883285714,5.137668560571428,2.971605745,13.911954387142856,15.806013932857143
4101,5.225411503714285,7.973422776714287,20.568791667142854,5.230391425285715,2.9571400049999994,13.86191714,16.21911670142857
4102,5.117037214,7.957534226142857,20.457571472857143,5.162805718857143,3.0078885732857144,13.811880005714285,16.058808214285715
4103,5.109922935,7.7192056841428585,20.171814348571427,5.002734301714286,3.0944457184285716,13.645168561428573,15.74696545714286
4104,5.117274339571429,7.7350942348571445,20.028817280000002,4.901474290857143,3.1089114301428573,13.728642902857144,15.637405482857144
4105,5.102808599571429,7.703317133571429,19.917834324285714,4.926848546857143,3.123377170142857,13.662005727142857,15.67131682857143
4106,5.016251454428571,7.750982841999999,19.83839145857143,4.817288515714286,3.051285722714286,13.578768511428573,15.713291125714287
4107,4.936808588142857,7.8145370444285716,19.98115128857143,4.893174214142857,3.029705732,13.478694241428572,15.848225468571428
4108,4.9512743281428575,7.735094178285714,19.901708421428573,4.850962792,3.008125741285714,13.39521989857143,15.75550266142857
4109,4.987320030571428,8.036977035857143,20.203591448571427,5.112294248428571,2.9142171632857137,13.428656992857144,16.235954095714284
4110,4.914991443428571,8.116419958571429,20.283034314285715,5.221854279571429,2.8276600181428573,13.445257032857143,16.286465594285712
4111,4.871594279857143,8.052865699571429,19.822502794285715,5.120831450857142,2.762682863857143,13.295145515714285,15.873599837142857
4112,4.835548577285714,7.989311384000001,19.822502794285715,5.1208314508571435,2.7482171238571422,13.195071247142858,15.881900027142859
4113,4.871594279857143,7.909868517714286,19.838391231428574,4.986134317714286,2.798728552285714,13.24510838142857,15.789177218571428
4114,4.914991443571429,7.528542850428572,19.20308554,4.733340035571429,2.813194264142857,13.228508341428574,15.148654424285715
4115,4.8644800009999996,7.385545781714286,18.504225647142857,4.396360034571429,2.8421256877142858,13.211671288571429,14.567180217142859
4116,4.900762829285715,7.226660049285713,18.250008385714285,4.253125727142858,2.8781713902857144,13.128196945714285,14.16261453857143
4117,4.9873199742857155,7.163105733714285,18.250008385714285,4.042305713285715,2.906865688142857,13.128196945714288,14.103565837142856
4118,5.052297156857143,7.020108608428571,18.567779849999997,3.9327456821428575,2.914217121,13.128196945714285,14.271937275714285
4119,5.131740023,6.845334325428572,18.218231284285714,3.713625704428572,2.9071028420000005,13.244871255714285,13.918119995714287
4120,5.312205774285714,6.718225750857143,18.392768441428576,3.7050885584285713,2.9360342655714287,13.311508431428573,13.952031341428574
4121,5.3916486404285715,6.861222876142857,19.04396279714286,3.772437139142857,2.9286828327142858,13.428182741428571,14.440782625714286
4122,5.500022930142857,6.734114301571428,19.663379824285716,3.8819971421428576,2.8926371301428575,13.478219875714286,14.946371189999999
4123,5.586580075285714,6.543451468000001,19.53627119285714,3.6375028521428567,2.863705706571429,13.394745647142857,14.81997404857143
4124,5.651794383714285,6.352788577857143,19.710808124285712,3.6292028318571434,2.827659975857143,13.294671378571428,14.954908391428575
4125,5.724122914428571,6.257457161,19.805902415714286,3.6714142541428574,2.827659975857143,13.244634244285715,15.05616840142857
4126,5.8251457431428575,6.114460035714286,20.377653904285715,3.7050885304285717,2.827659975857143,13.11112288,15.460496954285714
4127,5.8035657241428575,6.082682878,20.171339645714284,3.5786913892857144,2.7771485615714284,12.910974341428572,15.207702785714286
4128,5.911940014000001,5.97146291057143,20.044468252857143,3.494505670428571,2.7987285522857137,12.744262897142859,15.089842847142858
4129,6.005848563857143,6.193902902,19.695156925714286,3.4859685244285714,2.856354273857143,12.694225762857142,14.744325644285713
4130,6.063711467571429,6.209791452571428,19.631602722857142,3.5198799545714285,2.921331428142857,12.810900072857143,14.39880844142857
4131,6.1358028725714275,6.336900027142858,18.631097154285715,3.5198799545714285,3.015240006142857,12.910974341428572,13.446679789
4132,6.1358028725714275,6.527562860857143,17.185711375714284,3.5957656529999995,3.0802171604285715,12.910974341428572,12.073148404285714
4133,6.121337189,6.670559986142857,15.660882844285712,3.503042816428571,3.1380800358571435,13.027885664285716,10.632268466714288
4134,6.077940025428572,6.845334269142858,14.437699989999999,3.6548142417142855,3.239102892857143,13.26147141,9.511294124428574
4135,6.056122880714285,6.988331394285714,13.055631402857141,3.738999960571429,3.2825000564285713,13.445020021428572,8.061877041
4136,6.012725717,6.686448536571429,11.324251431285713,3.4779056862857147,3.304317201,13.561931457142858,6.149082786999999
4137,6.034305679428572,6.511674253571428,9.688202877,3.309297115857143,3.3332486247142863,13.578768624285713,4.615479969857142
4138,5.969328553285714,6.0509056918571416,7.909157126428572,3.073339986,3.3261343457142862,13.662242967142857,2.7529600047142853
4139,6.034305736,5.780799992,6.511437163857143,2.7278228672857145,3.347714336571429,13.845791578571427,1.0085371602857138
4140,6.142679969285715,5.5265828428571435,5.145494274285714,2.59312572,3.3764086062857146,13.895828827142855,-0.5504400109999998
4141,6.3665428277142855,5.272365693571429,3.4141143024285716,2.331794306,3.3619428944285716,13.929266034285714,-2.3705113717142856
4142,6.539894243571429,4.922817127571428,1.762177168142857,2.062162871714286,3.369294327285714,13.979303281428571,-4.1739828612857135
4143,6.648268533285715,4.906928520428572,0.7932114337142858,2.120974292285714,3.376408606285714,14.095977591428573,-5.227371440285714
4144,6.597757090714285,4.764168520857143,-0.6521742874285714,2.221997142142857,3.289851461142857,14.279526202857141,-6.491342893142857
4145,6.547245648142856,4.732391391285715,-1.430477145857143,2.1797857057142855,3.2535686047142858,14.463074814285713,-7.2411885934285705
4146,6.409939934714285,4.4942999748571415,-1.5099200050000001,2.199349994,3.167011459571429,14.679823279999997,-7.013768623714285
4147,6.207657095142857,4.414857136857143,-2.161114267571429,2.091173318333333,3.130965757,14.963446159999998,-7.452008579000001
4148,5.897237091571428,4.2083057244285715,-3.241062872,1.9829966508333337,3.0444086118571425,15.130157378571427,-8.345325768857142
4149,5.593931367000001,4.144751437142857,-3.876368591,1.8452166518333335,2.9794314575714287,15.463580041428571,-8.555908628714286
4150,5.370068508571428,3.9382000247142863,-4.448119994428572,1.6092199935,2.972317178571429,15.747202922857142,-8.623494306714287
4151,5.203831371571428,4.080960024285714,-3.7651485528571436,1.4324300021666667,2.986545736428571,16.16409992714286,-7.915622846428573
4152,5.109922821857142,4.176291441142857,-3.0345114100000004,1.4224700068333334,2.957614284571428,16.614434025714285,-7.073054281428571
4153,5.073877062857143,4.255497153428571,-3.002734266428572,1.4043285779999999,2.957614284571428,16.948094154285716,-7.106728557714286
4154,5.059648505,4.255497153428571,-2.2879857165714292,1.404328578,2.9431485728571434,17.348391232857146,-6.373482841571428
4155,5.052297100428572,4.334939991285714,-0.9855971137142855,1.4633771454285713,2.9718428425714287,17.8821999,-5.185160004000001
4156,5.030717081428571,4.414382829285715,0.11047716699999999,1.4128657152857145,3.0150028522857144,18.299334371428575,-4.275005647714286
4157,5.030717081428571,4.525602825000001,0.7298942788571428,1.5731742828571427,2.9860714004285716,18.68303152142857,-3.7608799375714286
4158,5.0814656497142865,4.525602825000001,1.44464285,1.6151485652857143,2.9860714004285716,18.799942957142857,-3.145731370428572
4159,5.146442775857143,4.462048537714286,2.524828544857143,1.640522842285714,3.0150028522857144,18.86658013285714,-2.16822849
4160,5.160908515857144,4.557379982857143,3.732122863714286,1.9184542758571428,3.029231410142857,18.983254329999998,-0.8366713448571428
4161,5.196954218428571,4.636822820857143,4.970957151714286,2.036314270857143,3.0147656982857143,19.016691422857143,0.40192575314285733
4162,5.276397084571428,4.684488585857143,6.4640085737142865,2.145874273857143,3.0436971501428576,18.950054247142855,2.0114143671428573
4163,5.399237114428572,4.779820002571428,7.957059946285715,2.3903685585714287,3.036582842857143,18.833379822857143,3.5113428932857147
4164,5.543657163285714,4.7957086097142865,9.910879938142857,2.449179993285714,3.0147656982857143,18.699868232857142,5.238928627999999
4165,5.760168617142858,4.859262868857143,11.292711400857144,2.567277135142857,3.036582842857143,18.749905481428573,6.5451114324285715
4166,5.955100052,5.049925730714286,12.372659949285715,2.643162861857143,3.007651391,18.683268305714286,7.421591370571428
4167,6.1426800258571435,5.002259965714286,13.389054294285716,2.44941714,2.9934228331428576,18.56659410857143,8.205111404
4168,6.323145720714286,4.89103997,14.072025749999998,2.3147200034285715,2.9863085260000006,18.533157015714288,8.744611370142858
4169,6.431520010428572,4.716502812571428,14.564571498571429,2.205160000428571,2.957377074142857,18.499719922857143,9.064754261142857
4170,6.532542839000001,4.4781742705714285,14.945660154285715,2.011177145857143,2.913979938857143,18.432845735714288,9.317548543285715
4171,6.54700852257143,4.366954246571429,15.199640064285715,1.8847799977142858,2.885285669142857,18.382808714285716,9.578642789142858
4172,6.489382801142859,4.192179991714285,15.183751400000002,1.775220001857143,2.8347742548571424,18.26589727857143,9.612317121857144
4173,6.424405675000001,3.969740000285714,15.040754331428571,1.6656599990000003,2.784262840428571,18.299334598571427,9.561805736428571
4174,6.330734250857142,3.890297162428571,14.897757037142856,1.6656599990000003,2.7335142721428567,18.34937162,9.502994273142859
4175,6.222360017571428,3.9061857412857144,14.866216947142858,1.733008569,2.690117136714286,18.382808712857145,9.544968569714285
4176,6.150268555999999,3.937725745142857,14.882105384285714,1.7076342848571429,2.654071434142857,18.466283054285714,9.64622846757143
4177,6.0418942662857145,3.9377257451428567,14.723456777142856,1.733008569,2.6396057222857143,18.56635732285714,9.637691378
4178,5.969565679,3.874408611714285,14.501253967142857,1.7498457141428572,2.6251400105714287,18.66643159142857,9.469319940428573
4179,5.933282850714286,3.9220743201428574,14.326716922857143,1.7581457132857141,2.6177885777142857,18.816542882857142,9.309011341
4180,5.875657129285714,4.080960052571429,14.08862545,1.8171942877142857,2.654071434285714,18.899779985714286,9.190914163714286
4181,5.839374301142857,4.271622914428572,13.961754057142858,1.9099171525714287,2.7479800122857148,19.049891502857143,9.115028408714286
4182,5.918817110857143,4.366954331285714,13.83464554,1.943591443,2.8274228784285715,19.149965772857144,9.005468434
4183,5.990908572428572,4.366954331285714,13.882311304285713,1.8847800154285714,2.9068657445714288,19.116528452857146,8.971557088571428
4184,6.055885755,4.3195257485714285,13.786979887142857,1.9689657272857144,2.9791943035714286,19.116528452857146,8.828322781142857
4185,6.10639719757143,4.478174298857143,13.96175417,2.095362868428571,3.051285736857143,19.14996554714286,8.84515994742857
4186,6.099282862142857,4.700614318571428,14.168068315714285,2.196622865142857,3.1162628912857144,19.116765691428572,9.005468546857141
4187,6.070351438428571,4.827722893142857,14.485602654285714,2.297645707857143,3.130491449142857,19.08356561,9.334148583857143
4188,6.077702842999999,4.938942917142858,14.882579747142858,2.491391429571429,3.123377141857143,19.08356561,9.704802917857142
4189,5.933282850714285,5.1296058072857145,15.136559657142856,2.777860002,3.079979978285714,19.01669142142857,9.966134402714287
4190,5.810442821,5.431488636714286,15.199876847142857,3.123377141857143,3.065514266571429,18.88318005714286,10.160117222
4191,5.6660228287142855,5.95557436,15.72396257,3.4352200265714288,3.0150028522857144,18.666431365714285,10.792102927285713
4192,5.4926714127142855,6.321011533142857,16.343379824285712,3.7807371451428575,2.9789571214285715,18.382808485714285,11.660045748857142
4193,5.398762863000001,6.432231500571429,16.835925684285716,4.176765720571429,2.935797111714286,18.08258545142857,12.157097222857143
4194,5.376945718428572,6.813557167857143,17.407914184285715,4.530820041857143,2.964728563571429,17.832399665714288,12.688060042857142
4195,5.275685707571428,7.163105677285715,17.805128514285713,4.766777185857143,2.942911419,17.515576704285717,13.303208581428573
4196,5.225174321428571,7.274325644714286,18.138788642857143,4.859500022428571,2.9357971400000005,17.382302354285716,13.64872567142857
4197,5.1530829162857135,7.2266599362857145,18.265897274285713,4.800451462142858,2.8781714184285714,17.332265332857144,13.926657084285713
4198,5.102571473714285,7.353768454428573,18.53600297428571,5.0617828902857145,2.914217120857143,17.398902507142857,14.238499841428572
4199,5.124388618428571,7.528542680857143,18.663111605714285,5.087157202714287,2.9357971398571427,17.532413870000003,14.348059815714283
4200,5.001548645142857,7.655651255428572,18.631334505714285,4.994434337857143,2.9429114187142855,17.732562634285717,14.51666838
4201,4.893411481,7.464988421714286,18.202343074285714,4.800451462142857,2.9357971114285712,17.89927407857143,14.322685561428573
4202,4.907877221142857,7.163105620714284,17.72568587714286,4.640380044857143,2.921568553571429,18.032548428571427,13.91835700857143
4203,4.871831462142857,7.369657061428571,17.964014475714286,4.716265799857143,2.8999885628571427,17.949074087142858,14.238499955714286
4204,4.806854336,7.496765635999999,18.18645441142857,4.977360073999999,2.9144542747142856,17.815562497142857,14.423945684285714
4205,4.7634571722857135,7.449099984142857,18.09112288142857,4.699191479571428,2.8784085722857147,17.265154015714288,14.272411527142859
4206,4.705594325142856,7.226660049285714,17.423802849999998,4.522282896,2.8497142744285715,16.69790836714286,13.783660128571428
4207,4.748991432285714,7.306102859,17.376137084285713,4.741402902,2.8281342837142853,16.130662605714285,13.867845734285712
4208,4.720060008714285,7.369657118142858,17.51913415285714,4.9014743192857155,2.7776228694285714,15.663491339999998,13.884682900000001
4209,4.626151459,7.210771385714286,17.392025748571427,4.707728569285714,2.7486914458571428,15.063045724285713,13.648725784285714
4210,4.590105756428572,7.035997102714286,17.058365619999996,4.564494261857144,2.741340013,14.44576294,13.379094222857143
4211,4.611685719,6.8929999774285715,16.70881705285714,4.3285371178571435,2.7773857154285717,13.978828687142856,13.075788555714286
4212,4.691128585285715,6.511674253571428,16.073511475714287,4.117954258,2.791614273285714,13.761842981428572,12.460639903285715
4213,4.813968558571427,6.432231387428571,16.343617175714286,3.9830199708571428,2.777148561428571,13.51165730857143,12.519451366142858
4214,4.864480001142857,6.225680003142857,16.02584571142857,3.6628771080000004,2.784262840428571,13.22803442857143,12.07291139042857
4215,4.886060020142857,5.892020044285714,15.914625744285715,3.5281799748571423,2.7408656908571425,12.894374412857145,11.879165697571429
4216,4.943922867285714,5.8761314937142854,15.69242282142857,3.4691314145714283,2.7408656908571425,12.877537245714285,11.651508544714286
4217,5.001548588857142,5.749022919142857,15.708311485714287,3.3510342655714283,2.733751412,13.227797302857145,11.457762851857142
4218,5.109922878571429,5.542471478428571,15.946640084285715,3.1994999801428565,2.683239997714286,13.778205898571429,11.558785623285715
4219,5.1243886185714285,5.5583600291428565,16.37539439142857,3.081402831142857,2.6400800162857143,14.52900015857143,11.954814212857142
4220,5.117037214,5.240588592571428,16.39128282857143,2.9635428502857146,2.6182628715714285,15.262957364285715,11.879165584285714
4221,5.203831484714286,4.986371443428572,16.66138852857143,2.8286085631428572,2.5748657361428573,15.880240147142858,12.056074224285714
4222,5.3556028815714285,5.113480018,16.78849716,2.6094885572857143,2.581980029285714,16.497523044285717,12.157334234285715
4223,5.500022873857142,5.145257119142856,17.69390855142857,2.7273485522857146,2.596445741,17.114805827142856,12.747345642857143
4224,5.666260010857143,5.35180856,18.07523421857143,2.9633056962857145,2.6469571552857145,17.365228625714288,13.117999862857143
4225,5.680725750857143,5.669579968285714,18.218231287142856,3.072865713428572,2.6614228671428575,17.49873998857143,13.227559950000002
4226,5.767520021714286,5.685468575428572,17.97990268857143,3.2078000005714284,2.719048588571429,17.415265647142856,12.966228578571428
4227,5.81826859,6.003240011999999,17.868682721428574,3.485731427,2.7695600029999996,17.3652284,12.974528655714286
4228,5.810917185428571,6.305122869571428,17.376374211428573,3.704851461142858,2.8634685810000002,17.531939844285716,12.418428592428569
4229,5.796451501857143,6.368677128571429,16.232634221714285,3.8902971625714287,2.964728563571429,17.76552547714286,11.255479954571427
4230,5.810917185428572,6.432231444142857,14.914119948857143,3.8061114437142862,3.0223542851428573,17.86559974714286,9.974671378142858
4231,5.803565780714286,6.368677128571429,14.056374210285712,3.5872285917142857,3.072865727714286,18.098948367142857,9.081354301857143
4232,5.911940070571428,6.416342836857143,13.230405686,3.5618542792857144,3.1233771420000003,18.16558554285714,8.171200002857143
4233,6.0058486202857155,6.638782828142857,12.960537111714286,3.6714142821428575,3.1741257102857143,18.21562279,7.741497136857142
4234,6.150268612571429,6.670559929285715,12.420562837428573,3.561854279142857,3.210408566714286,18.31569705857143,7.252745625571428
4235,6.265994307000001,6.5434513547142865,12.515657016,3.359571383142857,3.239339990285714,18.382571472857144,7.2778828688571435
4236,6.446460001857143,6.591117063142856,13.071756965714286,3.3258971068571426,3.2464542974285715,18.365971544285713,7.682211422142857
4237,6.5908800507142855,6.432231330857143,13.13531128142857,3.2500113942857145,3.2827371538571426,18.349371617142854,7.589488557428571
4238,6.655857176857142,6.336899914000001,13.024091314285714,3.1487513834285714,3.297202865714286,18.332771464285713,7.319857165428571
4239,6.706368562857143,6.22567994657143,12.674542748857144,3.056028532714286,3.304317172857143,18.34960863,6.915528555571429
4240,6.706368562857143,6.0826828214285715,12.118679810714285,2.853745679142857,3.29696574,18.483119994285712,6.485588564142857
4241,6.590642868428572,5.844354279428572,11.372154096285714,2.5589771075714287,3.3185457589999996,18.499957161428572,5.659857165428571
4242,6.518314281142858,5.542471450000001,10.419314179428572,2.281045691714286,3.260682883571428,18.383045725714286,4.657217112428571
4243,6.352314269857144,5.192922884,10.053877063714285,1.9438285509999997,3.253568576428571,18.416245581428573,4.328774314142857
4244,6.178962797428572,5.177034333285714,9.736342724857142,1.9186914208571433,3.2462171435714287,18.416245581428573,4.328774314142857
4245,6.099519931285714,4.843374346142857,8.81504272642857,1.7417828584285717,3.2317514317142857,18.249534362857144,3.679951456714286
4246,5.933282794428572,4.573268618142857,8.513396994571428,1.682971437857143,3.2391028645714286,18.199497341428575,3.654577172571429
4247,5.853839928142857,4.382605728,8.815042782714285,1.6998085758571426,3.1957057291428574,18.132860165714288,3.882234268
4248,5.759931321857143,4.430271436428572,9.196131381428572,1.9945771474285716,3.1596599982857145,18.049385824285718,4.303399987714286
4249,5.666022772142858,4.462048566,9.926768489714286,2.1461114364285714,3.1814771428571427,17.999348577142857,5.112294234142857
4250,5.622625665,4.477937116571429,10.085654221142859,2.331557152,3.195942882857143,17.84923728571429,5.525159877
4251,5.5936942414285715,4.430271408142858,10.371411345714284,2.323020006,3.1743628638571435,17.79920003714286,5.659857038285715
4252,5.478205672714286,4.589157112285714,10.863719911285713,2.432580001857143,3.1309657284285715,17.932474161428573,6.072722723428571
4253,5.4926714127142855,4.795708524714286,11.546691309999998,2.483091430428572,3.065988574142857,17.94907409,6.553174185714285
4254,5.4926714127142855,4.795708524714286,11.642022727142855,2.4913914367142858,3.094919997714286,18.13238546285714,6.780594211857143
4255,5.637328587285714,4.684488500714285,12.10279126,2.3481571434285717,3.1238514495714287,18.215859804285714,7.025088530142858
4256,5.709657174571428,4.748042759714286,11.943905527142856,2.3059457141428576,3.203294315857143,18.24929689857143,6.949202831714286
4257,5.745702877142857,4.652711371142858,11.912128427142857,2.145874282714286,3.174362864,18.39940819,6.839642857
4258,5.789100040714286,4.700377079571429,12.166345577142854,2.171248566857143,3.123851449714286,17.932236924285714,7.2188342801428576
4259,5.9190543494285714,4.620934213428571,12.658891324285715,2.1544114288571428,3.131202854285714,17.448465504285714,7.76663426657143
4260,6.056360062857143,4.541491403857143,12.992551452857143,2.1290371447142857,3.1817142685714286,17.098205447142856,8.078240011571427
4261,6.164497226999999,4.573268561571429,13.516637062857143,2.07022571,3.1817142685714286,16.76478255714286,8.43229424742857
4262,6.251054372142858,4.525602881428571,13.865948615714286,2.0114142894285716,3.1672485285714287,16.614671039999998,8.794648503714285
4263,6.402588643285713,4.462048622428571,14.326480022857142,1.9862771450000003,3.0659885177142856,16.61467104,9.123328484285715
4264,6.604871482857143,4.446160043571429,14.818788644285714,1.9526028617142859,3.094919969571429,16.48139691571429,9.409797099142859
4265,6.749291475142857,4.350828598571429,15.152211532857143,1.834505719714286,3.1164999602857146,16.89853116,9.57840566242857
4266,6.828734284857143,4.2872743394285715,15.422079994285713,1.7249457167142859,3.0875685367142855,17.28222831,9.730177172428572
4267,6.814268544714287,4.144277185857143,15.517174285714285,1.6322228588571428,3.0370571224285716,17.549014024285718,9.806062814285713
4268,6.7566428232857145,4.017168611285714,15.405954318571428,1.5478000072857143,3.008125698857143,17.71572546857143,9.721877096142858
4269,6.648268533428572,4.0489457408571425,15.453619857142858,1.5983114358571429,2.9502628517142857,17.86583698571429,9.822899981857145
4270,6.5832914072857145,4.1124999998571425,15.596617152857144,1.6741971555714286,2.914217149142857,17.999348574285715,10.050557133428573
4271,6.460451433857143,4.239608574428571,15.707837119999999,1.7837571514285713,2.877934292714286,18.09942284285714,10.236002863285716
4272,6.359428605285714,4.303162861714286,15.707837120000002,1.893317147428571,2.8418885901428568,18.232934205714283,10.370937093857142
4273,6.301802940285714,4.319051412428571,15.660171581428571,1.952365721857143,2.8129571665714286,18.299808619999997,10.387774146571429
4274,6.366780122999999,4.430271408142857,15.691948682857143,2.0114142892857143,2.899514311714286,18.383282962857145,10.370936980285714
4275,6.438871528,4.589157140571428,15.850834415714287,2.079000002714286,2.928445735285714,18.43332021142857,10.412911276857143
4276,6.547245817857143,4.684488557428572,15.803168877142861,2.0453257122857145,3.043934304,18.43332021142857,10.261377005571429
4277,6.626688684142857,4.763931423714285,15.73961444857143,2.0453257122857145,3.0944457465714286,18.383282964285712,10.12644277557143
4278,6.677200070285714,4.906928549,15.644282918571431,2.188559991428572,3.116262863,18.383282964285716,10.016882687
4279,6.698780032714287,5.097591439142858,16.152717217142857,2.3234942925714286,3.1738885845714284,18.366445798571426,10.547608494142855
4280,6.662497148000001,5.367697139000001,16.62937418857143,2.4750285638571428,3.2317514317142852,18.33300847857143,11.019522839857142
4281,6.5470085792857144,5.542471422,17.010699855714282,2.6856114237142856,3.1738885844285716,18.333008478571433,11.432388595714286
4282,6.489382914285714,5.701357097857143,17.23313979,2.7780971347142858,3.1957057291428574,18.316408550000002,11.744231465857142
4283,6.366542884428571,5.987351404714285,17.646242558571426,3.0140542787142857,3.0946828721428576,18.366445797142855,12.300331415714284
4284,6.236588575571429,6.432231444,18.392768215714284,3.418382817857143,3.0225914247142858,18.366445797142855,13.14313722
4285,6.135565746857142,6.654671435428571,19.234625404285712,3.6794771202857146,3.000774308285714,18.282971455714286,13.943731488571428
4286,6.085054304285714,7.067774317,19.441176901428573,4.024994267142858,2.950262865714286,18.199734352857146,14.247037157142856
4287,5.897237148285714,7.290214308285714,19.6795055,4.353674304285715,2.935797154,17.899511544285716,14.702114221428571
4288,5.861191389142857,7.8460771328571415,20.36247695571429,4.884637180857143,2.921331414,17.332265782857142,15.519545542857141
4289,5.702305656714286,8.40193995742857,20.99778287285714,5.508322894,2.8561171057142856,16.714982887142856,16.41286262
4290,5.5363056454285715,8.798917049714285,21.569534361428573,5.819928582571428,2.849002826857143,16.131137198571427,17.07022258142857
4291,5.413465672142857,9.052897073714286,21.712531657142858,6.165445729571429,2.863468552857143,15.714002954285714,17.499925277142857
4292,5.2835113634285715,9.243559907285714,21.76019742142857,6.325517146857143,2.8347742549999997,15.346905731428569,17.84544259428571
4293,5.059648504857143,9.052897017142858,21.39476019285714,6.148371437571428,2.8347742549999997,15.013245828571428,17.592648311428572
4294,5.030954263428571,9.38631990757143,21.82351461142857,6.308442854857143,2.776911407714286,14.896334392857142,17.980139698571428
4295,4.864717126571429,9.148228547857142,21.68051754285714,6.131534271285715,2.7553314170000003,14.996408661428571,17.980139698571428
4296,4.850251386571429,9.021357155428571,21.601074677142858,5.946088541571428,2.726637147285714,15.179957159999999,17.929391187142855
4297,4.828434241857144,8.78326579557143,21.23587468571429,5.828228546571429,2.7337514261428573,15.346668378571426,17.51652543142857
4298,4.756342780285714,8.656394289571429,21.124654718571428,5.6259457070000005,2.755331416857143,15.463342575714288,17.22151984
4299,4.741877096714285,8.656394289571429,21.108766055714284,5.634482853142857,2.747979984,15.463342575714284,17.179308304285716
4300,4.756342836857144,8.910611382142857,21.68051754285714,5.870439968857143,2.740865705,15.379868234285713,17.65975973857143
4301,4.799502818285715,8.561299941142858,21.09287739142857,5.727205661428571,2.777148561571429,15.329831212857142,17.08682273571429
4302,4.799502818285715,8.354748443714286,20.457571474285714,5.508085655571429,2.798728552285714,15.27979419142857,16.37065142571429
4303,4.74875425,8.164085610142857,20.267145652857145,5.491248545714286,2.820308543,15.246357097142857,16.269628652857143
4304,4.806617153714286,8.211751261999998,20.378128381428578,5.643019999142857,2.8347742548571424,15.279794417142854,16.488748828571428
4305,4.799265749142856,7.862202696,19.774599791428574,5.3228771364285725,2.8492399665714285,15.163120219999998,15.932648765714285
4306,4.820845711571429,7.909868461,19.615714058571427,5.272365693714286,2.8708199572857143,15.163120219999998,15.671317281428571
4307,4.892937116571429,7.846314258571427,19.615714058571427,5.297740006142857,2.863468524428572,15.146520292857142,15.645942912857143
4308,4.9723799828571424,7.750982841714285,19.695156924285715,5.145968609142857,2.8561170915714285,15.04644591,15.696454411428572
4309,4.9723799828571424,7.909868574142857,19.981151287142858,5.272365750142858,2.8634685244285714,14.963208807142859,15.898737194285713
4310,4.994197127571428,7.909868574142857,19.86993132,5.145968609142857,2.8418885337142856,14.779660195714285,15.637405710000001
4311,4.9507999638571425,7.544431457571428,19.37762269857143,4.951985733428571,2.798491398285715,14.52947441,15.232839917142858
4312,5.03024283,7.782760056142856,19.933485522857136,5.103757158571428,2.7769114075714287,14.546074337142857,15.603494137142858
4313,5.095220012714285,7.544431457571428,19.98115128857143,4.951985761714285,2.748217137857143,14.679585927142856,15.687916981428572
4314,5.1457314552857145,7.1631056772857145,19.457065565714288,4.615005732571428,2.770034282571429,14.94637164142857,15.106442775714287
4315,5.1675485998571435,7.194882835142858,19.615714285714287,4.547657151857142,2.7773857154285717,15.196557315714287,15.156954048571427
4316,5.268571485,7.2107713857142866,20.044468705714287,4.471771453428571,2.7558057247142855,15.396705854285715,15.46025983
4317,5.405877198285714,7.178994227857143,20.36200293142857,4.4549342869999995,2.7629200037142856,15.546817371428572,15.61203134
4318,5.579228614285715,7.576208558714286,21.172083018571424,4.446634323142858,2.8063171391428567,15.529980204285716,16.092245535714284
4319,5.702068587571429,7.655651425,21.696405754285713,4.5981685944285715,2.820782851,15.29639457142857,16.623208468571427
4320,5.839374300857143,7.909868574142857,21.871180150000004,4.674054292857143,2.849477120714286,14.979571609999999,16.656882801428573
4321,5.991145754285715,8.576951478571429,22.61770580857143,5.154268572857142,2.899988535,14.87949734,17.356454184285717
4322,6.070588620571429,8.847057121857144,22.474945752857142,5.440737103000001,2.9286828328571426,15.096483045714288,17.238594245714285
4323,6.092405765142857,8.624617130571428,21.283777124285713,5.29750279557143,2.9647285352857145,15.246594337142856,16.210579950285712
4324,6.092405765142857,8.54517426442857,19.67950572714286,5.179642800571428,3.0441714014285712,15.430142948571431,14.550579894
4325,6.049245783714285,8.275068508142857,17.85279428142857,5.011034209,3.0731028250000003,15.730365757142861,12.941091393142859
4326,6.056360062714286,8.004962808285715,15.565551542142854,4.6486799521428575,3.1091485274285717,16.11406290714286,10.724754232714288
4327,5.9698029177142855,7.432974250857143,13.151200001714285,4.303162805285715,3.1598971238571427,16.597834325714285,8.297834254571427
4328,5.984268601285714,6.575228512714285,10.577962898428572,3.6711771001428573,3.2393399900000004,16.86485705285714,5.6517942988571415
4329,5.969802861142858,6.114459979285714,9.037245703857142,3.1572885580000007,3.3043171161428577,16.931494227142856,4.000094291000001
4330,6.070825689857143,6.082682878000001,8.449368539571429,3.056265701142858,3.3332485680000006,17.098205671428573,3.174125738285714
4331,6.1358028725714275,5.9873514611428575,8.433479989571428,2.9298685601428573,3.3332485679999997,17.41526564571429,3.2329371447142856
4332,6.287337143714285,5.796688627428572,8.147722865428571,2.778097135,3.3982257224285712,17.849000042857146,2.752722864714286
4333,6.395711433428572,5.685468603428572,8.211277068,2.8203085572857143,3.434271453285714,18.099422842857145,2.626325723714286
4334,6.540131425714285,5.6695800528571425,8.799154176,2.8539828334285713,3.4198057132857143,18.082585677142855,3.1402142941428575
4335,6.518551463285713,5.6695800528571425,8.529285573571428,2.736122838285714,3.340362847142857,18.032548655714287,2.727348609
4336,6.583528589428572,5.478917219142858,6.893237019,2.7024485478571427,3.3332485682857147,17.999348801428575,1.1010229135714285
4337,6.540131482285714,5.288254329,5.320742695142857,2.525302838428572,3.3043171164285714,17.866074451428574,-0.26397135371428565
4338,6.446222875999999,4.938705763000001,4.224905553571428,2.272508552714286,3.275385692857143,17.665925687142863,-1.2414742058571429
4339,6.251291441142858,4.589394322714286,3.0176112912857143,2.1124371212857147,3.217522845571429,17.415739901428573,-2.2948627848571426
4340,6.027428582714286,4.366954331285714,1.3338970847142855,1.9269914057142858,3.1959428265714287,17.315665631428573,-3.685231364714286
4341,5.796214319571428,4.192417173857143,-0.44514859528571427,1.665897133285714,3.1959428265714287,17.332502797142855,-5.505302838428571
4342,5.666022885142857,4.319525748428571,-0.9376943007142857,1.7754571362857143,3.2248742784285716,17.299065477142854,-5.758097177142857
4343,5.521602892857142,4.192417173857143,-0.4136085704285715,1.7415457132857142,3.2538057020000006,17.28222831,-4.9997143308571435
4344,5.413465728714285,4.049420048571428,-0.33416570414285707,1.691034284857143,3.289851432857143,17.282228309999997,-4.839642913714286
4345,5.319557178999999,4.287748590571428,-1.2713542667142856,1.9184542864285716,3.2972028374285713,17.26539137,-5.665374369
4346,5.232762908142857,4.446397169,-2.0973228335714285,1.9858028601428572,3.3045542702857142,17.382302805714286,-6.2636857414285725
4347,5.211182889142856,4.525840035285715,-1.5414600020000002,1.9352914317142857,3.311668577428572,17.48237707571429,-5.800308599428571
4348,5.240114312714285,4.589157168714286,-0.6042714252857142,1.9941028575714286,3.354828587142858,17.66568844857143,-4.645897135428571
4349,5.276397140857142,4.589157168714286,0.06281140914285695,1.9096799989999997,3.383522856857143,17.832399892857143,-4.072959962285713
4350,5.283511419857143,4.763931451714286,0.9046685337142855,1.8508685678571426,3.3617057121428573,17.94931132857143,-3.415599973
4351,5.355602825,4.954594285428572,1.9054113692857142,1.9182171415714286,3.376171424,18.116022772857143,-2.412959990571429
4352,5.435045691142856,4.732154322285714,3.462017057857143,1.7159342844285714,3.4051028758571427,18.366208332857145,-0.9972171125714285
4353,5.514488557428572,4.65294861,5.288728502714286,1.6739599948571429,3.4195685877142856,18.61639411857143,0.915577113
4354,5.601045702571429,4.446397169142856,6.527562833,1.5392628581428573,3.4413857324285715,18.799705491428572,2.1712485595714286
4355,5.651557088714286,4.383080035714285,7.575734307285714,1.463614288857143,3.427157174571428,18.71646838857143,3.199262826142857
4356,5.702068531285714,4.097322882714285,8.497034305428572,1.3541333336666668,3.376645760142857,18.633231285714285,4.193602844714286
4357,5.860954263571429,3.891008595857142,9.418334359714285,1.3422920010000001,3.3406000575714287,18.566356871428574,5.272128610428572
4358,6.0271914005714295,3.7321228917142855,10.736611618857143,1.1892399974,3.326134345714286,18.466282602857145,6.308679994714287
4359,6.222122835571428,3.684694309,12.007223057285714,1.1776199947500001,3.2827371819999995,18.24953413571429,7.378905754142857
4360,6.438871415142857,3.6211400217142855,13.230168787142857,0.956424998,3.2464543255714284,17.882436914285716,8.061640027571428
4361,6.597757147428571,3.5101571517142856,14.02436021,0.80868500175,3.195705757285715,17.482139835714285,8.651651436285713
4362,6.763994284428572,3.478379994,14.691443115714284,0.69041000325,3.1957057572857144,17.281754057142855,9.182614369428572
4363,6.915765737857143,3.3989371278571427,15.374414571428572,0.69041000325,3.1667743337142857,17.13164254,9.654528657428571
4364,6.959162901571429,3.5099199978571427,15.612506044285713,0.8466160055999999,3.1451943147142853,16.948093928571428,9.848274350857142
4365,6.930231477857142,3.4624914432857143,15.819057315714284,0.8466160055999999,3.080217160285714,16.73110822285714,10.008345825285714
4366,6.915765737714286,3.446602864428571,15.882611517142859,0.8622200051666665,3.072865755714286,16.631033954285716,10.075694378
4367,7.0025600084285715,3.6846943091428566,15.930277281428573,0.9111900055,3.174125738285714,16.54755961142857,10.193554429857144
4368,7.103820019285714,3.843342887571428,16.089163014285713,0.9996680042000001,3.268034288,16.49752259,10.311414481
4369,7.269820030571428,4.097322911142858,16.295714285714286,1.200196,3.260682855142857,16.464322735714287,10.378763033
4370,7.39977433942857,4.351302906428572,16.37515715142857,1.3043333358333333,3.2824999715714287,16.51435998285714,10.429274418999999
4371,7.522614312714286,4.351302906428571,16.597597085714288,1.3928666589999998,3.2969656834285717,16.697908594285714,10.210391482285715
4372,7.508148629285714,4.494062906,16.24804852,1.5007666591666666,3.419805685,17.04840588857143,9.949297235714285
4373,7.551545793,4.748042929571429,16.20038298142857,1.7270799935,3.463202820428571,17.365228624285717,9.890248646857144
4374,7.486568666857143,4.891040054714286,16.08916278857143,1.874543328833333,3.3764085495714284,17.66568867142857,9.763851505571427
4375,7.3492629535714284,4.843374346285715,16.009719921428573,1.6485857107142856,3.3692942707142857,17.999348574285715,9.77238859557143
4376,7.1109344114285715,4.795708637857143,16.37515715142857,1.7666828525714284,3.297202837428572,18.28297145428571,10.151580018428572
4377,6.7931629467142844,4.986371528,16.88359145,1.9521285751428572,3.268271413857143,18.399645651428575,10.825777259428571
4378,6.561948683571429,5.351808644714285,17.169585814285714,2.171248581,3.2319885574285716,18.299571382857142,11.415551541857141
4379,6.431994374714285,5.5901371868571434,17.70979721428571,2.3147200141428574,3.116262834857143,18.099422618571428,11.946277235571428
4380,6.294688661285713,5.685468603571429,18.059345781428572,2.4830914375714284,3.087331411285714,17.765762715714285,12.435028633
4381,6.207894334000001,5.717245761428572,18.80610867857143,2.6853742982857143,3.0873314112857138,17.532177082857142,13.142900092857143
4382,6.164497170285715,6.178014351428572,19.250988548571428,3.2751486094285718,3.0223542568571427,17.448702739999998,13.639951567142857
4383,6.020077178,6.7976685607142855,19.393985617142857,3.6626400388571434,3.087331411142857,17.381828325714284,14.128702965714286
4384,5.882771464571428,7.210771385714286,19.743296944285714,3.940808576857143,3.072865699285715,17.31519137714286,14.541568495714285
4385,5.680488568571429,7.591859983857143,20.076719607142856,4.269488585714286,3.072865699285714,17.281991295714285,15.148179945714286
4386,5.5576485952857135,7.750745716142858,20.21971690142857,4.673817167285714,3.087331439285714,17.298591448571432,15.695979820000002
4387,5.369831439285714,8.179737148428572,20.712025297142855,4.834125738571429,3.080217132,17.549014248571428,16.159594088571428
4388,5.117037157285715,8.576951422857144,20.48958536142857,5.162805747285715,3.0512857084285714,17.782599881428574,16.36187687142857
4389,4.893174298857143,8.529285657857141,20.362476957142857,5.011034293857143,3.029468592,17.88267415142857,16.429462437142856
4390,4.734288566571429,8.386288589142856,20.37812838142857,5.137431434857143,2.942674293,17.732562861428573,16.539022411428572
4391,4.647494267571429,7.989074314714286,19.67926848857143,4.9856600378571425,2.9066285905714286,17.56561417714286,16.00829683
4392,4.575402862571429,7.449100040714286,19.075740125714283,4.614768606857143,2.863468609142857,17.648851505714287,15.469034045714285
4393,4.48860856357143,7.274325757714286,18.88507729285714,4.454697189571429,2.812957166571429,17.748925775714287,15.325799964285713
4394,4.394699985714285,7.083662867571428,18.281548702857144,4.345137186571429,2.7695600312857143,17.732088608571427,15.148891322857143
4395,4.293677128714286,6.892999977428572,18.122662971428575,4.252414321714285,2.7408657334285715,17.648614267142857,14.938071337142857
4396,4.221348569714286,7.163105677285715,18.249771375714285,4.564257192428571,2.712171435571429,17.565377164285717,15.24137711857143
4397,4.250279993285714,7.1472171267142866,18.20234285,4.328300076714286,2.741102859142857,17.79896279714286,15.11497997714286
4398,4.257631426142857,7.321991409714285,18.10701132,4.328300076714286,2.777148561571429,18.032548430000002,15.156954272857144
4399,4.279211445142858,7.4332113771428565,18.25000838857143,4.480071501857142,2.820308543,18.082585451428574,15.283351301428569
4400,4.315494301571428,7.560319951714286,18.39300545714286,4.513745778142857,2.8492399665714285,18.032548204285714,15.35069974
4401,4.351777158,7.671539975571428,18.82175987714286,4.7243286662857145,2.8492399665714285,17.96591103,15.654005521428573
4402,4.387822888857143,7.6874285827142845,19.091865575714284,4.741165776142857,2.8418885337142856,17.965911030000004,15.949011339999998
4403,4.416754340714286,7.369657174571429,18.964757171428573,4.522045770285714,2.9213313998571424,17.98251095714286,15.611794212857143
4404,4.416754340714285,7.401434275714286,18.805871438571426,4.589631448428571,2.950262823428571,17.88243668714286,15.434885572857143
4405,4.467265783285714,7.592097165857143,19.457065792857144,4.758240011714286,2.9718428424285714,17.832399665714288,15.923636858571431
4406,4.481731466714286,7.8939800799999995,19.83815422142857,4.791914287857144,2.9718428424285714,17.849236832857144,16.210105472857144
4407,4.517777169285714,7.878091529428572,19.822265557142856,4.716028561142857,2.9789571214285715,17.89927408,16.083708332857142
4408,4.597220035428571,7.576208671857143,19.584174197142858,4.505445673,3.015002852142857,17.915874232857146,15.763328372857144
4409,4.756105767714286,7.560320064714287,19.67950572714286,4.480308542857143,3.036582842857143,17.815799964285716,15.805539681428572
4410,4.878945741000001,7.750982954857142,19.886056997142855,4.480308542857143,2.9787199674285714,17.782362870000004,16.058333962857144
4411,5.001548588571429,7.210771498714285,19.58417419571429,4.1011171338571435,2.9426742650000004,17.732325622857143,15.771865461428572
4412,5.1025714171428564,6.797668617142856,19.39374860142857,3.8397857057142857,2.885048543571429,17.715725695714287,15.60349425
4413,5.283274294285714,6.400454286142858,19.45730303,3.755599987,2.856354273857143,17.648851507142858,15.552982751428571
4414,5.442160026571428,6.035017113,19.536745895714287,3.4608314082857143,2.8276600041428566,17.58221433142857,15.418285645714287
4415,5.601045759,6.114459979142857,19.79072569285714,3.443994270142857,2.784499994428571,17.532177084285713,15.334100040000001
4416,5.694954308714285,6.082682877857143,19.72717126428571,3.3595714257142855,2.755805724714285,17.415265647142856,15.030794258571431
4417,5.781748579428571,6.0350171694285715,19.441177127142854,3.4186200142857146,2.7629200318571425,17.26515435714286,14.584254284285715
4418,5.8685428502857135,6.3210114764285725,19.282291395714285,3.654577144142858,2.813431446142857,17.181680241428573,14.34829716857143
4419,5.955337121142857,6.416342893285716,18.50398841,3.7809742852857147,2.914454303,17.09820589857143,13.168511363142857
4420,5.904588552857143,6.527562860714286,16.74106840642857,3.7556000011428567,3.029942871714286,17.065005817142854,11.424088631428571
4421,5.832259965571429,6.845334268857143,14.819025601857144,3.9747200069999993,3.0804542859999997,17.03156872285714,9.713340049571428
4422,5.687839916714286,6.591117119714285,12.738334303142855,3.966182861,3.2175228454285714,16.948094379999997,7.792008519285715
4423,5.564999943428572,6.209791395857144,10.085654376857144,3.7050885725714275,3.2896142787142852,16.898057358571428,5.230154296714285
4424,5.485319951571428,5.669817093571429,7.115440012285715,3.1741256889999994,3.333011414142857,16.797983088571424,2.230297130571428
4425,5.376945718285714,5.225174236428571,4.3358885937142855,2.8032342685714284,3.347477154142857,16.73134591285714,-0.6011885971428573
4426,5.304617187571429,4.732865670857143,1.5878772071428569,2.3144828407142852,3.347477154142857,16.69790882,-3.1462057101428575
4427,5.333548611142858,4.351539975428571,-0.810585726,1.9438285652857143,3.3040800187142856,16.681071654285716,-5.505539968428572
4428,5.420342882,4.081434275714286,-2.8436113729999994,1.766682841857143,3.3256600377142855,16.681071654285713,-7.595242819428571
4429,5.542945786142857,4.144988534714286,-4.622657109428571,1.5897742722857144,3.231751488,16.848020338571427,-9.474362836285716
4430,5.723648606714286,4.208542793857143,-5.385071417285714,1.530725697857143,3.231751488,17.01496879714286,-10.392817099857144
4431,5.824908617571429,4.383079923,-6.449368597,1.8003571251428572,3.195705757142857,17.181917254285715,-11.40423146657143
4432,5.889885743714285,4.462285635285714,-6.0841686059999995,1.943591407857143,3.166774305285714,17.248554430000002,-10.999665787571429
4433,5.947748590857143,4.684488501,-6.417828621428572,2.0531514054285713,3.1451942862857147,17.231954275714287,-11.34518299057143
4434,5.933282850857144,4.621171367571429,-6.100294282285715,2.0363142620000003,3.1451942862857147,17.198754194285716,-11.210485884857144
4435,5.824908617571429,4.5576171084285715,-7.609234262142857,1.8930799828571432,3.1380799791428577,17.148716947142855,-12.634765782
4436,5.752817156,4.351065696,-8.832179991285715,1.791819986142857,3.1888285474285714,17.015205584285713,-13.772340164857143
4437,5.593694297857143,4.065308571142857,-9.356265658,1.6907971362857144,3.203294259285714,16.931731468571428,-14.143231624428571
4438,5.615274316857142,4.287748562571428,-10.214011283714285,1.7415457045714287,3.2682714137142854,17.03180573857143,-14.994337278714285
4439,5.680251443,4.605519999,-12.072262760428572,1.9016171358571428,3.3332485681428565,17.18191702857143,-16.89029428142857
4440,5.665785703,4.700851415857143,-11.468497045285714,1.9184542810000003,3.376408577857142,17.448702742857144,-16.098237102857144
4441,5.709182866571427,4.859499994285715,-12.866216944857143,2.0277771407142855,3.4053400015714286,17.59881426,-17.45493132142857
4442,5.781511397285714,4.875388545,-12.199134153428572,2.171011419857143,3.4342714534285714,17.79896279857143,-16.89883148428571
4443,5.8104428208571415,4.907165702714286,-11.055631290571428,2.2805714228571428,3.455851444142857,17.882436914285716,-15.778094267142857
4444,5.824908561,5.208811434714286,-11.214517023,2.2805714228571428,3.491897146714286,17.96591103,-15.971839847142858
4445,5.738351415857143,4.827722893,-9.514914208999999,2.0360771434285714,3.4558514441428576,17.899036841428575,-14.362114108142858
4446,5.716771396857143,4.65294861,-8.085417038857143,1.7327714294285712,3.462965723142857,17.798962572857146,-12.963445592714285
4447,5.680725694285714,4.4622857481428575,-8.164859905,1.6739600018571428,3.470317156,17.698888302857146,-13.022257055714286
4448,5.644679991714286,4.287748590857143,-5.575734293714286,1.539262856285714,3.4703171559999997,17.632014114285717,-10.190771412999998
4449,5.680725694285715,4.144988591285713,-2.6849628511428567,1.3201428628571428,3.477431435,17.49850275142857,-7.359285643142857
4450,5.702305713285713,4.018117142428571,-1.128357134285714,1.1010228605714285,3.441385732428572,17.481902822857144,-5.758334175571429
4451,5.796214263,3.7323599892857144,1.3654371025714287,1.0334371454285713,3.3908743180000007,17.481902822857144,-3.154505712857143
4452,5.955099938857143,3.7005828315714284,3.7003457200000005,0.9743885727142855,3.3979885970000003,17.548777011428573,-0.8708199714285715
4453,6.099519987714285,3.494268544714285,6.2894714298571435,0.9153399999999999,3.3619428944285707,17.632251352857143,1.5900114227142856
4454,6.287337143714285,3.3832857028571426,8.846819982857143,0.8309171414285714,3.3040800472857135,17.615651425714287,3.8568599978571427
4455,6.504085723285714,3.4783799940000004,10.641517017285713,0.8899657141428571,3.260682911857143,17.66568844714286,5.2809028538571425
4456,6.626925753142857,3.5258085767142857,11.848574083285714,0.9407142858571429,3.2317514881428577,17.832637130000002,6.376502897428572
4457,6.793162890142857,3.6050143171428566,13.42106840785714,1.0166000018571428,3.2099343435714283,17.965911481428574,7.775408595
4458,6.944934343571428,3.636791446714285,14.358019774285713,1.033437145285714,3.1883543245714283,18.01594872857143,8.407394300285715
4459,6.901537236428571,3.6526800255714282,14.83443962,1.1010228604285714,3.1523085937142854,17.982511634285714,8.794885687142857
4460,6.793162946571428,3.620902867857143,14.913882487142859,1.1432342897142858,3.0802171604285715,17.91587445857143,8.99693145757143
4461,6.706368675714286,3.652679997428571,14.897993822857144,1.2191200058571428,3.0225914388571433,17.832400117142857,9.081117176285714
4462,6.554597222285714,3.541697127428571,14.787011094285715,1.2022828624285713,2.9576142844285718,17.71572592,9.123328598428571
4463,6.482268634999999,3.4942685447142856,14.755471231428572,1.2022828624285715,2.8999885630000004,17.498740215714285,9.182377074
4464,6.417054326714285,3.4468399619999994,14.77135966857143,1.1517714322857144,2.878408544,17.315428617142857,9.224588496285715
4465,6.32314572042857,3.4468399619999994,14.66037694,1.1870266704999999,2.849477120428571,17.231954275714283,9.207751329857143
4466,6.3376114040000004,3.415062804285714,14.485839895714284,1.1653360036,2.842125715857143,17.1653171,9.157239943857144
4467,6.323145664000001,3.399174253571428,14.311065612857144,1.1772050035,2.842125715857143,17.08184275857143,9.014005636428573
4468,6.279985625999999,3.351508545142857,14.088625678571427,1.0888100005,2.8708199855714285,17.031805737142854,8.794885687142857
4469,6.265519886,3.3832857028571426,13.977405597142857,1.07387000125,2.921331428142857,16.931731468571428,8.67678851
4470,6.207894164428572,3.415062860571428,13.802631201428571,1.2062550005,2.9644914378571423,16.765020022857144,8.53331719
4471,6.049008488571428,3.5419342812857137,13.961516932857142,1.353579999,2.942911447142857,16.581471637142858,8.929345779714286
4472,5.868542793714285,3.7005828314285716,14.088388324285715,1.5069640031999998,2.9284457354285713,16.33128585,9.232651561
4473,5.673611358857143,3.9386742760000004,14.35825689857143,1.6288633338333334,2.877934292857143,15.947588699999999,9.637217239714285
4474,5.522077087571428,4.319762845857142,14.914119835714287,1.8760057155714287,2.87058286,15.697403139999997,10.294577201428572
4475,5.341374267142856,4.510188553857143,15.342874254285714,2.1624742791428573,2.827422878571429,15.430617425714285,10.909725739857143
4476,5.182488591285714,5.097828564571428,16.37515715142857,2.6343885900000004,2.7842628688571422,15.163594472857142,12.11488580042857
4477,5.045182878,5.5106942640000005,17.10579437142857,2.979905737,2.7192857144285716,15.063520204285712,13.134600131428572
4478,4.944159992857143,5.796688570999999,17.61422867,3.266611449285715,2.704820002571428,14.89657152142857,13.665562951428571
4479,4.8213199630000005,5.955574303428571,17.963777237142857,3.2244000200000005,2.668774285857143,14.729860302857142,14.188225694285714
4480,4.734525692142857,6.257457161,18.599320165714285,3.595291436857143,2.6616600070000005,14.596348939999999,14.837048565714285
4481,4.655082825999999,6.464008601857143,18.710540132857144,3.881997177428571,2.6327285832857146,14.429400255714286,15.064705604285715
4482,4.633502807,6.845334325571429,19.20308576857143,4.092580065571428,2.6398428621428573,14.245851644285713,15.60396838857143
4483,4.554059940857143,6.750002908714285,18.710777145714285,4.134791487857142,2.6253771504285717,14.11234028,15.191102632857142
4484,4.474617074571428,6.908888641142857,19.060088472857142,4.1938400481428575,2.6182628715714285,13.878754420000002,15.486108224285713
4485,4.387822803714285,6.9883315072857135,18.64698570428572,4.404422907999999,2.589331433857143,13.66200584,15.283825441428572
4486,4.351539975571428,7.17899439742857,19.05985146,4.859500022428571,2.5819800151428574,13.445020021428572,15.544919914285714
4487,4.301028561285714,7.290214364857143,19.07573989857143,4.825825746285715,2.5819800151428574,13.36154567857143,15.586894211428573
4488,4.250279993,7.226660049285714,19.059851234285713,4.631842870571428,2.5748657221428575,13.311508544285715,15.5361457
4489,4.271860011999999,7.258437207142857,19.282054155714285,4.716265715142858,2.5748657221428575,13.228034201428573,15.578357235714284
4490,4.416280004285714,7.13132863257143,19.568048519999998,4.623542850285714,2.5819800010000002,13.19483412,15.763802851428574
4491,4.4452114844285715,6.924777191714286,19.266402958571426,4.505682855285714,2.5964457127142855,13.161397025714285,15.216002864285715
4492,4.611448621428571,6.908888584571429,19.647728625714283,4.3624485761428575,2.646957141142857,13.161397025714285,15.460259942857146
4493,4.748754334857142,6.861222819571428,19.187197104285712,4.286800003428572,2.7337514118571424,13.194834120000001,14.988345597142857
4494,4.871594336428571,6.638782828285715,18.71054013285714,4.1181914399999995,2.733751411857143,13.194834120000001,14.651365595714287
4495,5.023365789857142,6.670559986000001,19.18696009142857,4.194077138428571,2.7697971285714287,13.07815981,15.005419888571428
4496,5.059411492285713,6.702337087285715,19.139294327142856,4.227751414571428,2.8058428311428574,13.07815981,15.089605494285715
4497,4.943922923571428,6.638782771714285,18.567305825714282,3.9581199802857143,2.834774254714286,12.978085541428571,14.57547984142857
4498,4.994434309714285,6.908888528142858,18.64674869142857,4.033768553142857,2.8492399665714285,12.944648448571428,14.81143707
4499,4.979968626142857,7.004219945000001,18.67852579285714,4.075979947142857,2.8276599758571423,12.911211354285713,14.862185582857142
4500,5.008900049714286,7.099551418428573,19.297943045714284,4.134791409999999,2.7842628405714285,12.844337165714284,15.376311237142858
4501,5.131740023,7.290214308571429,20.044468704285716,4.353911416,2.820308543,12.777699991428573,15.881899914285716
4502,5.189602870142857,7.576208559,20.044468704285716,4.623542864571428,2.813194264,12.744262897142859,15.957785781428573
4503,5.305328564571428,7.464988591428571,20.155688671428575,4.429797142857142,2.791614273285714,12.560714287142858,15.75574001
4504,5.529191422999999,7.719205740571427,20.79123137428571,4.632079996428572,2.7844999944285718,12.46064001714286,16.151768712857145
4505,5.717008579000001,7.5126542431428565,21.188208467142857,4.682828564714286,2.8565914277142856,12.360565634285715,16.193980022857144
4506,5.818268533285715,7.337879960142857,21.37863428857143,4.522520021714286,2.921568553857143,12.293928458571429,16.126394344285714
4507,6.056597131857143,7.385545668571429,21.39452272714286,4.497382891571428,2.972079996428572,12.143816941428572,16.050508702857144
4508,6.164734296,7.464988534714285,21.44218849142857,4.446871449,2.9936600154285715,11.993705537142858,16.092720012857143
4509,6.236825701142857,7.274325701142857,21.807625721428572,4.261425719285714,3.0223542851428573,11.843594132857143,16.370651425714286
4510,6.272871403714286,7.4014342758571425,22.06184298428571,4.429797128571429,2.9718428565714285,11.860431298571429,16.70763154
4511,6.265519999142856,7.433211433714285,22.617705809999997,4.589868574142857,2.950025711857143,11.793556997142858,17.213220104285714
4512,6.294451422714286,7.464988591571427,22.458820077142857,4.497145709285714,2.906628576428571,11.743519862857141,17.18784596142857
4513,6.323145720714287,7.417322883142857,22.125397187142855,4.539357131571428,2.8848114600000003,11.693482728571428,16.766680354285715
4514,6.200305690857143,7.194882891714286,21.728420094285713,4.37074854,2.870345748142857,11.76035703,16.261091677142854
4515,6.063237103142858,7.115440025571429,20.96600577285714,4.438097092428571,2.848765729142857,11.810394164285714,15.561520292857141
4516,5.947748534428571,6.781780010142858,19.854042885714286,4.160165680142858,2.834537171285714,11.793794122857141,14.516668718571426
4517,5.933282850857142,6.575228569285715,18.66287414285714,3.8736971218571434,2.899514311571429,11.793794122857141,13.53062872142857
4518,5.875657129285714,6.162125687714286,16.772608494285713,3.705088530285714,2.9139800234285715,11.877268465714286,11.836954388142857
4519,5.810442877428572,5.796688571,15.041465591999998,3.4859685384285712,2.913980023428571,11.944142765714284,10.218928571571428
4520,5.810442877428572,5.367934292714286,13.91361415342857,3.1489885445714285,2.892400004428571,12.044217035714285,9.173839928714285
4521,5.803328598428571,4.9074028567142856,12.722208512,2.8120085454285717,2.9431485727142856,12.144291305714287,8.162662856285714
4522,5.788862914857143,4.478411424428572,11.356265600428573,2.3483942848571426,2.993660015285714,12.227528521428571,6.7891314152857145
4523,5.940634368285714,4.398968614857143,10.037988509857144,2.2219971297142855,3.0512857367142856,12.394239967142857,5.398762891857143
4524,6.121337245285715,4.2400828825714285,9.418334244142855,2.0956000028571427,3.094682872142857,12.494314237142857,4.454934315285714
4525,6.301802940142857,4.176528623428571,9.43422290842857,1.8342685747142855,3.1525457192857145,12.510914164285714,4.336837138142857
4526,6.3596657872857145,4.049657174571428,9.624648616428573,1.6824971495714287,3.1309657002857145,12.510914164285712,4.319999999999999
4527,6.424642913428571,4.160640044571428,9.688202932142858,1.8003571517142856,3.1598971238571427,12.494077110000001,4.303162890142857
4528,6.3596657872857145,4.366954331285714,9.481888561142856,1.8928428679999996,3.0946828155714283,12.444039974285715,4.168228603142857
4529,6.381245749857143,4.192417174,9.910642866999998,1.8086571527142856,3.0586370848571427,12.410839892857142,4.5727942821428575
4530,6.323382846142858,4.049420020428571,10.260191376571429,1.6317485795714286,3.0010113634285718,12.444276987142858,4.892937144999999
4531,6.1716113927142855,3.843105761714285,10.148971409714287,1.4970514339999998,2.9431485162857145,12.410839892857142,4.935148567142858
4532,6.027191400428571,3.795440025142857,10.069528543999999,1.4045657195714285,2.928682804428571,12.444277099999999,4.918311457285715
4533,5.911702831714286,3.731885737857143,9.879102836,1.379428577,2.935797083428571,12.427439934285715,4.994197184000001
4534,5.774634300428572,3.8431057052857147,9.73610565457143,1.3035428572857144,2.9213313717142855,12.377402687142858,5.044708570142857
4535,5.832260022,3.684457126857143,9.894754261285714,1.1771457127142857,2.9647285352857145,12.394002728571428,5.145968580999999
4536,5.832260022,3.763662839142857,9.910642812714286,1.2444942827142855,2.9502628234285715,12.427202809999999,5.011034293857143
4537,5.810680059571427,3.8431056771428573,9.767645743999998,1.3623542812857143,2.978957121285714,12.377165674285717,4.977360017571428
4538,5.7457029334285705,3.827217098285714,9.21178291942857,1.4380028522857142,3.0439342755714285,12.427202808571428,4.4886085968571425
4539,5.644680048285714,3.795439968714285,8.735362847428572,1.4716771391428571,3.015002852,12.443802848571428,4.1430914215714285
4540,5.579702865714286,3.9858657048571424,8.655919981285715,1.530488565,3.051285708428572,12.560714284285714,4.109417145285715
4541,5.507374278571429,3.9223114458571433,8.655919981285715,1.6063742847142854,3.0873314391428575,12.644188625714287,4.1684657338571425
4542,5.384771374428572,4.239845700142857,8.862471478428573,1.859405717142857,3.029705717714286,12.594151491428573,4.379048537142857
4543,5.348725671857143,4.414620011428572,8.910137129857143,1.8342685728571426,3.0802171602857142,12.577551451428574,4.665754277714286
4544,5.305328508142858,4.351065724142857,9.291225671000001,1.7752200054285716,3.080217160285714,12.594151492857142,5.019571388571428
4545,5.3124427871428574,4.335177145285714,10.148971409571429,1.7078714354285711,3.0441714295714286,12.51067715142857,5.845302810285714
4546,5.420817076857142,4.287748562571428,10.990828597285715,1.7078714354285716,3.037057150714286,12.427439935714288,6.553174298857143
4547,5.5434199809999996,4.176765692571427,11.73735436857143,1.6405228671428573,2.9936600152857147,12.310528500000002,7.134648561571429
4548,5.7312371368571435,4.065782822571428,12.372897184285716,1.4972885791428574,2.936034293857143,12.343965594285716,7.556051406999999
4549,5.969565735428572,3.8910085678571424,12.992314324285715,1.387728576142857,2.964728591714286,12.444039862857142,8.061640028
4550,6.207894334000001,3.7956770944285716,13.786505861428571,1.4297028657142856,2.9357971681428565,12.444039862857142,8.584065758
4551,6.431757192571429,3.7956770944285716,14.501254531428573,1.4297028657142856,2.9286828609999995,12.460639902857142,9.081354301142857
4552,6.576177184857143,3.8431056771428573,15.025340141428574,1.4719142914285714,2.8781714467142856,12.510677150000001,9.494457182714287
4553,6.669848609,3.9381999682857147,15.422317347142856,1.522425719857143,2.8852857255714284,12.627351460000002,9.797762850857143
4554,6.691665753714285,3.9381999682857143,15.53353720142857,1.6066114332857142,2.8418885901428568,12.660788667142857,9.91562290242857
4555,6.641154311142857,4.001517129857143,15.549188627142856,1.7752200054285716,2.805605733571429,12.57731443857143,10.075694376428572
4556,6.547245761428571,4.033294259428571,15.517411525714286,1.7666828594285715,2.762445723857143,12.510677262857143,10.084231465
4557,6.373894289,3.9697400004285717,15.263194262857143,1.783757144285714,2.7048200024285713,12.610751531428573,10.033719966428572
4558,6.229474296571428,4.017405737,15.167862732857143,1.8513428577142859,2.6543085881428574,12.644188625714287,10.084231466428571
4559,6.142917151428571,4.128625704428572,15.199639834285716,1.9272285702857146,2.661422867,12.594151378571429,10.218928571142857
4560,6.056360006285714,4.112737125571429,15.2790827,1.9862771377142856,2.632491443428571,12.544114244285714,10.379000044285714
4561,6.070825689857143,4.303162861857143,15.548951387142855,2.053862858285714,2.733751454285714,12.61075142,10.581282827142857
4562,6.186314258571429,4.366717149142858,15.644282917142858,2.003351429714286,2.784262868714286,12.594151378571427,10.539071404285716
4563,6.272871347142858,4.303162861857143,15.564840051428572,2.003351429714286,2.7913771477142855,12.62735146,10.471485726857143
4564,6.359428492285715,4.3190514407142855,15.580728715714287,1.9948142837142857,2.870819985571429,12.493839984285714,10.378762918571429
4565,6.366542771285715,4.350828542,15.564840052857141,2.003114275857143,2.964728563428572,12.393765715714284,10.353388662857144
4566,6.222122779000001,4.350828542,15.13608586,1.960902853714286,2.9576142845714286,12.327128652857144,10.033245828428573
4567,6.092168526714286,4.271622829714286,14.596111472857144,1.8259685720000003,2.9576142845714286,12.260491477142859,9.654054406
4568,5.868305668142858,4.112737097285714,14.167357167142859,1.6741971380000003,2.8637057067142857,12.143817167142858,9.359285827428574
4569,5.572114222428572,4.080959939571428,13.72271431,1.6234485627142858,2.827660004142857,12.143817167142856,9.098191468857143
4570,5.268808554285713,4.096848518428571,13.436957072857142,1.5980742785714284,2.8060800134285713,12.110617085714283,9.056217172285715
4571,4.979968569571428,4.065071360714286,13.087645631428572,1.5390257111428571,2.7121714495714286,12.160654332857144,8.938119995000001
4572,4.8355485772857145,4.112737125714285,13.357751557142857,1.5980742855714287,2.639842862428572,12.17725426,9.13210281357143
4573,4.914991443428572,4.351065724285714,13.881837280000001,1.7835199868571432,2.6687742860000006,12.227291395714285,9.705039930857142
4574,4.893174298714285,4.891039998285714,14.596585837142857,2.069988568142857,2.697705709571429,12.293928571428571,10.429748444714287
4575,5.030242886428572,5.256477115,15.168337211428573,2.4155057097142856,2.7337514119999997,12.277328530000002,11.086871280428571
4576,5.044708626428572,5.669579968285714,16.105525702857143,2.9633057032857146,2.733751412,12.160417094285716,12.199071293285714
4577,5.160197195142857,6.098571400428571,16.89971723857143,3.3510343007142858,2.769797114428571,12.126980001428572,12.957454140142856
4578,5.21806004242857,6.575228569285715,17.550911480000003,3.831485713571429,2.827422821857143,12.09377992,13.74951131857143
4579,5.246991466,6.924777135285715,17.805128515714284,4.092580002,2.870819957142857,12.09377992,14.187751217142857
4580,5.145731455142857,7.1472171267142866,18.01168001285714,4.395885726714286,2.870819957142857,12.07717987857143,14.566942640000002
4581,5.124151436285715,7.1313285760000005,18.075234215714286,4.598168566142857,2.8637056782857147,12.077179878571428,14.710413959999999
4582,5.008662867571428,7.035997159142857,17.964014248571427,4.707728569142857,2.8565913994285714,12.043742784285714,14.542042635714285
4583,5.037594291285714,6.988331450714286,17.805128515714284,4.505445729571429,2.885522823,12.060579951428574,14.11233982714286
4584,4.994434253285715,6.877111426857143,17.69390832142857,4.463234279142857,2.8926371019999997,12.043979910000001,13.96056843
4585,5.008899993285715,6.702337143857144,17.852794054285713,4.32,2.8926371019999997,11.993942775714286,13.943731264285717
4586,4.994434309714285,6.654671435428571,17.566799691428574,4.421260010857144,2.8421256877142858,12.010779941428572,13.851008455714284
4587,4.987320030857142,6.607005727,17.58268812857143,4.463471433142858,2.8276599758571423,12.027379982857141,13.733148517142856
4588,5.037831473428571,6.448119994714285,17.423802622857142,4.2528885732857145,2.7913771192857135,11.993942775714286,13.395931502857142
4589,5.088342916,6.7341143017142855,17.709796985714284,4.337074292,2.784025686428571,11.993942775714288,13.749748669999999
4590,5.081228637,6.7023371439999995,17.678019885714285,4.328774271714286,2.7769114075714287,12.043979910000003,13.758285759999998
4591,5.059411492285714,6.591117176428573,17.32847132,4.227751414714286,2.7913771475714286,12.027142744285714,13.446442888571429
4592,5.088342915857142,6.781780009999999,17.407914185714283,4.387822860285714,2.7842628685714286,11.97710561,13.454980091428572
4593,5.12438861842857,6.670559986,17.61446568285714,4.286562849428571,2.820308571142857,11.960268444285715,13.438143038571427
4594,5.153320042,6.575228569142857,17.630354347142855,3.9830199989999997,2.892400004428571,12.010305578571428,13.379094449999998
4595,5.1606714465714285,6.638782884714284,17.66213144857143,3.974482853,2.9647285634285714,11.99370565142857,13.429605837142857
4596,5.189602870142857,6.368677184857143,17.69390855,3.8985971545714286,3.015240006,12.043742787142858,13.32858295142857
4597,5.254579996285715,6.352788634142857,17.805128517142858,3.8817600164285713,3.0368199967142857,12.04374278714286,13.32858295142857
4598,5.427931468714285,6.527562917142857,18.29767437857143,3.8817600164285713,3.0586371131428574,12.093779921428572,13.632125858571426
4599,5.500022873857143,6.352788634142857,18.18645441142857,3.654102864428571,3.1451942582857138,12.260491365714287,13.463517294285714
4600,5.550771442142856,6.3527886341428585,18.12290020857143,3.460357142571429,3.166774277285715,12.377402801428572,13.395931502857144
4601,5.6157485682857144,6.257457217428572,18.12290020857143,3.418382846,3.1162628347142864,12.394002841428572,13.387631538571428
4602,5.724122858,6.225680059571429,18.72642879714286,3.5111057108571435,3.1089114301428573,12.427439934285713,13.800734305714284
4603,5.753054281571429,6.273345768,18.599320165714285,3.2583114005714284,3.072865699285714,12.47747706857143,13.792197102857143
4604,5.789099984142857,6.082682934428571,18.313326028571428,3.098239983285715,3.0583999874285714,12.510677037142857,13.564539949999999
4605,5.796451388857143,5.780800076857143,18.106774531428574,2.912794267857143,3.043934275571428,12.527514202857143,13.260997042857143
4606,5.846962831428572,5.526582927714286,18.027331665714286,2.7275856921428567,2.9644914094285713,12.527514202857144,13.008202761428572
4607,5.9479856600000005,5.447140061571429,17.947888799999998,2.6770742778571432,2.971842814,12.460640014285715,12.780782735714284
4608,6.085291373428572,5.447140061571429,17.868445934285713,2.6516999937142853,3.0007742375714286,12.560714284285714,12.620474135714286
4609,6.150268556142857,5.192922912428571,17.376137312857143,2.4916285764285715,3.015239949428572,12.794300031428573,12.030462841428573
4610,6.244177106,5.113480046142857,17.31258311142857,2.4496542939999997,3.065751392,12.460640015714286,11.668108585714288
4611,6.273108529571429,5.1293685967142855,17.169585815714285,2.407442857571428,3.1017971228571426,12.17701724857143,11.474362892857144
4612,6.244177105857142,5.256477171285714,16.756720058571428,2.4159800035714283,3.1162628347142864,11.859957274285714,11.162757148142857
4613,6.229711422285713,5.335920037428571,16.232634334285713,2.542377144714286,3.1670114311428574,11.509697218571429,10.749891392285715
4614,6.164734296142856,5.224700069999999,15.756214262857144,2.4833285702857144,3.1814771711428578,11.326385732857144,10.337025749285713
4615,6.07082574642857,5.034037179857143,15.009688491428573,2.4159800037142856,3.188591478428571,11.309785691428573,9.620854325857142
4616,5.940634311999999,5.24058862057143,14.088388437142855,2.390605705428571,3.159660026571428,11.259511430000002,8.946657141285714
4617,5.839374301142857,5.2247000134285715,12.770111290285712,2.457954272,3.1380800075714284,11.74328285,7.834219973142858
4618,5.781511454000001,5.2882542724285715,12.500242715999999,2.5421399767142856,3.116499988571429,12.260491362857142,7.825682883142858
4619,5.774160049428572,5.224699957,12.563559906,2.6936742621428573,3.094682872142857,12.827737124285715,7.968917190714286
4620,5.839374301285715,5.399474239999999,13.055868528857143,2.7524856967142854,3.058400015714285,13.411582925714285,8.314434280857142
4621,5.882771464999999,5.367697082142857,13.230405573142857,2.7524856967142854,2.9934228614285714,13.978591448571427,8.465968552142856
4622,5.983794293571427,5.41536279057143,13.611494114571428,2.853508567857143,2.957377130571428,14.328851505714287,8.752437054
4623,6.099519988,5.272365665428572,14.040485546000001,3.005280007142857,2.9431485727142856,14.328851505714285,9.097954200857142
4624,6.135802872714286,5.034037123428571,14.81878841857143,2.9547685785714286,2.878171446714286,14.312251464285714,9.79752561242857
4625,6.070825746571429,4.748279998714286,14.421574201428573,2.7356485938571424,2.820308599428571,14.329088631428572,9.224588439714285
4626,5.940871437857143,4.494300003428571,13.278071338571428,2.432342874428571,2.7553314449999995,13.995428615714287,8.069939878142856
4627,5.731237137142857,4.049657146285714,11.610245569285714,2.112200017,2.697705723571428,13.461620061428572,6.662734213428571
4628,5.5289542411428565,3.8433428594285712,10.08541709485714,2.0194771591428577,2.733751426,12.91121158,5.356551350714285
4629,5.370068565285714,3.6526800257142855,8.79891716257143,1.7835200080000002,2.7408657049999996,12.594388617142858,4.202139964285714
4630,5.225648572857142,3.382811423285714,7.623400072571428,1.378954290142857,2.755094262857143,12.677862845714285,3.1487514065714284
4631,5.146205706571428,3.4463657105714285,7.067300009142857,1.345280014,2.7982542442857143,12.74450002142857,2.727348561285715
4632,5.182251409000001,3.620902867857143,6.9084142765714285,1.3116057272857142,2.870582803285714,12.610988544285714,2.6346256964285715
4633,5.204068553571429,3.858994312428571,7.559608630857143,1.446540009,2.9355599577142852,12.711062814285714,3.1572885527142853
4634,5.2258856982857145,3.8907714419999997,8.083931423428572,1.5224257232857143,2.9644913812857143,12.994685582857143,3.6375028645714282
4635,5.283511419714285,4.0653085711428565,8.385814281,1.5983114288571427,2.9644913812857143,13.161397027142858,3.873460010285714
4636,5.261931400714286,4.224194303571428,9.084674287571428,1.724708562857143,2.9644913812857143,13.06132275857143,4.631842863714286
4637,5.225648516000001,4.398731460857143,9.847088496142858,1.9438285652857143,2.9502628234285715,12.94464844857143,5.3733886072857135
4638,5.211182776,4.446397141,10.180748511000001,1.901617128857143,2.943148544428572,12.944648448571428,5.6852314779999995
4639,5.196954218142857,4.4940628494285715,10.546185627857142,1.994339983,2.9142171208571424,13.027885664285714,5.988537202571429
4640,5.211182776000001,4.335177145285715,10.625628380714286,1.9267542695714286,2.8926371018571433,13.228034202857142,6.2496314484285715
4641,5.254342814,4.382842881857142,11.181491318857141,1.893079982857143,2.8852856690000004,13.244634242857144,6.831105711142856
4642,5.283274237714286,4.271860039999999,12.198122790000001,1.8594057067142857,2.8492399665714285,13.311508431428573,7.808608619857141
4643,5.369831382857143,4.0655457248571425,12.770111290000001,1.7078714284285714,2.8131942640000003,13.328108471428573,8.230011521714285
4644,5.528717115285715,3.954562854857142,13.45308285857143,1.606848568,2.791377119285715,13.09452283857143,8.769511487857143
4645,5.7236485501428565,3.8118028835714277,14.12016565142857,1.5141257138571427,2.762445695714286,12.744262895714288,9.258262886142857
4646,5.933045668571428,3.5260457305714286,14.755471455714286,1.4523500016666666,2.7263999932857144,12.327365777142859,9.763851506285715
4647,6.1137485457142855,3.3515085732857144,15.184225875714287,1.2952033381666666,2.690354290857143,11.910231532857143,10.025182991
4648,6.272634221571429,3.192622855142857,15.438205785714285,1.1377800073333333,2.668774300142857,11.610008724285715,10.134742965714286
4649,6.424405675,3.0178485581428567,15.644519931428572,0.9117433401666667,2.639842876571429,11.242911614285713,10.16011722157143
4650,6.547245648285714,2.843074275142857,15.69194845857143,0.7739633413333333,2.618262871714286,10.99272594142857,10.084231466571428
4651,6.6051084954285715,2.7159657147142857,15.564839828571431,0.6361833423333333,2.5966828668571433,10.942688807142858,9.890248647285715
4652,6.612222774428572,2.5888571401428573,15.279082702857142,0.5672933408333334,2.5532857314285713,11.076200170000002,9.637454364714287
4653,6.503848484714285,2.509414288142857,14.945659812857144,0.595434291,2.5243542935714283,11.309785802857144,9.393197172714286
4654,6.388359916,2.461748579714286,14.72345689,0.6037342901428572,2.4736057111428567,11.393260031428571,9.26680003157143
4655,6.2802228084285705,2.4458600008571425,14.533031181428571,0.6291085742857143,2.444674273285714,11.526771395714286,9.190914389571429
4656,6.179199923142858,2.4299714359999998,14.279051271428571,0.6542457150000001,2.437322840285714,11.877031452857143,9.055980046
4657,6.056359949857142,2.4140828712857143,14.00918281,0.6037342865714285,2.444437133285714,12.227291395714285,8.921045815571429
4658,5.911939957571428,2.3346400050000002,13.70753702142857,0.5449228554285714,2.451551426285714,12.477477068571428,8.794648674571429
4659,5.760405686285714,2.2234200092857144,13.342099905714287,0.44390000028571425,2.4804828498571427,12.660788554285714,8.600902981
4660,5.695428560142856,2.1598657218571424,13.040216991428569,0.35117714614285717,2.5094142877142853,12.810899958571428,8.348108698999999
4661,5.644679991857141,2.112199999285714,12.78599984285714,0.2584542884285715,2.560162870142857,13.027885664285716,8.162662969428572
4662,5.593931423571427,2.064534290857143,12.547671358571426,0.18256857585714287,2.6035600197142856,13.144559974285714,7.977217183285715
4663,5.507137152857142,1.9533142881428573,12.388785625714286,0.031034286999999987,2.610911452714286,13.027885664285716,7.893031464428573
4664,5.398762863142857,2.254960005857143,12.76987428,0.29236571499999997,2.5893314478571425,12.761099950000002,8.196574258285713
4665,5.348251420571429,2.508940015285714,13.166851371428569,0.5871342867142858,2.5966828808571427,11.860194230571429,8.55062855142857
4666,5.239877130857143,2.937694321857143,13.627382778571429,0.9831628478571428,2.5966828808571427,10.859451367,9.022542783285713
4667,5.174900004714286,3.334671456571429,14.135579951428571,1.2864685584285713,2.603797159714286,9.624885688428574,9.553505603
4668,5.117274283142857,3.8269800080000005,14.929771261428572,1.6658971354285712,2.6037971597142855,8.323682862285715,10.345562781285713
4669,5.037831416857142,4.176291405857143,15.612742717142856,2.0450885585714285,2.589331448,7.155991427571429,11.146157106285713
4670,4.958388550714285,4.827485710857142,16.486377120000004,2.618025703428571,2.596445726857143,5.871388556714286,12.098522771428573
4671,4.893411424571428,5.034037123428571,16.835925687142858,2.9044942618571428,2.6253771647142856,4.570185716142857,12.688297167142858
4672,4.850014317428572,5.478917106285714,17.407914414285717,3.1572885580000003,2.639842876428571,3.8862657294285716,13.41300568
4673,4.821082893714286,5.733134198857143,18.011680242857143,3.4522942907142857,2.661660021142857,3.2189457128571433,14.002780075714286
4674,4.719822882857144,6.162125631,18.678763034285712,3.856859983857143,2.654545742285714,2.9659933516666666,14.811674421428572
4675,4.633028612142858,6.162125631,18.74231746285714,4.075742835857143,2.654545742285715,2.7752040406000003,14.91293443285714
4676,4.524654322428572,6.591117063285715,18.948868732857143,4.328537117857143,2.654545742285715,2.2845080358,15.266988612857142
4677,4.481257215285714,6.654671322285715,18.980645832857142,4.454934287142857,2.654545742285715,2.2380280406,15.28382578
4678,4.466791475142857,7.004219944857144,19.139531564285715,4.615005704428571,2.654545742285714,2.0743520304,15.519782895714286
4679,4.387348609,7.147217070000001,19.266402957142855,4.8004514341428575,2.6327285975714285,2.08024503125,15.688391572857142
4680,4.401814349142857,7.083662810999999,19.18696009142857,4.682354285142857,2.6327285975714285,2.128800028666667,15.70522873857143
4681,4.4667914752857145,6.781779953428571,18.726428797142855,4.437860023285714,2.6543085882857143,2.128800028666667,15.241851597142857
4682,4.4667914752857145,6.940665685857143,18.77409456285714,4.454697189571428,2.6614228671428575,2.4890200125,15.30920015
4683,4.510188639,6.845334269,18.615209057142856,4.463234335714286,2.6614228671428575,3.2480550480000003,15.140591700000002
4684,4.5391200625714285,6.845334269,18.67876326,4.471771425285714,2.661422867142857,3.4812850135000004,15.250151674285716
4685,4.553585802714286,6.591117063285715,18.599320394285716,4.370511470857143,2.675888578857143,4.0942400375000005,15.022731535714286
4686,4.568051486142857,6.3527885212857145,18.13878887285714,4.050368579714285,2.6832400118571433,4.1526720174000005,14.567654357142857
4687,4.5320057270000005,6.416342780285715,18.107011771428567,4.134791452428572,2.675888579,4.191626670666667,14.660377165714285
4688,4.452562889142858,6.702337087285714,18.488337438571424,4.438334302857143,2.6469571552857145,4.236051407142858,14.988819962857145
4689,4.459914293714286,6.511674253714284,18.202343074285714,4.244588552857143,2.6398428764285713,4.352725689000001,14.820211398571429
4690,4.459914293714285,6.384565679142857,18.456560109999998,4.1770028464285724,2.6398428764285713,4.402762823714286,14.820211398571429
4691,4.452800014714286,6.2574571045714285,18.10701154428571,3.9998571654285717,2.6398428764285713,4.586311378428571,14.47469430857143
4692,4.474379977142857,6.321011419999999,17.868682945714284,3.856622858,2.668537146142857,4.719822770142857,14.289248691428574
4693,4.532005698714285,6.416342836857142,17.932237374285712,3.9071343005714283,2.690117136857143,4.786459945571429,14.263874322857143
4694,4.611448565000001,6.368677128571429,17.805128742857143,3.7131514248571427,2.711934281571429,4.936571406142856,13.96886861857143
4695,4.770334269000001,6.003239955428571,17.535023042857144,3.274911427142857,2.755331417,5.036645732142857,13.606514362857142
4696,4.871357154142857,6.241568497428572,18.04345734142857,3.4435200187142856,2.776911407714286,5.1533200422857135,13.968868507142858
4697,5.015777146428571,6.336899914142856,17.97990314,3.4435200187142856,2.7913771194285713,5.136720001571429,14.019380005714286
4698,5.2035942458571425,6.273345655142856,18.361228807142858,3.401545722142857,2.820308543,5.220194286857143,14.213125811428572
4699,5.297502852142857,6.114459922857143,18.710777372857144,3.384708584142857,2.791614273285714,5.253631437428572,14.491294235714284
4700,5.4058771420000005,6.114459922857143,19.250751534285715,3.4015457222857144,2.791614273285714,5.337105722571429,14.895859914285714
4701,5.543182855285714,6.162125631142857,19.552634335714288,3.527942863428571,2.7771485614285716,5.337105722571429,15.106679787142856
4702,5.687840029857143,6.305122812857143,19.949611428571433,3.612128568142857,2.777148561428571,5.420580007714285,15.469034042857146
4703,5.890122869428571,6.178014238285714,20.394254285714286,3.5530799795714283,2.798728552142857,5.570928537428571,15.620805552857144
4704,6.085291429999999,6.384565735714287,21.204334145714288,3.4942685448571424,2.856354273714286,5.671002863285715,15.966322642857142
4705,6.186314315285713,6.845334269142858,21.712531431428573,3.721688542714286,2.9142171491428575,5.721040054428571,16.311839734285716
4706,6.388597154714285,7.131328576142857,21.95062279142857,3.7975742411428572,3.0223542849999996,5.821114380285715,16.328676901428572
4707,6.590880050714285,7.0042200015714275,21.474202832857145,3.6375028097142854,3.1307285747142855,5.871151515,15.747202695714284
4708,6.626925809857143,7.03599715942857,21.07698850142857,3.553317090857143,3.2246371527142856,5.887988624857143,15.165728490000001
4709,6.641391493428571,7.004220001571428,20.36223994428571,3.4774313924285707,3.29696574,5.887988624857143,14.365371347142856
4710,6.561948627142857,6.988331450857143,18.996297032857143,3.308822829142857,3.3258971918571425,5.954625800285713,13.244634244142857
4711,6.439108597285714,6.607005670428571,17.233139904285714,3.081165691428571,3.3258971918571425,6.038100085571428,11.753005625857142
4712,6.316268567428572,6.0667942707142855,15.549425528571428,2.744185704714286,3.3258971918571434,6.171611505571428,10.278214172714286
4713,6.157382835142857,5.717245704714285,13.38929125042857,2.516765720857143,3.2898514892857142,6.221648640285714,9.405963304833332
4714,6.012962786285715,5.526582871,11.308599838428568,2.525065727142857,3.239340046714286,6.338560076142857,7.203696627333333
4715,5.940634199000001,5.2247000134285715,9.116688473428571,2.3313200195714288,3.188591478428571,6.455234386285715,4.853966618333334
4716,5.882771351714285,5.113479989571429,6.829445620428571,2.3061828752857143,3.1162628911428567,6.522108630857143,2.0618466170000005
4717,5.918817054285715,4.843374261571428,4.240319966714286,2.1966228794285714,3.1017971792857146,6.555545781428571,-1.1433367261666665
4718,5.969328496857143,4.7639314520000005,1.968965720571428,2.162948589,3.0657514484285713,6.655620050857143,-4.0433567565
4719,6.012725660428571,4.684488585857143,0.11071432800000006,2.137574290714286,3.0007742941428575,6.622182900285714,-6.235663430166667
4720,5.983794236857142,4.46228572,-2.1606399174285715,2.137574290714286,2.921331428,6.738857154,-7.392960158714287
4721,5.875420003571429,4.240082854285714,-3.764911370857143,1.9692028601428573,2.8563543018571425,6.955605676999999,-8.901425888
4722,5.7670457137142845,3.9384371505714286,-4.241568497285714,1.7247085735714285,2.7842628544285715,7.189191423,-9.263780144714287
4723,5.608159981428571,3.525571451142857,-4.257457076142857,1.4887514295714284,2.7553314308571433,7.439377209714285,-9.010985806142857
4724,5.427694286571429,3.3351457431428573,-3.622151385428571,1.2613314244285712,2.7553314308571433,7.6060885979999995,-8.15134294957143
4725,5.2472285917142845,3.0970542984285716,-3.0186228099999997,1.1574233306666668,2.740865719142857,7.689562939857142,-7.190677207857142
4726,5.088342859428571,3.0493885899999995,-4.527799944571428,1.0885333353333333,2.7479799980000004,7.8396743440000005,-8.665468717285714
4727,5.037831473285714,3.0968171445714288,-4.178488504285714,1.009683328,2.7840257005714286,8.040060065,-8.185254408714284
4728,5.059411435714286,3.160371431857143,-4.734588454571429,0.990039994,2.841651422142857,8.073497272142857,-8.724517304428572
4729,5.146205706571428,3.319020010285714,-5.6238741971428565,1.1671066608333334,2.921094274142857,8.223608676285714,-9.626134458571428
4730,5.1822514655714285,3.509682872142857,-6.703822716857142,1.3242533243333334,2.986071428571429,8.373720080428571,-10.738571654571428
4731,5.167785725571428,3.6526800255714282,-7.434459881,1.4620333273333335,2.9716056885714286,8.490631516285713,-11.530628833571429
4732,5.182251409142857,3.858994312428571,-9.245282817428572,1.4719142788571429,3.0150028238571425,8.607305713285713,-13.435123038142857
4733,5.218297168142857,3.748011442428571,-8.736848518428571,1.530962846285714,3.036582842857143,8.690780055142858,-12.996882912428571
4734,5.225648572714285,3.6688057301428567,-9.00671709257143,1.4889885604285715,3.0655142947142866,8.623905754,-13.409748555285715
4735,5.283511420000001,3.811565701428571,-7.624648561285715,1.5477999862857141,3.0799800064285714,8.64050568157143,-12.280474250285716
4736,5.269045736428572,3.7005828314285716,-6.989342814,1.404565700142857,3.0944457182857144,8.540431412142857,-11.741211352999999
4737,5.355840007285714,3.6370285441428574,-5.305865704857143,1.2867057015714285,3.0944457182857144,8.356882800857145,-10.131722738714286
4738,5.478680037142857,3.5099199695714285,-4.098571400142858,1.2276571307142856,3.123377170142857,8.356882800857145,-8.943636998428572
4739,5.615748624857143,3.271828525,-1.1122313027142863,1.109559988857143,3.137842882,8.340282873285714,-5.985991368999999
4740,5.753054338285715,3.2718285249999997,1.7944286897142856,0.9494885662857143,3.1162628629999998,8.30684566614286,-3.1291313857142855
4741,5.91905434957143,3.1447199645714288,5.050637248571428,0.8230914217142857,3.0586371414285707,8.223371381000002,0.031034265714285882
4742,6.027428639285715,2.8271857102857143,7.464751437285715,0.6547199982857144,2.979194275285715,8.156734318714285,2.4242799817142857
4743,6.222360017714286,2.700077149857143,10.101305786857143,0.5619971475714286,2.906865716285715,8.123297111571429,4.901711416714286
4744,6.373894288857143,2.5570800105714286,11.75324286357143,0.4439000092857142,2.863705706571429,8.156734318714287,6.418714234857142
4745,6.503848540999999,2.4458600007142857,13.468497046,0.31750286814285705,2.813194264,8.023222955285714,8.019902800142857
4746,6.583291407142856,2.3028628612857145,14.46900272714286,0.19964286600000003,2.7408657050000005,8.006622914571427,8.92175707957143
4747,6.662734216714284,2.159865721857143,15.10430841857143,0.08154572242857143,2.7048200025714286,8.040060121714285,9.494694196285712
4748,6.684314179285714,2.0804228555714284,15.326511227142857,0.0056600168571428544,2.6830028578571428,8.056897344571428,9.688440002857146
4749,6.640917072142857,2.0168685682857146,15.31062279,-0.045088558428571436,2.654071434285714,8.006860209857143,9.713577133142858
4750,6.5904056859999995,1.9850914245714288,15.278845462857145,-0.019714281428571432,2.625140010714286,7.940223147571429,9.738951388999999
4751,6.5904056859999995,1.953314280857143,15.167862734285716,0.06470857014285715,2.6106742988571425,7.823311655285714,9.738951388999999
4752,6.518077155285714,1.9533142808571426,15.08865710714286,0.10668285271428571,2.560162870285714,7.656363028285715,9.688202877285715
4753,6.417054270142857,1.9692028598571427,14.961785715714287,0.14889428200000002,2.5456971584285712,7.522851608285714,9.612317122285713
4754,6.308679980428572,1.953314295142857,14.660140040000002,0.14889428200000002,2.5456971584285712,7.289265862285714,9.410034339142856
4755,6.294451422571429,1.953314295142857,14.437937231428572,0.15719427414285714,2.596208572857143,7.122317235285714,9.292174287571429
4756,6.272871403571429,2.0009800035714282,14.247511522857144,0.15719427414285714,2.65407142,6.938768624,9.148940093142857
4757,6.200779942,2.048645712,14.009420162857143,0.14011998928571429,2.6758885647142856,6.755220012714285,8.938120107571429
4758,6.070825633285714,2.0804228557142856,13.755202901428573,0.0556971377142857,2.7479799980000004,6.605108608428572,8.710462955714286
4759,6.099757056857142,2.239308574,13.548651517142856,0.022022847285714273,2.8563542737142855,6.371522919,8.508417185285714
4760,6.114222796857143,2.398194292142857,13.278545817142858,-0.03702572014285715,3.0225914107142855,6.021025793857143,8.247085813714286
4761,6.128688536857142,2.6680628662857147,13.07199432,0.005185709142857138,3.0875685367142855,5.770840063857143,8.070177173571428
4762,6.121337132142856,2.937931454571429,13.056105655714285,0.08960856771428571,3.152782845,5.554091484285714,7.867894334
4763,6.193428537285714,3.049151450285714,12.913108474285716,0.30042856728571427,3.1817142685714286,5.320505738428571,7.808845745428571
4764,6.272871403571429,3.3031314455714287,13.246531364285715,0.528085712,3.290088558285714,5.153557168,8.002828564571429
4765,6.272871403571429,3.541222876,13.437194309999999,0.789417140142857,3.3190199820000004,5.103520033285714,8.32297151257143
4766,6.200779942,3.779314292428571,13.786505749999998,1.0758857197142857,3.340600001,5.2038314282857145,8.634577257285715
4767,6.150268499428571,4.065071445571428,14.12016565142857,1.5392628475714285,3.2322257112857145,5.3541799580000005,9.123328655
4768,6.085291373285714,4.255734279285714,14.485602767142856,1.7669199922857144,3.2972028657142856,5.3873799828571425,9.460308655857144
4769,5.94798566,4.366954275,14.66037705,2.0280142805714285,3.2609200092857145,5.420580007714285,9.898548610428573
4770,5.731474262571429,4.748042844857143,15.105019907142857,2.255434292714286,3.275385721142857,5.520654333571429,10.412674263571429
4771,5.521839961857142,5.097591439142856,15.232128538571429,2.508228581857143,3.1741257102857148,5.5709285938571425,10.749654264714284
4772,5.370068564857143,5.6219142881428565,15.72443704857143,2.820071424285714,3.0512857085714287,5.537728569,11.196431366142859
4773,5.232762851571429,5.764911469857142,15.803879914285716,3.106777129428571,2.993422833142857,5.520891459142858,11.466299940428572
4774,5.1099228782857145,5.844354336,15.994305735714288,3.174125710142857,2.9500256977142856,5.504054349285714,11.710794259
4775,5.008662867428571,5.9237972021428575,16.105288691428573,3.393008562142857,2.834537129,5.554328609571428,12.014337165714286
4776,5.001548588428571,6.098571485142857,15.994068724285714,3.4437571304285717,2.7984913981428576,5.587765759999999,11.980425821428572
4777,5.05917431,6.305122925857143,16.31184018857143,3.6377399495714284,2.7911399935714294,5.6378028947142855,12.157334461428572
4778,5.138617176285714,6.384565791999999,16.24828575857143,3.8231856792857144,2.8779342925714286,5.737877164142858,12.08998590857143
4779,5.2180600425714285,6.162125800571428,15.866960091428572,3.7050885585714286,2.9502628515714284,5.871151458571428,11.559023088
4780,5.290151504142857,6.384565791999999,15.723962797142859,3.6375028521428567,2.9791943034285717,5.938025703142857,11.51681166657143
4781,5.340662946714285,6.368677184857143,15.61274283,3.6206657140000003,3.0441714578571433,6.038099972714286,11.238643127999998
4782,5.398525794000001,6.352788634142856,15.644519931428572,3.5701542997142854,3.152308593714286,6.138174242142857,11.154220283714283
4783,5.4129914775714285,6.384565792000001,15.61274283,3.4942685871428574,3.181240017285714,6.188211376857142,11.061734487571426
4784,5.355365755999999,6.321011476428572,15.34263713,3.4183828887142864,3.2101714408571422,6.221648527428571,10.825777259
4785,5.34090007242857,6.273345711428571,15.18375139857143,3.1655885784285718,3.1523085654285716,6.238248568142858,10.800403003285712
4786,5.333785793428571,6.257457160857143,15.025102791428575,3.199262854571429,3.1523085654285707,6.188211433285715,10.867751555285713
4787,5.319320053285714,6.209791452428571,14.898231511428571,3.1824257165714287,3.1451942581428574,6.204811474,10.648631492428573
4788,5.377182900428571,6.543451411285715,15.279557178571428,3.3847085561428574,3.1670114027142864,6.188211489714286,10.918262828142858
4789,5.3266714578571435,6.734114245000001,15.231891412857143,3.544779973428571,3.0444085551428577,6.1381743549999985,11.078334189571427
4790,5.290625755285714,6.84533421242857,15.644757170000002,3.7385256809999996,3.087805718857143,6.188211489714286,11.406777101428572
4791,5.297740034285715,6.940665685857143,15.54942564,3.738525681,3.051759988,6.2382486244285715,11.457288601428571
4792,5.305091438857143,7.004220001428572,16.0101944,3.974482825,3.0517599879999997,6.254848608714285,11.701782807142857
4793,5.384534248571429,7.290214251857143,16.772608608571428,4.311699951571429,3.0299428434285716,6.254848608714286,12.418191357142858
4794,5.500259999571428,7.369657061571429,17.661894210000003,4.404422816285714,2.979431429142857,6.188211433285714,13.00796564
4795,5.5723514047142855,7.020108552000001,17.51889714142857,4.278025703428571,2.907102842,6.0881371074285715,13.016502842857141
4796,5.673374289857143,6.861222876142858,18.02733144,4.168465700428571,2.9215685537142853,6.071299997571428,13.218785738571428
4797,5.738351416,6.877111483285716,18.519877074285713,4.252651419285714,2.849239966428571,6.021262862857142,13.606514364285715
4798,5.875657129285714,7.020108608428572,19.377622927142856,4.370511414285714,2.7842628404285716,5.904588552714285,14.365134448571428
4799,6.0271914005714295,6.924777191714286,19.77460001857143,4.286088569714285,2.7913771194285713,5.804514283142857,14.778000204285714
4800,6.178962854,6.877111483285715,20.266908639999997,4.151154282714286,2.777148561571429,5.771314258285713,14.938071678571431
4801,6.337848529857142,7.004220057857142,20.584680104285717,4.353437150571429,2.849239994857143,5.75447714842857,15.249914662857146
4802,6.518551406857143,7.560082939,20.99778287285714,4.6399056807142856,2.9286828609999995,5.821114323714286,15.645943252857142
4803,6.742414265285714,7.846077189428572,20.63234587,4.724328553428571,3.0225914389999997,5.837951433571429,15.21624033
4804,6.843437150428571,7.925519999142858,20.139800235714286,4.783377142,3.159897152428571,5.837951433571428,14.634766009999998
4805,7.002322882857142,7.846077133000001,19.218500181428574,4.631842870714285,3.325897135428572,5.871151458428571,13.353720194714285
4806,7.060185786571429,8.068517067857144,18.10677442,4.707728569142857,3.398225722714286,5.8545514178571425,12.165397300142857
4807,7.096231489142858,7.989074201714287,16.295951640000002,4.429797156857143,3.4776685888571426,5.854551417857143,10.412674378428573
4808,7.088880084428571,7.544194218857143,14.056374553,4.117954286142856,3.542645715,5.871388527714285,7.968917134428572
4809,7.002085757142858,7.067774204,11.67380025514286,3.7809743134285716,3.5642257057142857,5.788151368142857,5.508322808714287
4810,6.944460035714285,6.781779953571429,9.958308720714285,3.637740006,3.585805696428571,5.788151368142857,3.713388578428571
4811,6.994971421857143,6.670559986000001,7.528068657428571,3.486205706428571,3.513477137428571,5.771551327571428,1.1937457217142853
4812,6.980505681857143,6.464008545285715,5.066288618571428,3.4482233268333338,3.441385732285714,5.871625597142857,-1.3090599690000002
4813,7.023902789,6.321011476571429,2.7631572145714283,3.1925833199999993,3.434271453285714,6.121811327142857,-3.761117034857143
4814,7.059948491428572,6.289234318714286,-0.2706114097142857,3.3400466511666664,3.4198057414285716,6.155011352000001,-6.946419817428571
4815,7.117811338714285,6.321011476428571,0.015382840714285655,3.438539969666667,3.4342714532857146,6.205048486714285,-6.541854096000001
4816,7.211719944999999,6.321011476428572,-0.9853600514285715,3.3796099863333335,3.427157174428572,6.271685662142858,-7.6796655477142854
4817,7.161208502428572,6.289234318571429,-1.9064228952857145,3.4581833305000003,3.391111471857143,6.321722796857143,-8.235765554428571
4818,7.081765692714286,5.939685752571428,-1.858757172714286,3.1140099923333335,3.37664576,6.438397107,-7.864874151714284
4819,6.908414276714285,5.558597210857143,-1.7952028854285715,2.8793571384285714,3.3692943271428573,6.488434241714287,-7.696265588428572
4820,6.706131437142856,5.288491454571428,-3.0342742914285714,2.7614971575714287,3.347477182428571,6.421797122857143,-8.850914263714285
4821,6.417291452571427,5.002497204142857,-2.5099514425714284,2.5087028754285714,3.3401257495714285,6.521871392428571,-7.924160092285715
4822,6.085054304285714,5.002497204142857,-4.765654319571429,2.4074428645714288,3.246217199857143,6.621945718428572,-10.039474296857142
4823,5.796214319571428,4.923054337857143,-4.733877161714285,2.365231414,3.202820064428572,6.805494273142857,-9.811817144857143
4824,5.658908606142857,4.859500022428571,-5.242311431857142,2.2978828332857146,3.188354324428571,6.938768567571429,-10.426965740285713
4825,5.5360685762857145,5.0819400138571424,-5.337642862857143,2.634862848285714,3.166774305428571,7.055680003285714,-10.494551474857143
4826,5.478205729142857,5.415362847142857,-4.480134278142858,2.8876571375714284,3.152308593714285,7.072517169571428,-9.466537208428573
4827,5.297740034285714,5.399474296428571,-2.081671458,3.0560285610000006,3.145194286571429,7.005642868571428,-6.694100004857143
4828,5.196480023428571,5.558360028857143,-0.2075314304285715,3.1824257021428575,3.1091485558571432,7.005642868571429,-4.71371996
4829,5.095457194714285,5.637802895142857,1.666845722857143,3.367871431857143,3.0731028250000003,7.038842837,-2.5395943348571426
4830,5.023128607428572,5.653691445857143,2.6834771655714285,3.3173600175714286,3.0515228060000004,6.955368551714286,-1.4356943134285718
4831,4.921868596571429,5.558360029,4.541965711714285,3.2329371731428576,3.0081256705714288,6.888731432714285,0.4348885747142856
4832,4.856891470428572,5.383585746,5.749259988142858,3.030654305428571,2.9863085259999997,6.87189426642857,1.690559993142857
4833,4.828197172428571,5.145257203857142,6.353025675142857,2.8622828677142858,2.9502627951428573,6.838457115857142,2.668062817142857
4834,4.936334279999999,5.113480046142857,7.147217097857143,2.7190485744285717,2.9068656597142857,6.888494250571428,3.359097103857142
4835,5.044708569857142,5.03403718,8.100294197142858,2.643162861857143,2.870819957142857,6.955368551571428,4.117479978428571
4836,5.189128562142857,4.8433742898571435,8.989817093142857,2.3566942894285714,2.8563542454285717,6.8887314325714275,4.833888556428572
4837,5.420342825285715,4.684488557428572,10.78451428257143,2.339857137142857,2.827422821857143,6.905331416857143,6.443377086142858
4838,5.651557144857143,4.6686000067142865,12.071014384857145,2.2978828547142855,2.784025686428571,6.988805702142856,7.555814197571428
4839,5.918817110571429,4.589157140571429,13.325737215857144,2.2810457024285715,2.747979983857143,7.022242852571428,8.583828520571428
4840,6.128214229,4.6368228490000005,14.48512863,2.3315571308571426,2.7335142721428576,7.239228557857142,9.283400017142856
4841,6.381245693285714,4.589157140571429,15.311097268571428,2.3147199928571425,2.704582848571429,7.4396142788571415,9.848037113999998
4842,6.576414253857143,4.652711399571428,15.914625971428572,2.3147199928571425,2.6827657038571426,7.4396142788571415,10.328488547428572
4843,6.727948525142857,4.620934241714285,16.486377347142856,2.3315571308571426,2.632254275285714,7.5230885641428555,10.800402778571428
4844,6.735062804142856,4.620934241714286,16.53404311285714,2.365231421285714,2.5743914279999998,7.589962865142857,10.859451367142857
4845,6.735062804142857,4.636822792428572,16.470488684285716,2.441117133857143,2.530994278571428,7.640000056428571,10.80893998
4846,6.6774371391428575,4.684488500857143,16.327491615714287,2.457954286142857,2.4949485618571425,7.606562906,10.716454184285714
4847,6.655619994571429,4.668599893714286,16.21627164857143,2.449417140142857,2.4589028451428567,7.456214319714285,10.606894095714283
4848,6.597757090857143,4.7321542092857145,16.025608814285714,2.4325800020000004,2.5456971441428573,7.272665765,10.489034156714284
4849,6.655382812285715,4.589157084,15.834945754285714,2.398905711571428,2.5601628560000003,7.239228614428572,10.320425594
4850,6.720597120571429,4.493825695428571,15.58096573,2.3398571371428574,2.6251399962857143,7.172354313428571,10.042257056285717
4851,6.727948581714286,4.430271436428571,15.326985705714288,2.2639714245714284,2.683002843571429,7.188954297571429,9.755788554
4852,6.814742852571428,4.477937144857143,15.183988637142859,2.154411421571429,2.827660003857143,7.138917106285715,9.502994272428571
4853,6.865254238571429,4.509714302571429,15.025339917142858,2.0955999868571427,2.936034279571429,7.088879971571429,9.292174286857144
4854,6.814742852428571,4.1921800482857146,14.755471342857144,1.7669199922857144,2.9865457080000004,7.088879971571428,9.081354302
4855,6.792925707857143,4.2239571495714285,14.882579747142858,1.758619986,2.9286828325714285,7.138917106285715,9.317311418142856
4856,6.634040032000001,4.414619983285714,15.216239875714283,1.901854265142857,2.957614256142857,7.172354256857142,9.75555142942857
4857,6.453337155,4.589394238142857,15.390777034285716,2.1209742710000006,2.9647285351428567,7.305865676714284,10.117905685714286
4858,6.323382846142857,4.986608512571428,15.612979730000001,2.3317942705714287,3.000774265857143,7.322465661,10.539308530857143
4859,6.150031430285714,5.320268527857143,16.05785959857143,2.550677122571429,2.971842814,7.372502852285714,11.196431366714288
4860,6.121100006714286,5.781037061285715,16.899716787142857,2.997217126428571,2.971842814,7.639525748714286,12.249820030857146
4861,6.0634742852857135,6.622894221142857,17.757462525714285,3.679951399857143,3.0223542565714285,7.773037168571428,13.261234284285717
4862,5.883008590428572,6.9247770787142855,18.34533969142857,3.9327456819999997,3.0583999874285714,7.9231486292857145,13.834171512857141
4863,5.731474262714286,7.274325644714286,18.599556727142858,4.177002818142857,3.1089114299999996,8.023222955285714,14.263874435714285
4864,5.717008522714286,7.544431401,18.91732819142857,4.269725683,3.181240017285714,8.039822996,14.617928728571428
4865,5.65914567557143,7.703317076857142,19.536745445714285,4.497145681,3.2101714408571427,7.923148742285714,15.283588654285714
4866,5.557885664714286,8.005199878,19.98138830285714,4.741639971,3.2101714408571427,7.856274384714285,15.721828552857144
4867,5.370068565285714,8.021088428714286,20.108259694285717,4.767014283428572,3.202820036285714,7.656125789285714,15.831388527142858
4868,5.232762851857143,8.116419845571428,20.108259694285714,4.935385721,3.173888612714286,7.455977250428572,15.865062859999998
4869,5.196717149285715,8.259417027285714,20.362239717142852,5.205017141142858,3.1738886127142854,7.005405799285714,16.05880844142857
4870,5.182251465714286,8.433954184571428,20.50523701142857,5.306277152,3.1883543245714283,6.771820053285714,16.28646559285714
4871,5.052297213428571,8.576951253285714,20.807119812857145,5.559071405857144,3.1160257372857143,6.671745727428572,16.68249418285714
4872,4.987320087285714,8.402177026714286,20.45780825857143,5.415837126714286,3.137842882,6.771819996857142,16.362114221428573
4873,4.943922923571429,8.386288475999999,20.346588291428567,5.601282856428571,3.1304914774285715,6.888731489142857,16.28622857857143
4874,4.958388607142857,8.386288475999999,20.267145425714286,5.626419986571429,3.152308622,7.005405742714286,16.109319938571428
4875,5.008900049714286,8.418065577142857,20.33069962857143,5.575908544000001,3.1091486122857144,7.205554281571429,16.269391412857143
4876,4.972617165,8.354511261571428,19.901945435714286,5.474648533142856,3.073102881428571,7.522614256142857,16.01659713
4877,4.972617165,8.116419788714285,19.584173971428566,5.365088558428572,3.015240006,7.672725660285714,15.654242647142857
4878,4.965265703857143,8.195862654857143,19.3776227,5.2892028600000005,3.0010114481428576,7.689562826571428,15.502471137142859
4879,4.957914242714287,8.418302646285715,19.695394165714283,5.4578114515714296,2.9142171491428575,7.656125676142857,15.80601393142857
4880,4.943685684857144,8.386525545142858,19.743059931428572,5.356551440714286,2.892637130142858,7.572651334285714,15.949485478571429
4881,4.871357097571428,8.513634176285715,19.520857235714285,5.457811451571429,2.834774254714286,7.4225399301428565,15.924111335714285
4882,4.806379915,8.322971342714284,19.36197150285714,5.280902924428571,2.8563542454285717,7.222391391285714,15.553219875714287
4883,4.813731376142857,8.338859893285715,19.282528635714282,5.196717262142856,2.8492399665714285,7.022242852428571,15.511245580000002
4884,4.856891357571429,8.307082792000001,19.39374860285714,5.205017226000001,2.871057111142857,6.8386942977142855,15.561757079999998
4885,4.958151368428572,8.164085666857144,19.663617064285713,5.1376686735714285,2.9286828325714285,6.688582837,15.511245807142856
4886,5.095457081857143,8.179974217571429,19.47295423,5.1376686735714285,2.979194275142857,6.4884342980000005,15.32580019142857
4887,5.218059929571429,7.862202752714286,19.346082837142855,4.91024867557143,3.0081256987142853,6.238248567999999,14.938071565714285
4888,5.348251364,7.607985603428571,19.40963703857143,4.648917247428572,3.0297057177142857,6.0214999884285705,14.79483725857143
4889,5.528717115285715,7.576208445714286,19.774837029999997,4.682591523714286,3.065751448571429,5.887988568428571,15.098380052857143
4890,5.745465694857144,7.576208445714286,20.39425405714286,4.665754357428571,3.1089114582857147,5.90458855257143,15.443897368571427
4891,5.897237148285714,7.3378799037142866,20.569028454285718,4.531057224285715,3.1089114582857142,5.90458855257143,15.460734534285717
4892,6.020077178142857,7.401434162714287,20.95035412142857,4.590105812857144,3.051285736857143,5.921188593285714,15.856763124285715
4893,6.106871505428572,7.242548486857144,21.55388271142857,4.472008635571429,3.0081257271428576,5.9380257031428565,16.12639457142857
4894,6.208131516285714,7.528542850428571,22.07796843428571,4.632080081142858,2.964728591857143,6.004662878428571,16.640520338571427
4895,6.439108653714285,7.782759999714285,22.888048521428573,4.691128613285714,2.9431485728571434,5.971225728,17.27250604285714
4896,6.612460069571428,8.084405731571428,23.20581998571429,4.893411452857142,2.9431485728571434,5.921188593285714,17.609486157142857
4897,6.735062917142857,8.020851472571428,23.126377120000004,5.095694292285715,2.921568553857143,5.837951433714285,17.356691648571427
4898,6.756642879714286,8.529048588714286,23.539242648571427,5.390462842714286,2.993659987285714,5.821351449571429,17.49138875285714
4899,6.893711410857143,8.624380118571429,23.11025121571429,5.339714217857143,3.087331411285714,5.854788600142858,16.81719151142857
4900,7.038131403142857,8.878597211142857,21.648977,5.550297077714285,3.1883542681428567,6.054937195571428,15.367774315428575
4901,7.052597143142857,8.576714296999999,19.965262737142858,5.466111358857143,3.2099342588571425,6.288522885,13.833934217000003
4902,6.901062872,8.195388573142857,17.169585530000003,5.339714217857143,3.245979989714286,6.638782884428571,11.17105700357143
4903,6.706131437142857,7.496528566857143,15.120434150285718,4.910011352,3.2170485378571425,6.972442843285713,9.266562685142857
4904,6.518551406857142,6.988094296714286,12.944411378142856,4.328537082285714,3.245979961428571,7.222628573428572,7.269345654714286
4905,6.403062838142857,6.321011448142857,10.76838860657143,3.839785684428571,3.1594228162857148,7.489414287714285,5.365088547571429
4906,6.157620017142857,6.003239983428571,8.354274389999999,3.629202852857143,3.108911402,7.639525748428572,3.106777119
4907,5.940871437571429,5.590137158428571,7.099314348857142,3.1826628490000006,3.0221171030000002,7.639525748428572,1.9018542688571427
4908,5.875894254857143,5.558360000714286,6.3051228692857135,3.0731028178571433,3.022117103,7.622925820857143,1.0761228525714286
4909,5.846962831142856,5.558360000714286,5.812814303714285,3.0140542574285716,2.9860713721428573,7.706400162714287,0.4778114164285716
4910,5.897474273714286,5.733134283714286,3.4143514837142854,2.980379981285714,2.9860713721428565,7.873348733285715,-2.1008799165714285
4911,5.940634311714286,6.003240011857144,3.2554657514285714,3.199499994285714,2.964254255714286,8.123534463428571,-2.126254200714286
4912,5.969565735285714,5.939685696285714,2.6993657445714283,3.182662842,2.9426742650000004,8.273882993285714,-2.716265637571428
4913,5.984031418857143,5.733134255428572,1.5397371765714287,3.056265701,2.8995142552857147,8.590705842285713,-3.693768489857143
4914,5.991382823428571,5.447139976714285,0.2373486089999999,2.862519993428571,2.913979995285714,9.024440070714286,-4.8989284657142855
4915,5.955099995285714,5.192922827428572,-2.9870829057142854,2.601188579428572,2.9502628517142857,9.408137107857142,-8.050557123857143
4916,5.868305724571428,4.938705678285714,-3.3048543280000002,2.4074428718571426,2.979194275285714,9.724959957,-8.176954264857143
4917,5.76728283942857,4.779820002428571,-2.320000071285714,2.255671446714286,3.029942871714286,9.958308577428571,-7.081354348142857
4918,5.658908549714285,4.668599978428571,-3.701831476857142,2.103900007428572,3.0444085835714287,10.074982887571428,-8.294814326714285
4919,5.579465740000001,4.795708553,-3.431725777,2.1966228581428573,3.094919997857143,10.225094291714285,-7.881948606285715
4920,5.557648595428572,4.922817127571428,-2.2720972090000005,2.331557145142857,3.138080007571429,10.325168561285713,-6.769511438714287
4921,5.499785748285713,5.272365665285714,-3.542708647428571,2.702211436428571,3.174362864,10.458680036999999,-8.092531438142858
4922,5.470854324714286,5.431251397714285,-1.652442829857143,2.685374284142857,3.1888286040000002,10.525317212714285,-6.356645682857143
4923,5.449274305714286,5.478917106142857,-0.9853599672857143,2.811771411,3.203294315857143,10.542154378428572,-5.631937105714285
4924,5.4782057292857145,5.6060256807142865,-0.47692569714285693,2.9886799662857144,3.203294315857143,10.392042974142855,-5.126348569857143
4925,5.507137152857142,5.733134255285714,1.0002371251428575,3.2331742421428564,3.217760027571429,10.458917162285713,-3.710605734142857
4926,5.55053426,5.844354279285715,1.3656742982857142,3.266848546714286,3.2393400465714284,10.442080109,-3.2555285771428575
4927,5.521602836285715,5.876131437142858,1.4925457189999995,3.207799986428572,3.246691451142857,10.308805758,-3.087157153714286
4928,5.579465683428571,5.669580053,4.319762846,2.9803799884285715,3.261157163,10.108420094142858,-0.11243718171428577
4929,5.651794214142858,5.526582927714286,5.622151385428571,2.997217140714286,3.268271442,9.958308689571428,1.5475628748571428
4930,5.767282782857143,5.510694377,6.527562776428572,2.8708200138571427,3.275385749142857,9.791360119571427,2.297645750142857
4931,5.8033284854285725,5.335920037428571,8.115945537857142,2.752960033,3.3185457307142854,9.858234307571427,3.6880143865714285
4932,5.882771351571428,5.304142879714286,9.053134142714285,2.575814323714286,3.275148567142857,9.758160038,4.446397204571428
4933,5.983794236714286,5.129368596714286,9.831437015285715,2.474791466714286,3.2172856917142854,9.724959956571428,5.086919999285714
4934,6.22947424,5.049925730428571,11.451597019714287,2.373531455857143,3.1954685752857146,9.758160038,6.511199995142857
4935,6.445985694,4.986371414857143,12.86520569557143,2.3398571655714284,3.1447200069999997,9.825034226142858,7.631937161857143
4936,6.706131380714285,4.986371414857143,14.310591472857144,2.382068587714286,3.094208564428571,9.825034226142858,8.643114347142857
4937,6.908414220142857,5.018148572714286,15.120671560000002,2.3652314354285715,3.079742852714286,9.858471320142858,9.31731141814286
4938,7.067299952571429,5.034037179857143,15.48587177714286,2.3735314275714288,2.9716057168571433,9.791597132142856,9.654528544857143
4939,7.305628551142858,4.970482920857143,16.137066131428572,2.3147200070000005,2.9644914378571423,9.791597132142856,10.04225717
4940,7.515025726142858,4.875151504,16.69292884285714,2.2642085785714285,2.9789571778571426,9.674685696285716,10.25284003042857
4941,7.6378656994285725,4.859262896857143,16.931257441428567,2.2473714262857145,2.986308582428571,9.50797425142857,10.404374301571428
4942,7.674148527571428,4.922817212428571,17.137808712857144,2.2810457165714286,2.993659987,9.341025680714285,10.581282828571428
4943,7.666797179428571,4.938705763142857,17.264917344285713,2.2725085705714285,3.000774294142857,9.240951411285716,10.589819917142858
4944,7.645217217,4.970482864428571,17.264917344285713,2.3144828530000003,2.9936599868571427,9.090840007142857,10.56444566142857
4945,7.732011487714286,4.954594257285714,17.217251580000003,2.3144828530000003,3.029705689285714,8.990765624571427,10.421211353857144
4946,7.681499988571427,4.875151391,16.93125721714286,2.2891085547142858,3.080217131857143,8.840654220428572,10.218928458428573
4947,7.566011363428571,5.081702831857143,16.565820214285715,2.2722714024285713,3.1164999882857147,8.840654220428572,9.991508544714288
4948,7.399774226428572,4.970482864428571,16.168843121428573,2.2385971262857143,3.188591421714286,8.840654220428572,9.747251465285714
4949,7.3345599745714285,4.9069285488571435,15.740088928571428,2.1627113995714287,3.2101714407142863,8.824054292857141,9.427108630857145
4950,7.211719944714285,4.922817156,15.31133450857143,2.1712485455714288,3.253568576142857,8.857491386857143,9.14064001657143
4951,7.168322781142857,4.875151447571429,15.374888710000002,2.103899979,3.275148595142857,8.974165697,9.359760079428572
4952,7.016551384285714,5.113480046142857,15.470220012857144,2.1714856994285716,3.282262902428571,9.074240079571428,9.595717195571428
4953,6.865017113142858,5.272365778571428,15.644994408571424,2.306419986571428,3.2822629024285717,9.174314349,10.067631539571428
4954,6.720597120714286,5.335920037571428,15.787991477142855,2.4747914242857147,3.2677971624285718,9.257788690857144,10.379474297571429
4955,6.691665697142858,5.415362903857143,16.010194172857144,2.508465700428571,3.2677971624285713,9.324425753142858,10.623731377
4956,6.547245704857143,5.892020101000001,16.899479887142856,2.9550057042857145,3.2751485952857147,9.374462887857144,11.517048454285716
4957,6.446222876285715,6.289234375428571,18.027094199999997,3.232937159,3.2535685762857147,9.407662969285715,12.56190002857143
4958,6.186314315142857,6.686448649857143,18.201868597142855,3.6794771345714286,3.2535685762857147,9.374462887857144,13.025277057142858
4959,5.940634311857143,6.9088886412857144,18.61497159142857,3.965945721142858,3.217522845428572,9.357862847142858,13.690937094285715
4960,5.716534327571428,7.226659993,18.80563442571429,4.336600026428571,3.1670114028571428,9.341025680714285,14.137476957142857
4961,5.6226257778571425,7.480877085714286,19.583937411428572,4.673817181142858,3.1959428547142856,9.274388505285714,14.887322827142857
4962,5.4492743618571415,8.227402743285715,20.68001186285714,5.457574382285714,3.1093857095714292,9.257788577714285,16.075645608571428
4963,5.369831495714286,8.338622710714287,21.077226192857143,5.761117232714286,3.0804542577142855,9.207751443000001,16.707631312857142
4964,5.2685714848571426,8.799154118,21.49032896142857,6.216194354285714,3.0731028531428572,9.157714195142857,17.37329112428571
4965,5.2685714848571426,9.323239898142857,22.268631720000002,6.662971568714285,3.0441714295714286,9.140877028714286,17.78615688
4966,5.2685714848571426,9.640774237714284,22.58616594714286,6.940902981,3.087568565,9.090839894,18.08946266142857
4967,5.355365755714287,10.037751443142858,23.28502584,7.252745851714286,3.130965700428572,9.107677060428571,18.65409992714286
4968,5.362480034714285,10.355285782857143,23.571019977142857,7.336931570571428,3.087568536714286,9.157714195142857,18.940568315714284
4969,5.304854313285714,10.259954366571426,23.300914277142855,7.143185820571428,3.1020342484285712,9.224351370571428,18.61188839142857
4970,5.268808610714286,10.148734399142855,22.824494320000003,6.915528668571428,3.1020342484285712,9.207751329857144,18.123136994285712
4971,5.240114312714286,9.894754376,22.50672308142857,6.6627343865714295,3.0949199411428574,9.157714195142857,17.760782737142858
4972,5.240114312714285,9.831200060285713,22.63383171285714,6.654197183999999,3.087805634,9.124514226857144,18.064325531428572
4973,5.247465717428571,9.688440003714286,22.729163242857144,6.578548611285713,3.087805634,9.124514226857142,18.10653684142857
4974,5.225648572714285,9.481888506142857,22.617943275714286,6.452151413714284,3.087805634,9.074477092142857,17.887416892857143
4975,5.196954274714286,9.243797032571427,22.236617608571432,6.443851393428572,3.0949199412857147,9.041039998142855,17.550437004285715
4976,5.233000033714285,9.38679421457143,22.617943275714286,6.528037112142856,3.1164999602857146,8.991002750285714,17.921091224285714
4977,5.204068610142857,9.672551339142856,23.03080880428572,6.69664567542857,3.1236142675714285,8.924128449142858,18.39300545571428
4978,5.225648629142857,9.751757079714285,23.110251671428568,6.873791384714285,3.094682844,8.840891346142856,18.485728264285715
4979,5.196717205571429,9.386557088571427,22.44316888,6.444088518999999,3.087331411142857,8.774017044999999,17.819831212857146
4980,5.254342927000001,9.545205695142856,22.474945979999998,6.460925685285714,3.072865699285714,8.607068474428571,17.845205581428576
4981,5.276160071714286,9.64053722557143,22.44316887857143,6.410414299285714,3.1160257089999996,8.573631380428571,17.701971272857143
4982,5.290388629571429,9.688202990571428,22.64972037571429,6.444088575428572,3.1089114017142854,8.540194173285714,17.87057972285714
4983,5.2759228895714285,9.592871573428571,22.37961467571429,6.3850399868571435,3.058399959142857,8.473557111,17.685371345714284
4984,5.297502852,9.370668651285714,22.284283372857146,6.157620017142857,3.0294685072857144,8.423519976285714,17.567274394285715
4985,5.3480142381428575,9.227908708285714,21.90295747857143,5.862614312857143,3.0583999308571426,8.406682809857143,17.238594470000002
4986,5.535831394142856,9.339128675714283,22.061605971428573,5.997311474142857,3.116262806285714,8.423519976285716,17.542137264285714
4987,5.651557145142857,8.926262920000001,21.918608677142856,5.761354302,3.1089114017142863,8.506994205,17.314480111428573
4988,5.795977137428571,8.497508613,22.077494408571425,5.407300009000001,3.0802171320000005,8.440357029571429,17.31448011142857
4989,5.969328553428572,8.259180014428571,22.029828642857144,5.162805747285715,3.0873314392857147,8.306845666142857,17.095360162857144
4990,6.229474240142857,7.909868574285714,22.299934342857146,4.834125766714286,3.1523085937142854,8.189934230285713,17.12049729285714
4991,6.496734262285714,8.132071496428571,22.760702875714287,5.0361714805714275,3.1957057572857144,8.156497136285715,17.314480112857144
4992,6.720597120714286,8.338385754857143,23.380357141428572,5.154031475571429,3.2172857762857143,8.156497136285715,17.643160037142856
4993,6.87948279657143,8.497034361428572,23.729905707142855,5.204780043857142,3.224637209142857,8.07302290757143,17.676834369999998
4994,7.074414174857142,8.767140061142857,23.396483044285713,5.196242897714285,3.304080047142857,7.989548678857143,16.96896291
4995,7.182788464714286,9.005468659714285,22.31629725857143,5.280665742285714,3.3690571732857144,7.989548678857142,15.772340052571426
4996,7.204605609285714,9.053134368142858,21.569771601428567,5.280665742285714,3.448500011142857,8.006385845285713,15.005420116857143
4997,7.168322781,9.148465784857143,19.901945888571426,5.424137175428571,3.4918971465714286,8.006385845285715,13.480117165285716
4998,7.088879914857142,9.02159427957143,18.31356304285714,5.331414310571428,3.5208285702857145,8.006385845285715,11.85355425857143
4999,7.002322769714285,8.57695142257143,16.470963161428575,5.053482870000001,3.5568742728571427,8.006385845285715,10.168180059714288
5000,6.915528498857142,7.87809141642857,14.167831701999999,4.337074306142857,3.6144999661428576,8.022985772857144,7.758097222857143
5001,6.756642822999999,7.512654299857142,12.611225843142856,4.0759800319999995,3.6000342542857147,8.10646000157143,6.561474337
5002,6.641154254285715,7.051885653285715,11.880588734571427,3.8651600464285716,3.5495228400000003,8.10646000157143,5.954862831142857
5003,6.648268533285715,6.702337087285715,10.879845813428574,3.578691459857143,3.5134771375714284,8.139897095571428,5.078382807428571
5004,6.7061313805714295,6.384565679142858,10.673294316285714,3.1995000084285716,3.4700800021428573,8.139897095571428,4.707728530428571
5005,6.843437094,5.9555743034285715,10.673294316285714,2.7783342887142863,3.462965723142857,8.206771396714286,4.589868535428571
5006,6.9733914028571435,5.749022862571429,10.752737182,2.542377158857143,3.441385732428571,8.256808531428572,4.539357149285714
5007,7.045719990142857,5.749022862571429,10.800402890428572,2.6687743,3.3837600391428566,8.256808531428572,4.724802861285715
5008,7.1180485209999995,5.621914288,9.942657208285713,2.685611438142857,3.362180048428571,8.206771396714286,3.8822342961428573
5009,7.052834269142857,5.478917162857143,9.820963371333335,2.5340771385714285,3.311431480142857,8.223371437428572,2.6517000361428567
5010,6.944460035857142,5.304142908,8.394193378166667,2.4330542815714287,3.2319886138571428,8.23997147814286,1.2022828959999998
5011,6.706131493714286,5.002260022142857,7.7605160818000005,2.272745703285714,3.203057190285715,8.340282873285716,0.08154573642857166
5012,6.409940048,4.763931423571428,6.11487505725,2.1631857145714286,3.152308622,8.340282873285716,-1.485968580857143
5013,6.092168639714286,4.4781742705714285,3.279594988,2.1124371392857144,3.0944457465714286,8.373720080428573,-2.834362892285714
5014,5.788862915,4.382842797142858,1.6117100029999998,2.0787628488571426,3.065514294714286,8.473794349857144,-3.5253971578571424
5015,5.514251488142857,4.319288538142857,-0.8625200515,2.1712485597142854,2.9934228614285714,8.60730582642857,-4.8737913840000004
5016,5.355365755714286,4.494062821142856,0.39941192579999996,2.339619997428571,2.9502628517142857,8.673942888714285,-3.929962808
5017,5.182014283285715,4.748279942142857,1.1108879377999998,2.4069685639999996,2.9357971400000005,8.723980023428572,-2.9270856664285714
5018,5.138617119714286,4.859499937857143,2.056036625833333,2.592414272428571,2.8852856974285714,8.740580064142858,-2.0759799554285716
5019,5.0809913981428565,4.875388545,2.651699965428571,2.676599977,2.8926371019999997,8.807217126428572,-1.2163370842857144
5020,5.059411379142857,5.129368540285715,3.5729999419999996,2.9042571217142856,2.9144542465714283,8.840654220428572,-0.33985708914285706
5021,5.052059974571429,5.335919981142857,4.446634210142856,3.1319142735714287,2.8926371301428575,8.874091427571427,0.38485146685714283
5022,5.0449456957142855,5.399474240142857,6.607005670285714,3.1489885655714285,2.878171418285714,8.857491386857143,2.4999285597142857
5023,5.081228524000001,5.399474240142857,7.210534259857142,3.123851407,2.8926371301428575,8.857491386857143,2.8117714304285713
5024,5.218534237428572,5.2088114064285715,7.941171367428571,3.0816399848571434,2.921568553714286,8.874091314428572,3.4859685808571426
5025,5.290862824571429,5.304142823142857,8.560588450857143,3.1658257037142863,2.9360342654285714,8.974165583857143,4.008394311428572
5026,5.377419969714286,5.415362790571429,9.354779930428572,3.2163371464285713,2.914217120857143,9.007602791,4.657217169
5027,5.463977114857143,5.463028499000001,10.228414276285715,3.1236142817142856,2.878171418428572,9.057639925714286,5.5000228881428574
5028,5.622862790714286,5.351808531571429,11.324251374857143,3.0140542788571425,2.835011408714286,9.107677060428571,6.544874363428571
5029,5.846725649142856,5.272365665428571,12.483642902571429,2.8705828458571427,2.8421256877142858,9.124277101142857,7.6319372191428565
5030,6.128451411285715,5.145257090857142,13.57971712657143,2.7524857111428567,2.842125687714286,9.207751442999998,8.584302884285714
5031,6.330734307285715,5.192922799285715,14.564571497142856,2.7356485588571426,2.8205456970000005,9.291225784857144,9.233125756142858
5032,6.6195742919999985,5.065814224714286,15.40642879857143,2.541902851285714,2.849477120571428,9.207751443000001,9.721877154142858
5033,6.9228800731428555,5.018148516428572,16.23239721,2.491391408571428,2.863942860571428,9.224351370571428,10.244302828714284
5034,7.197491443428572,4.954594257428572,16.75648282,2.449179986285714,2.8926371584285713,9.207514204142857,10.505397075142858
5035,7.493682889142858,4.970482808,17.185474251428566,2.3815942657142863,2.9720800245714285,9.190914163428571,10.623494138571429
5036,7.732011431142857,5.002259965714286,17.32847132,2.347919975285715,3.0515228907142853,9.257551338857143,10.539308418571428
5037,7.8619657400000005,5.081702831857143,17.376137085714284,2.3732942592857142,3.138080035857143,9.290988432857144,10.412911277142857
5038,8.013737136857143,5.192922799285715,17.519134154285716,2.432342833714286,3.1812400455714283,9.324425526857143,10.421448365714285
5039,8.114997091142856,5.272365665571428,17.550911255714286,2.4660171098571424,3.2462172000000002,9.424499909428572,10.429748442857143
5040,8.078951332142857,5.304142823285715,17.503245717142857,2.3986685432857144,3.296965768285714,9.474537157285713,10.337025634
5041,8.151042850285714,5.304142823285714,17.376137312857143,2.381831391,3.2969657682857147,9.541411458428572,10.21062849242857
5042,7.9776914344285705,5.304142823285714,17.010700309999997,2.373531399,3.2535686047142858,9.608048633857143,10.042019929857144
5043,7.826157219714285,5.320031373857142,16.77237171142857,2.365231407,3.2175228738571424,9.641485727857145,9.890248533428572
5044,7.696202910857144,5.2723656654285715,16.391046044285712,2.3398571230000003,3.1236142958571427,9.658085768571429,9.671128584714285
5045,7.479454331285714,5.192922855857144,15.914626085714286,2.3230199849999997,3.116499988571428,9.824797213857142,9.401260011285714
5046,7.233774384714285,5.161145754571429,15.438206014285713,2.3061828469999996,3.0586371414285716,9.958308576714286,9.12332848557143
5047,7.082002931285714,5.097591495571428,14.914120177142857,2.280808563,3.0078885731428575,10.158457115285714,8.845397073285714
5048,6.865254295142857,5.208811462999999,14.564808622857145,2.3820685597142854,3.0152399777142853,10.358605767714286,8.542091405142859
5049,6.662971399142857,5.3518085882857145,14.406160015714287,2.5504399831428577,3.044171401285715,10.542154379428572,8.423994341
5050,6.5183142247142865,5.399474353285714,14.056848575714286,2.7019742684285712,3.0297056895714287,10.708865824000002,8.230248647571429
5051,6.366542771285714,5.383585802714285,13.977642721428571,2.794697119,3.044171401285714,10.892414435714288,8.188037225428571
5052,6.171374210714286,5.4948057701428565,14.120402777142857,2.887419969714286,3.044171401285715,10.925851642857145,8.474742965999999
5053,6.142442786999999,5.717245761571428,14.517379982857141,3.081402831142857,3.0225913822857144,11.009325985714288,8.980331530285714
5054,6.091931400857142,5.844354336142857,15.041465819999999,3.250011408428571,2.9938970844285717,11.026163152857146,9.59548006857143
5055,5.933045725,5.95557436,15.247780078571427,3.3932457158571423,2.9720799398571427,11.026163152857146,10.160117221142857
5056,5.897000022428571,6.0985715417142865,15.676534385714286,3.5367171207142856,2.9357970834285716,11.009325985714288,10.783802849285715
5057,5.803091472714286,6.273345824714285,16.216508658571428,3.6548142697142856,2.9213313715714286,10.992725945714287,11.457999976285716
5058,5.716297202,6.622894390714286,16.756483045714283,3.9666571122857137,2.9213313715714286,10.95928873857143,12.174171399999997
5059,5.730762942142857,6.861222989285715,17.37613731142857,4.219451422571429,2.899514227,10.942451571428574,12.806157105714286
5060,5.600808633428571,7.226660105857143,17.99555433714286,4.438334274571429,2.8850485151428567,10.909014364285715,13.370794258571427
5061,5.463740045714286,7.7033171898571435,18.376880004285717,4.783851421571429,2.8776970822857146,10.85897722857143,13.817334347142857
5062,5.384297179571429,7.909868630714286,18.72642857,4.918548526428571,2.849002812571428,10.742065792857144,14.171151514285713
5063,5.376945775,8.100531520857142,18.948868504285713,5.103757130428572,2.8490028125714284,10.658828577142856,14.356597244285712
5064,5.348251476999999,8.084642913714285,19.09186557285714,5.061545708142858,2.856117091571428,10.658828577142856,14.46615722
5065,5.218297168142856,8.100531464285712,19.21897420428571,5.120594296714286,2.8490028127142857,10.642228648571429,14.626465707142858
5066,5.131740023,8.13230856557143,19.09186557285714,5.171105682857143,2.827422822,10.54215438,14.651602837142859
5067,5.081228580428572,7.973422833142857,18.742554245714285,5.238691417428571,2.7984913984285718,10.475517204285714,14.491531362857144
5068,5.081228580428572,7.814537100857144,18.472448545714283,5.09545711,2.7984913984285713,10.442079997142857,14.306085521428571
5069,5.059648561428572,7.719205627571429,18.583668514285712,5.103994256142856,2.8056056774285714,10.392042861857144,14.508368417142858
5070,5.030954263428571,7.655651312000001,18.647222717142856,5.095694235714285,2.776911407714286,10.442080109,14.651602724285715
5071,4.987557099857143,7.878091303428572,18.79022001285714,5.441211354428572,2.7842628405714285,10.42548018042857,14.93807133857143
5072,5.088817110714286,7.735094178285713,18.26589705,5.1545056421428574,2.7913771194285713,10.442080109,14.415408594285713
5073,5.095931389571428,7.893979967142856,18.424782782857143,5.264065673285715,2.7913771194285713,10.492117243285715,14.398571427142857
5074,5.103045724999999,7.798648550428571,18.297674152857148,5.112294219857143,2.8058428312857138,10.525317324714285,14.162614424285712
5075,5.088579985,7.814537214142858,18.488336987142862,5.103757073857142,2.8058428312857138,10.525317324714285,14.322685897142858
5076,5.1606714465714285,7.592097222714286,18.027568452857142,4.867799958,2.820308543,10.658828688571429,13.555765848571427
5077,5.225648572714285,7.449100041,17.59857702,4.615005676000001,2.8418885337142856,10.558754306571428,13.184874390000001
5078,5.312205717857142,6.9247771920000005,16.994811191428575,4.042068545285714,2.8418885337142856,10.441842871285713,12.485540018571427
5079,5.398762863000001,7.067774317142857,17.455579725714287,4.126491418,2.8708199572857143,10.341768601285716,12.856431365714286
5080,5.557648595428572,6.845334269142858,17.312582657142855,3.907371412142857,2.921331399857143,10.258531384999998,12.586800030000001
5081,5.651557145142857,6.845334269142858,17.407914187142858,3.9159085582857145,2.914217120857143,10.191894209285712,12.67928571285714
5082,5.716534327714285,6.336899914142856,16.931256989999998,3.5367171492857143,2.9071028418571427,10.175294169285715,12.055837097142856
5083,5.745465751285714,6.098571371999999,17.31258265714286,3.486205706714286,2.8421257015714287,10.041782805428571,12.426728444285715
5084,5.795977193857142,5.955574246714286,17.77335141714286,3.4356942922857145,2.7987285661428567,10.091819940285713,12.62901134
5085,5.868305781000001,6.019128562285714,18.313562817142856,3.562091447428571,2.7408657188571426,10.10865699357143,13.05871426285714
5086,5.969328609714286,5.971462853857142,18.583431504285716,3.629439999857143,2.6685371598571423,10.075219899714286,13.218785622857142
5087,6.0561228805714284,5.844354279285715,18.519877075714284,3.4271571320000005,2.5964457265714285,10.041782805714286,13.100925571428574
5088,6.200542872857143,5.621914287857143,18.551654175714283,3.2585485685714284,2.5819800148571423,10.008345711857142,12.86520558142857
5089,6.323382846285716,5.796688627428572,18.63109704142857,3.5281800028571433,2.5819800148571423,10.041545793285712,12.86520558142857
5090,6.402825712428572,6.019128618857143,18.21799427285714,3.7387628627142857,2.6614228669999997,10.091582928571428,12.477477068285713
5091,6.431757136142858,6.130348642857143,17.121919935714285,3.7638999929999994,2.7048200024285713,9.991508658999999,11.483137049428572
5092,6.417291396142858,6.146237193428571,15.247542895,3.763899993,2.7337514261428573,9.874597223142857,11.155879851
5093,6.272871403857144,5.955574359857144,12.499768584714287,3.4942685728571425,2.7555685708571427,9.824560088428571,8.059149961833333
5094,6.1860771329999995,5.892020100857143,9.577220069285714,3.435220012571428,2.835011408714286,9.891197264428572,4.9032132778333315
5095,5.991145698142857,5.876131550142857,6.336900005142859,3.3171228637142853,2.8999885347142857,9.908034317714286,1.442389861333333
5096,5.8609542637142855,5.955574359857144,3.0806914462857145,3.173888556285714,2.950499949,9.824797101428572,-2.3330034470000003
5097,5.7959770811428575,5.939685809285715,-0.46127423671428563,3.022117131142857,3.008362824428572,9.658085655999999,-6.2851867383333335
5098,5.694717070285714,5.8125772347142854,-3.733371459571429,2.912557128142857,3.0733399788571427,9.658085655999999,-10.001373514666666
5099,5.738114234,6.0509058332857135,-6.195388651714286,3.1231399879999997,3.0949199695714285,9.741559997857141,-10.99990308257143
5100,5.8609542637142855,6.066794383857142,-8.117431464285714,3.207325706857143,3.1888285475714286,9.875071360714285,-12.946608766142859
5101,5.882771408428572,5.987351517714286,-9.451834316,3.207325706857142,3.2104085665714286,9.925108495,-14.421400275571429
5102,6.0056114382857135,5.923797202285714,-10.659128564714285,3.2412371369999997,3.181477143,9.941708535571431,-15.685371685714285
5103,6.049008601857143,5.669580053,-11.643745583000001,3.0726285808571423,3.1525457194285713,10.008345710428571,-16.628963022857143
5104,6.012962899285715,5.526582871285714,-12.120165541428571,2.9379314477142855,3.0586371414285716,10.258531384428574,-17.28608585857143
5105,5.9840314755714274,5.431251397857143,-12.88257975,3.0138171744285716,3.000774266,10.441842869714288,-17.968820075714287
5106,5.810680059571427,4.891277095571428,-13.787991254285712,2.6346257229999996,2.9791942752857143,10.575354345714286,-18.836762897142858
5107,5.586817201142856,4.557854234142857,-14.963271218571427,2.4408800011428573,2.870819985571429,10.575354345714285,-19.822802895714286
5108,5.420580007571429,4.446634210142857,-16.043219878571428,2.365231428285714,2.7913771194285713,10.675665740000001,-20.783468524285716
5109,4.907639982285714,4.144988506428571,-17.186722854285712,2.3313199981428574,2.6396056942857142,10.909251485714288,-21.482802895714286
5110,4.4454485535714285,4.065545668571429,-18.20335443857143,2.323019999,2.4733685572857143,11.19287436714286,-21.980091495714284
5111,4.026417134428572,3.9543256728571428,-19.188208695714284,2.2302971341428575,2.3431771228571425,11.526534381428572,-22.325608811428573
5112,3.6292028599999995,3.7003457058571425,-19.20409735857143,2.011177128285714,2.162711420857143,11.71008288,-22.140162968571428
5113,3.3040799907142855,3.7638999931428567,-17.647491499714285,2.078525709,2.0327571402857143,11.760120015714287,-20.185157264285714
5114,3.065751392142857,3.858994284285714,-15.24902873614286,2.0953628471428574,1.9025657057142857,11.877031451428573,-17.51374301028571
5115,2.747979984,3.7321228635714285,-12.898231511714286,2.069988563142857,1.7507942804285714,12.01030569,-14.707394412857141
5116,2.769559974714286,3.874882863142857,-10.166345689142856,2.028014280714286,1.7507942804285714,11.943668514285713,-12.095265759571427
5117,2.6611856848571427,3.763900021285714,-7.339128491571428,2.070225702857143,1.7002828519999997,11.79355711,-9.339665786571429
5118,2.6035599634285718,3.652917179428571,-4.448357154999999,2.0365514195714285,1.6353057117142857,11.576808531428572,-6.601139964714286
5119,2.4951856737142855,3.6052514428571425,-1.7480113931428571,2.078762856,1.584794283285714,11.57680853142857,-3.744280064571428
5120,2.386811398,3.414588581,-0.5407171380000001,1.9523657078571428,1.512465710142857,11.776957069999998,-2.3453743034285712
5121,2.321834271857143,3.081165719571429,-0.11196284571428584,1.859642857142857,1.4619542817142859,11.993705649999999,-1.9661828802857144
5122,2.372345714428572,2.9381685802857143,0.9044314431428572,1.834268565857143,1.4693057075714286,12.127217125714285,-1.0308914504285713
5123,2.4086285708571427,2.747742872285714,2.0640599828571426,1.733008562,1.4621914215714287,12.260491364285715,0.23331714228571437
5124,2.639605708285714,2.6365228625714283,3.4461285000000004,1.6402857078571427,1.527168561857143,12.527277078571428,1.5646371617142856
5125,2.9863085965714284,2.5411914317142856,5.098065654857143,1.6149114237142856,1.5850314161428574,12.794062792857144,3.1067771948571425
5126,3.622088595285714,2.5411914317142856,6.9563171601428575,1.496814281714286,1.707871410714286,12.961011362857144,4.3875857418571425
5127,4.243402896285714,2.6047457190000003,8.957565811857144,1.4813999983333332,1.8307114122857144,12.91097422857143,5.7357428640000006
5128,4.741640055857142,2.7318542935714283,11.260697286000001,1.432429998,1.946437120857143,12.860937094285715,7.631937105428571
5129,5.276160043571428,2.795408566714286,12.864968795571428,1.3145700003333334,2.0763914084285715,12.860937094285715,8.702162765285715
5130,5.817794366857143,2.8748514328571426,14.262688921857144,1.2063933371666666,2.1992314171428573,12.944411435714287,9.527894220714286
5131,6.280222921285714,2.9701828637142857,15.231417502857143,1.1275433381666666,2.3294228515714286,12.927811394285715,10.016645675428572
5132,6.554597165857142,3.0496257157142854,15.771391777142858,1.0390100028333331,2.452262860285714,12.744262782857144,10.159879983285716
5133,6.60510860842857,3.0337371650000002,15.83494598,0.9525240004000001,2.5243542935714287,12.494077110000003,10.151342893285715
5134,6.655619994428571,3.097291452285714,15.930277284285717,0.9504766674999999,2.5966828667142856,12.377402798571428,10.193554315714286
5135,6.727948525142857,3.1449571607142857,15.930277284285717,0.9305566685000001,2.6832400118571433,12.394002838571428,10.13450584014286
5136,6.713482785142857,3.208511448,15.946165722857145,0.9402400029999999,2.7266371472857145,12.210454228571427,10.15964308442857
5137,6.684551305,3.208511448,15.755502662857143,0.9205966689999999,2.791614273285714,12.143817052857145,9.999571610428571
5138,6.662734160428572,3.240288577571429,15.59661693,0.9109133345,2.849239994857143,12.010305577142857,9.890248648
5139,6.720597007714287,3.2879542859999993,15.5012854,0.9012300000000001,2.928682832714286,11.910231307142856,9.71334000742857
5140,6.699016988714286,3.3038428367142854,15.31085957857143,0.8985028565714287,2.9791942752857143,11.89339414,9.528131403857143
5141,6.677199844142858,3.303842836714286,15.025102452857144,0.8648285697142858,3.0297056895714287,11.976631244285715,9.283637198571428
5142,6.641154141714287,3.319731415571429,14.75523387857143,0.8396914252857143,3.0731028248571426,11.859956934285716,9.022305714
5143,6.641154141714287,3.287954286,14.405922437142857,0.8228542818571428,3.1236142674285716,11.77671983,8.685325712714286
5144,6.590642755571429,3.4783799657142858,14.310828145714284,0.9241142802857142,3.138079979285714,11.493096949999998,8.491580019142857
5145,6.525665629428572,3.700582859714286,14.009182469999999,1.1432342772857143,3.1454313838571433,11.259511317142856,8.322971455857141
5146,6.446222819714286,3.9386742761428573,13.643982591428571,1.1937457075714286,3.2030571054285715,11.176037088571428,8.146062928714286
5147,6.460451377571429,4.256208586857142,13.42154265714286,1.4043285585714285,3.253805673714286,11.125999954285716,8.070177173714287
5148,6.366779953428571,4.494300031571428,13.659634017142858,1.6739599858571428,3.2538056737142855,11.04276285,8.297834211857145
5149,6.337848529857142,4.907165759285715,14.04072255857143,1.9267542785714284,3.282737125571429,10.976125674285713,8.651888504857142
5150,6.236825701142857,5.240588620714285,14.45358842857143,2.1038999895714285,3.275622846571429,10.95928850857143,8.997405594714285
5151,6.222359961142857,5.463028668714286,14.866454184285715,2.356694285857143,3.282737153714286,11.092799984285714,9.54496845514286
5152,6.150268556,5.923797258714286,15.469982887142853,2.719048585142857,3.289851460857143,11.10963715,10.244302825142857
5153,6.085291373285714,6.130348699428572,16.10528869142857,3.190962862428571,3.239340046428571,11.042999974285712,10.960474248571428
5154,5.9553371209999995,6.336900140285715,16.58170864857143,3.342734301714285,3.1959428827142853,10.859451476142855,11.51657431142857
5155,5.926405697428572,6.718225807571429,16.94714587857143,3.6209028678571427,3.2030571899999996,10.659065812285714,12.022162875714287
5156,5.868542850142857,6.750002908857144,17.01070008142857,3.721925724857143,3.18859145,10.508717283714285,12.249582901428571
5157,5.789099983999999,6.845334325714286,16.85181434857143,3.9239714387142857,3.159659998142857,10.342005838857144,12.43502863142857
5158,5.688077155285716,6.908888584714286,16.963034315714285,4.008157157428571,3.152545691,10.125020134285714,12.612174397142855
5159,5.6736114152857136,6.8929999209999995,17.264917117142854,3.949108568714285,3.138079979285714,10.008108699000001,12.789082924285712
5160,5.579702865571428,6.956554236571429,17.407914185714287,4.024994267285714,3.0659885460000003,9.924634470857143,12.991365708571427
5161,5.522077144,6.972442787142858,17.45557995142857,4.286325695428571,3.029942843571429,10.008108699,13.11776285
5162,5.4426342778571435,6.702337087285714,17.16958558714286,4.210439997,2.9938971127142864,10.125020134285714,12.915480067142855
5163,5.356077132714285,6.861222819571428,17.328471318571427,4.345374284,2.9576142562857144,10.141857187142856,12.99136571
5164,5.320031430142857,6.829445661857143,17.296693991428572,4.379285714142857,2.907102842,10.158457227714285,12.940854211428574
5165,5.262168582999999,7.035997046142858,17.23313979,4.438334274571429,2.8781714184285714,10.24193145657143,13.041876984285713
5166,5.204305735857143,6.940665685857143,16.96303409,4.412960018714286,2.835011408714286,10.258768509857143,12.966228468571428
5167,5.196954331285714,6.877111370285715,16.613485524285714,4.185302895,2.8421256877142858,10.19213133442857,12.553362825714284
5168,5.211182889142857,6.797668504142858,16.51815422,3.940808605000001,2.8421256877142858,9.991982796142858,12.384754262857143
5169,5.196717205571429,7.004219944857144,16.534042884285714,3.9913200475714286,2.8421256877142858,9.758397050714285,12.544825624285716
5170,5.174900061000001,6.750002795714286,16.31160295,3.965945763428571,2.7989657062857143,9.574848552428572,12.536288534285715
5171,5.131502897428571,6.765891402857143,16.454600244285718,4.00792006,2.7916142734285714,9.441337075999998,12.696360007142857
5172,5.117037157428571,6.686448593142857,16.391046041428574,3.9320343332857144,2.7700342827142856,9.241188537,12.553125699999997
5173,5.117037157428571,6.3527885777142865,16.200383207142856,3.8056371639999997,2.7916142734285714,9.207751442999998,12.30033141857143
5174,5.160434264571428,6.273345711571428,16.168606105714286,3.7805000338571437,2.7844999944285713,9.224351483714287,12.207608497142857
5175,5.189365688285713,6.193902845428572,16.184494544285716,3.7131514531428578,2.7844999944285718,9.341025793857142,12.064374189999999
5176,5.3122056615714275,5.987351404714286,15.930514521428572,3.511105711142857,2.813431418,9.457700103999999,11.584159994428571
5177,5.348251364,5.860242830142857,15.882848757142858,3.266848561,2.8205456968571427,9.457700103999999,11.331365713
5178,5.398762806571429,5.606025680857143,15.77162879,3.064565693285714,2.7916142732857145,9.424500135714284,11.171294240142858
5179,5.492671356285714,5.288254272714286,15.692185924285713,2.8454457015714287,2.7626828497142855,9.341025906999999,10.994385713
5180,5.644442809714286,5.351808531714286,15.835182992857142,2.7275857065714284,2.7192857142857148,9.224351596857142,10.909962754428571
5181,5.730999954857144,5.272365665428572,16.264174425714284,2.6180257035714285,2.7192857142857143,9.107677286714287,11.129082815857142
5182,5.9261685154285715,5.208811406285714,16.883828691428572,2.5926514194285715,2.7192857142857148,9.024440070571428,11.533648494428572
5183,6.099519987857143,5.145257147285714,17.48735728,2.600951411428571,2.6903542907142857,8.824291418571429,11.904302715714286
5184,6.323619972142858,5.367697138714286,17.566800145714286,2.887419983857143,2.733751426142857,8.724217149142858,11.955051227142858
5185,6.583765715285715,5.653691389285716,17.69390855,2.862282839428571,2.842125715857143,8.657342848,11.59269697
5186,6.786048611285715,5.574248523,17.169822825714284,2.837145695,2.921568553714286,8.740817076714286,11.002685560857143
5187,6.894422844571429,5.669579996428572,16.836399937142854,2.862519979142857,3.001011419857143,8.757417117428572,10.497096997142858
5188,6.923354268142857,5.685468603571429,14.708042703142857,2.8878942632857147,3.0515228341428573,8.924128562285714,8.297596975000001
5189,6.814980034857142,5.494805741714285,11.245282759714284,2.820545696714286,3.123614267428571,8.957328643714286,4.9690598852857155
5190,6.619811417857143,5.351808588142857,7.417322712999999,2.727822846,3.1741257099999998,9.124277214285714,1.3455170910000003
5191,6.475391425428571,5.065814337571429,3.5893627787142854,2.441354273571428,3.2246371525714284,9.207751442999998,-2.4383341890000003
5192,6.302039952999999,4.922817212285715,-0.4451485384285717,2.475028564,3.2464542972857138,9.241188650142858,-6.129462660428572
5193,6.078177094428571,5.161145754428572,-4.2572199212857145,2.584588567,3.2609200372857146,9.207751556142856,-9.980425594142858
5194,5.911939957428572,5.049925730428571,-8.673057134142857,2.5592142828571425,3.2827371820000004,9.207751556142856,-14.109556951857144
5195,5.861428514857144,5.1293685967142855,-11.278071338714286,2.643400001714286,3.333248624714286,9.124514340000001,-16.603825439714285
5196,5.940871324428571,5.4630285838571435,-13.073005569571427,2.8120085791428573,3.3477143365714284,9.174551474714287,-18.306036975714285
5197,6.114222796857143,6.098571485142857,-14.439185492857145,3.3175971292857143,3.3837600391428575,9.34126292,-19.856477001428573
5198,6.207894221000001,6.575228625857142,-15.662131222857143,3.6209028680000004,3.383760039142857,9.474537270857143,-21.17095991142857
5199,6.279985682571429,6.924777191857143,-16.678525568571427,3.840022873857143,3.369294327285714,9.724722943857143,-22.35904568
5200,6.316031385142857,7.1948829481428564,-17.790488457142857,4.092817156,3.3619428944285716,9.874834347999998,-23.319711534285716
5201,6.316031385142857,7.385545781714286,-18.727676948571432,4.295100023714285,3.3401257497142858,9.991508658142859,-24.305751758571432
5202,6.243702854428571,7.290214308285714,-20.10950852285714,4.151865730428571,3.3401257497142858,10.041545792857141,-25.45186323142857
5203,6.019839996,7.226660049285715,-21.332454365714284,3.949582876857143,3.304080018857143,10.091582928142858,-26.65702317857143
5204,5.745465694857143,6.829445718285714,-22.190200218571427,3.3344343308571425,3.239102892714286,9.958071564285715,-27.440780394285714
5205,5.521602836285715,6.734114301428572,-22.905186014285714,3.0225914461428567,3.217522873714286,10.02494575242857,-27.904394661428572
5206,5.355602825,6.543451467857143,-23.350065884285716,2.828845724428571,3.2030571337142857,10.22509429242857,-28.190863277142856
5207,5.283274237714285,6.2415686102857135,-23.191180151428572,2.5928885804285713,3.217522845571428,10.608791442714287,-28.073003112857144
5208,5.211182832571429,6.464008658285715,-22.90518578714286,2.6856114452857147,3.231988557428571,11.042525728,-27.63476298857143
5209,5.211182832571429,6.607005840142857,-22.19043723142857,2.6856114452857147,3.2319885574285716,11.492860053285714,-26.926891641428572
5210,5.196717149,6.718225807571428,-21.20581998714286,2.9298685954285717,3.2609200092857145,11.926594337571428,-25.713431504285715
5211,5.167785725428572,6.845334382142856,-20.28451993285714,3.2248743068571426,3.275385721142857,12.377165675714286,-24.525108495714285
5212,5.138854301857143,6.734114358142858,-18.966005547142856,3.3512714620000006,3.275385721142857,12.777462865714286,-23.303111382857146
5213,5.095457138285714,6.543451468000001,-17.250514182857138,3.342734316,3.2753857211428574,12.910974341428572,-21.45766554
5214,5.023365733285714,6.5275628608571425,-15.773351417142859,3.3258971778571427,3.2609200092857145,12.927574381428572,-19.755454004285717
5215,4.972617165000001,6.209791396142856,-13.772102928571428,3.022354299285714,3.2248742784285716,12.794300030000002,-17.91830823857143
5216,4.886060019857142,5.955574246857144,-11.850297078857142,3.064328581714286,3.159897124,12.71082568857143,-15.895716742571429
5217,4.936571462428573,5.701357097714285,-9.388279971285716,2.929631420428571,3.0875685367142855,12.527514202857144,-13.502471138857143
5218,5.0231286075714285,5.478917106428571,-5.798411396714285,2.8622828680000003,3.065988517714286,12.444039974285715,-10.030699799142855
5219,5.283274350857143,5.304142823428571,-2.1928913981428573,2.7863971412857143,3.0659885177142856,12.3774028,-6.4576683909999995
5220,5.565000056571429,5.351808531714286,1.0474286104285717,2.744185719,3.0659885177142856,12.343965705714286,-3.4155999161428565
5221,5.926168628428571,5.272365665428572,4.573742981857143,2.685137144428571,3.065988517714286,12.410839894285715,-0.29764568714285744
5222,6.294688605,5.2246999569999995,7.798174326142857,2.66,3.0731028250000003,12.610988432857143,2.735885811428571
5223,6.670322860428572,5.2246999569999995,10.943162805,2.6180257175714283,3.087568536714286,12.744499908571429,5.457811451571429
5224,6.966514249714286,5.177034248571429,13.436957070285715,2.516765720857143,3.116499960285714,12.811137084285715,7.5897257964285725
5225,7.262705638857143,5.129368540142857,14.628125698571429,2.3735314275714288,3.1236142674285716,12.76109995,8.533554315285715
5226,7.385545612142857,5.097591382428571,15.454094337142857,2.323019999142857,3.101797151,12.744262895714286,9.131865687142858
5227,7.436057054714285,4.9704828078571435,16.041734262857144,2.255671418428571,3.065514294571429,12.727662855714286,9.620617085142856
5228,7.400011352142857,4.843374233285715,16.279825622857143,2.230297134428571,2.9934228612857146,12.47747718142857,9.932459956142859
5229,7.327682821428572,4.684488500857143,16.375157152857145,2.188085712285714,2.9357971397142855,12.143817280000002,10.075931276142859
5230,7.240888550571428,4.700377051571429,16.406934252857145,2.2217600025714286,2.885285725428571,11.910231534285716,10.227465660000002
5231,7.118048577285713,4.700377051571429,16.29571428571429,2.2471342865714283,2.8347743111428563,11.74352008857143,10.227465659999998
5232,7.017025748714285,4.684488444428572,16.21627142,2.2808085627142853,2.798728580428571,11.626845777142858,10.235765737142858
5233,6.973628641571428,4.7321541528571425,16.200382755714287,2.3061828467142855,2.798728580428571,11.460134332857143,10.252602904285714
5234,6.952048679000001,4.827485626285714,16.15271699,2.3652314211428567,2.835011436857143,11.276585721428573,10.210391481857144
5235,6.980742920428573,4.922817099714286,16.00971992142857,2.390605705142857,2.9505000055714286,11.293185762857144,10.13450572657143
5236,6.988094325,5.065814281428571,15.993831257142858,2.4242799812857143,3.0586371414285716,11.376659991428571,10.024945751857143
5237,7.053071451142856,5.113479989857143,15.850834188571428,2.3906056909999998,3.094682844,11.343460022857142,9.831199945714285
5238,7.060185730000001,4.859499994571428,15.676297031428573,2.104137125714286,3.1378428537142855,11.360060064285715,9.654291305142857
5239,7.067300008857143,4.557854290857143,15.40642845714286,1.927228558,3.1812399889999994,11.376660105714288,9.418334189857143
5240,6.937345700142857,4.589631448571429,15.56531419,1.9777399865714285,3.166774249,11.376660105714285,9.721639971285713
5241,6.850551372857142,4.780294282142857,15.628868620000002,2.247371421,3.1304913925714284,11.343223011428572,10.067157175142857
5242,6.756642823142856,4.9074028567142856,16.057860052857144,2.3483942921428573,3.0870942571428572,11.309785804285713,10.370700081857143
5243,6.640917128714285,5.129842848142856,16.20085734857143,2.634862892857143,3.09444569,11.19287436857143,10.631794440857144
5244,6.525428560000001,5.415837154999999,16.77284585,3.056265752285714,3.1523085654285716,11.12600006857143,11.491200172714285
5245,6.3883599722857145,6.225917213571429,17.678020227142856,3.637740007857143,3.1812399890000003,11.075962934285716,12.426728671857143
5246,6.3162685672857135,6.893000090428572,18.63086025714286,4.269725739571428,3.1523085654285716,10.975888664285716,13.446443002857142
5247,6.316268567285715,7.417322939428572,18.90096595714286,4.657454308714286,3.1741257099999998,10.892414322857144,13.817334348571427
5248,6.251291441142857,8.004962977714285,19.711045817142857,4.994434309571429,3.2464542972857147,10.825777147142857,14.47469431
5249,6.150268556,8.449842904,20.076245807142858,5.3399514564285715,3.231988585571429,10.659065702285712,15.140354235714288
5250,6.078177094428573,8.910374311857142,20.854548565714286,5.6603314167142855,3.181477143,10.642465773714287,16.092720014285714
5251,5.955337121142856,9.259685752285714,21.330968750000004,5.7613542454285716,3.1670114311428574,10.625865845142856,16.530960138571427
5252,5.955337121142857,9.402445695285715,21.744071518571428,6.157382835,3.109385709714286,10.475754327428572,17.095360165714286
5253,5.810679946571428,9.719979977857141,22.01417721857143,6.325754272714286,3.1022714308571433,10.392279986,17.424040090000002
5254,5.658908549571429,9.735868528428572,22.554151605714285,6.595385721142857,3.073340007285714,10.258768622142856,17.91279148857143
5255,5.572114278857143,9.81531139557143,22.90370017142857,6.831342893428571,3.0444085835714283,10.175294394,18.376168517142855
5256,5.492671469142857,9.878628585428572,22.95136571,6.999951456714285,3.001248573857143,10.225331528857142,18.30858283857143
5257,5.405877198428572,9.688202877428571,22.713037111428577,6.949440070571427,2.9507371595714287,10.258531497428573,18.131436960000002
5258,5.340900072285714,9.942420026285715,22.760702650000002,7.176860096714285,2.899988563142857,10.291731466,18.232696971428574
5259,5.283037225142857,10.037751443142856,22.87192261714286,7.0841372318571425,2.9071028419999996,10.40840577657143,18.182185698571427
5260,5.311968648857142,9.847325735142858,22.506722625714286,6.797668616999999,2.921331399857143,10.591954388000001,17.895717082857143
5261,5.283037168714285,9.863214285857142,22.268394027142858,6.6290600537142845,2.950262823428571,10.775502886142858,17.76931994142857
5262,5.275922889714286,9.49801429457143,21.61719989857143,6.2835428502857145,2.928682804428571,10.90901425,17.213220104285714
5263,5.268571428571428,9.641011475714285,21.83964006,6.342591439,2.9718428141428572,10.992251465714286,17.575811599999998
5264,5.369831439428571,9.688440001857144,22.20507729,6.494125710285715,2.9789570930000004,10.975651425714288,17.769794418571426
5265,5.434808565571428,9.54544282042857,22.23685461857143,6.384565735714285,3.0078885448571433,10.992488592857145,17.62656011142857
5266,5.485320008142857,9.323240011142856,21.871417615714286,6.367728625857143,3.043934275714286,10.942451457142857,17.36546563857143
5267,5.507137152714285,9.466237079857143,22.14128607714286,6.662734330142858,3.1091485839999997,10.725465751857143,17.491862779999998
5268,5.601045759000001,9.672551450857144,22.47494597857143,6.763757158857142,3.087331439428571,10.658828689,17.66023421714286
5269,5.6876029041428575,10.021862777857143,23.253248738571425,6.974577200857142,3.1089114584285715,10.608791553285712,18.275382755714283
5270,5.745465751428571,9.958308463571427,23.68224017142857,6.966040054714285,3.123377170142857,10.408643014714286,18.553314167142855
5271,5.810442877571428,10.069528543999999,23.729905937142856,6.898691445714285,3.159422901,10.258531610142857,18.603825667142853
5272,5.875420003714287,10.164859961142856,23.68224017142857,7.0504628991428575,3.144957189142857,10.008345822999999,18.637499772857144
5273,5.947748591,10.339397119,24.079454275714287,6.999951456571428,3.166774333714286,9.908271554142857,18.932268351428572
5274,6.019840052571429,10.355048543857142,24.079454275714284,6.772531486857142,3.144957189,9.875071472714284,19.024991160000003
5275,6.084817178714286,10.069291419714286,24.143008478571428,6.5873229392857136,3.188354352571428,9.674922821285715,19.03352836285714
5276,6.150031430571429,9.51342859542857,23.475688447142858,6.022685786428572,3.1667743335714285,9.491374210571431,18.308819848571428
5277,6.258405720285714,9.052897187,22.760702651428574,5.491722909857143,3.109148612142857,9.558248398571427,17.508225467142857
5278,6.323382846285713,8.862471479142858,22.903699719999995,5.289440070428571,3.0875685931428576,9.674922708857142,17.626085404285714
5279,6.431757136,8.497271487857143,23.31680248857143,4.943922867,3.087568593142857,9.891671288857143,17.659759737142856
5280,6.597757090714286,8.243291463857142,23.17380542,4.884874278285714,3.0875685931428576,9.991745557714285,17.255431184285715
5281,6.699017045142859,8.100531520857142,23.03080835142857,4.901711444714286,3.058637169571429,10.208494137285713,16.884539724285712
5282,6.8652541821428565,8.116420071428571,22.220728490000003,4.876337132428572,3.0875685932857144,10.458679924428571,16.07564549142857
5283,6.937345643714286,8.275305803714286,21.490091495714285,5.019571439857143,3.1380800360000003,10.692265670857143,15.249913980285713
5284,6.980742807428571,8.338860062714286,19.727171491571426,5.028108585857143,3.246217171857143,10.808939981428574,13.547702615
5285,6.915765681428572,7.973422889571429,16.66162576614286,4.76701431157143,3.296728614428571,10.725702765142858,10.059094109000002
5286,6.785811372714286,7.703317189714285,12.706557229285712,4.598405748285715,3.333011470857143,10.558991319857144,6.300616971714286
5287,6.554834235285715,7.242548599714287,8.084405759285714,4.075980046,3.325660038,10.475517091714286,2.011177127428572
5288,6.403062838285714,6.9406657421428575,3.6529172349999994,3.662877164428571,3.3835228852857147,10.392042863142857,-2.353911345428571
5289,6.222360017714286,6.734114301428572,-0.7629199764285713,3.5701542995714277,3.383522885285714,10.291968480285716,-6.693862801142857
5290,6.041894266285715,6.384565735428572,-5.210297276428571,3.207799986285714,3.426920020571429,10.241931344571428,-10.932554134285713
5291,5.883008533857143,6.368677184857143,-8.561837365142857,3.098239983428571,3.3837600390000007,10.275368551714285,-14.353814089
5292,5.818031407714285,6.495785759428571,-11.405180168285714,3.0643285532857143,3.37664576,10.508954298,-16.730222581571432
5293,5.8758943114285715,6.495785759428571,-13.359000159999999,3.0474914151428574,3.37664576,10.792577179,-18.643016864285716
5294,5.984268601285715,6.750002908571427,-14.677514318571427,3.2666114210000003,3.37664576,11.059600018571428,-19.94066260714286
5295,6.020314303857143,6.893000033857143,-15.96401425,3.435219984285714,3.3477143362857147,11.176511454285716,-21.154122518571427
5296,5.998734284857143,6.924777135142857,-16.043219877142857,3.3847085981428573,3.2972028935714284,11.42669724142857,-21.196334054285717
5297,5.969802861285714,6.781780009999999,-16.329214014285714,3.3088228855714283,3.195942911,11.760357257142857,-21.53355118
5298,5.875894311571429,6.511674253571428,-17.854042658571426,3.2583114571428573,3.145194314571428,12.01054293,-22.90708279142857
5299,5.724122858142857,6.336899970571428,-18.12414835857143,3.165825746285715,3.094445718142857,12.193854415714286,-22.90708279142857
5300,5.456862836,6.178014238142857,-19.569534135714285,2.8961943119999995,3.0221171309999995,12.293928684285715,-24.17105397571429
5301,5.2906256990000005,5.8284656721428565,-19.601311464285715,2.6602371679999997,3.072628545428571,12.410602994285714,-24.238402641428575
5302,5.1172742829999995,5.653691389142857,-20.68149747714286,2.500165750714286,3.0581628337142854,12.644188627142857,-25.274954138571427
5303,5.052297156857143,5.415362847,-22.12712049285714,2.2559085864285713,3.072628545571429,12.911211467142858,-26.52208838285714
5304,5.016251454285714,5.3835856891428575,-20.602291962142857,2.4413543019999997,3.072628545571429,13.161397141428571,-24.895762828571428
5305,5.023365733285714,5.510694263857144,-18.378603197857142,2.5255400065714286,3.0944456901428565,13.428419981428572,-22.544728421428573
5306,5.044945752142858,5.447139948285715,-16.520114707857143,2.4159800035714283,3.108911430142857,13.49529416857143,-20.92670271857143
5307,5.1099228782857145,5.2882542724285715,-13.327460351428574,2.4076800114285715,3.2243999988571423,13.778917162857145,-17.808985727142858
5308,5.1099228782857145,5.399474239999999,-10.722445955571429,2.441354301857143,3.1594228727142855,14.029340075714286,-15.028248567571428
5309,5.1606714465714285,5.09759141057143,-7.085148601285715,2.4835657241428573,3.108911430142857,14.279525748571428,-11.26977143057143
5310,5.124625687571429,4.970482836,-3.5111685077142853,2.4328171417142856,3.051048583,14.36276285142857,-7.705039958142857
5311,5.0956942640000005,4.906928548714285,-2.5263142651428576,2.382305713285714,3.036582843,14.446237192857142,-6.752674180142857
5312,5.124625687571429,4.716265715,-0.794934280142857,2.2727457245714286,3.0292314384285715,14.512874368571428,-4.932365608714286
5313,5.196954274857142,4.589157140428571,0.6822285987142857,2.2895828627142856,3.0147656984285716,14.813097177142856,-3.0532456594285717
5314,5.247465717428571,4.652711399571428,2.1117257125714284,2.340094291142857,2.9208571204285714,14.963208468571427,-1.4771942808571428
5315,5.261931457428572,4.827485682571429,3.4776685461428576,2.398905711714286,3.0581628337142854,15.079882665714283,-0.052914270999999936
5316,5.348488602571428,4.970482836142857,5.2884914118571436,2.3903685657142857,3.065514266571429,15.013245717142857,1.5819485987142856
5317,5.514488613857144,4.9228171277142865,6.845097086857143,2.3989057117142853,3.0799799782857145,15.046682809999998,2.8878942774285714
5318,5.752817155857142,5.034037123428571,8.783028513571429,2.4072057037142858,3.108911430142857,14.99664556142857,4.691128584857142
5319,5.998497159,5.018148572857143,10.768388607142857,2.4494171258571424,3.1162628347142856,14.846534157142857,6.367965779142856
5320,6.236825701142857,5.0499257307142855,12.340882846857143,2.440879979857143,3.1162628347142856,14.529474295714286,7.370842943714286
5321,6.518551406857144,5.0499257307142855,13.643271329428572,2.3481571149999994,3.1670114311428574,14.162377185714286,8.356645844571428
5322,6.735299930000001,4.748042901285714,14.501017068571429,2.255671404,3.0225914105714287,13.92879144,8.845397298999998
5323,6.916002807,4.652711456142858,15.199876961428572,2.120737124,3.051285708428572,13.79527985,9.384660082285714
5324,7.024377096857143,4.636822849,15.612742717142856,2.112199978,3.0368199967142857,13.545094177142857,9.730177285428569
5325,7.031491375857144,4.557379982857143,15.977942821428572,2.087062847857143,2.971842842285714,13.34494563857143,10.075694375714283
5326,6.973628528714285,4.573268533428572,16.05738568857143,2.061688563857143,2.9284457070000003,13.294908504285715,10.067394298571429
5327,6.988094268714285,4.509714274285715,15.962054384285713,2.0702257098571426,2.993660015285714,13.361782805714286,10.025182876285713
5328,6.865254295285714,4.462048565857143,15.898500181428572,2.1039000002857144,2.928682861,13.461857075714287,10.04201992957143
5329,6.930231477857143,4.605045719428572,15.977943047142857,2.1290371447142857,2.9213314564285713,13.461857075714283,10.033482727
5330,6.987857142857143,4.652711399571428,15.96205461,2.162948567714286,2.9720800247142853,13.495057157142856,9.991271305428572
5331,7.06018573,4.700377164571429,16.073274577142858,2.1292742915714284,3.0299428718571426,13.511657197142856,9.932459842857144
5332,7.154094336285715,4.700377164571428,15.866723080000002,2.1038999932857143,3.109385738,13.394745874285716,9.738714149428572
5333,7.28404858842857,4.700377164571428,15.660171582857142,2.0619257107142857,3.167248585142857,13.227797302857143,9.519594200714286
5334,7.262468569428571,4.859262840428571,15.533299964285714,2.045088572571429,3.1454314404285713,13.110885867142857,9.367822803857141
5335,7.298514271999999,4.954594257285714,15.67629703285714,2.0114142821428573,3.188591450142858,12.977374502857144,9.603780032571427
5336,7.154094279714285,4.9704828078571435,15.72396279857143,2.0536257042857144,3.2104085665714286,12.82726309857143,9.873411481285714
5337,6.923117142285713,5.097591382428571,15.978179834285713,2.129274277142857,3.1670114028571423,12.643951612857146,10.286277237142857
5338,6.677437139142856,5.3359199244285715,16.13706556714286,2.2893457085714286,3.1596599982857145,12.543877344285715,10.699142992571428
5339,6.417528578,5.653691332571428,16.581945435714285,2.6348628837142853,3.130728574714286,12.543877344285715,11.288917276000001
5340,6.215245738571428,6.1939027887142855,17.360248194285713,3.0645657495714285,3.0873314392857147,12.543877344285715,12.333768737571429
5341,6.034542861571429,6.829208479571428,18.53552827142857,3.628965720285714,3.087331439285714,12.443802961428572,13.699000158571426
5342,5.940634311857143,7.353531385000001,19.32971969571429,4.269488571571428,3.101797151,12.443802961428572,14.499594427142856
5343,5.897237148142857,7.830188582142857,20.076245352857143,4.766539975714286,3.0799800345714283,12.460403001428572,15.291888844285717
5344,5.889885743571428,8.70382287142857,21.061099610000003,5.567134272428571,3.1089114864285716,12.477003042857143,16.34527750857143
5345,5.918817167142857,9.196131494,22.07773096714286,6.05588569842857,3.1089114864285716,12.443565835714287,17.230057495714284
5346,5.954862869714285,9.863214398857142,22.98314258428572,6.485588507714285,3.123377198285714,12.39352858857143,18.23293466
5347,5.9261685717142845,10.40318867242857,23.66635127857143,6.932128483285715,3.1812400737142856,12.37692854857143,18.772197557142857
5348,5.926168571714285,10.673294485142858,23.904679877142858,7.286182776142858,3.2030572184285715,12.426965795714285,19.041829005714284
5349,5.861191389142857,11.038494475857144,24.06356560857143,7.513602745857142,3.1959429112857145,12.360328621428573,19.31999765714286
5350,5.767282839428572,11.133588653857142,24.111231374285715,7.598025646857144,3.210408623142857,12.343728581428573,19.378808894285715
5351,5.7312371368571435,11.165365868142857,24.127120038571434,7.513839928142858,3.2104086231428575,12.310291374285715,19.378808894285715
5352,5.629977126,11.054382912857141,23.777571472857144,7.387442787142858,3.2393400467142857,12.310291374285715,19.18506308857143
5353,5.543419980857143,10.91138573142857,23.79345991,7.2864199584285725,3.253805758428571,12.327128540000002,19.084040315714287
5354,5.492671412714286,10.482394299714286,23.046934252857145,6.924065701571428,3.2319886138571428,12.32712854,18.494265918571433
5355,5.507137152714286,10.387062769714287,22.824494318571432,6.662734273571429,3.2751485952857142,12.277091292857142,18.31735727857143
5356,5.637328587142858,10.116957070142856,22.76094011714286,6.4772886004285715,3.296728614285714,12.29369122,18.20779707714286
5357,5.709657117857143,10.275842802,22.88804874857143,6.435077178142857,3.3761714521428567,12.260254012857144,18.24147141
5358,5.861191389142857,10.069291304857144,22.74505168,6.291842870714285,3.3688200192857143,12.293691220000001,18.022351234285715
5359,5.94798566,10.069291304857142,22.808606108571432,6.275005704285715,3.3688200192857143,12.260491251428572,18.03065119857143
5360,6.041894209714285,10.148734170571428,23.094363234285716,6.553174242285714,3.383285731142857,12.277091292857145,18.266608314285715
5361,6.085291373285714,10.355285555142858,23.666114495714286,6.822805634285714,3.376171423857142,12.277091292857142,18.67947407
5362,6.027428526142857,10.05363988,23.586671630000005,6.856479967,3.325660009571428,12.293928458571429,18.452054157142857
5363,5.9479856598571414,10.164859848142857,23.88855443,6.932365665428572,3.311194297714285,12.227291395714287,18.746822735714286
5364,5.955099938857144,10.085416982571429,23.777334235714285,6.924065645142856,3.2822628741428566,12.160654332857145,18.797571247142855
5365,5.861191389142857,9.81554840842857,23.491339871428572,6.713245659571428,3.3545914331428572,12.110617198571429,18.460591358571428
5366,5.904588552857143,9.656662789142857,23.18945684428572,6.586848518571428,3.354591433142857,12.110617198571429,18.224634242857142
5367,5.984031419142858,9.418571316714283,22.458819849999998,6.173745693571427,3.3835228567142854,12.027142857142858,17.474551361428574
5368,6.222359961142857,9.085148539714286,21.998051317142856,5.904114301571428,3.455614290142857,11.910468547142857,16.75837993857143
5369,6.316268510857142,8.846819997714286,21.50574269428571,5.474411407571429,3.470080002,11.826994318571428,16.185205582857144
5370,6.409939935,8.64050573842857,21.18797123,5.061545708285714,3.4845457138571425,11.776957184285715,15.58689421
5371,6.496497080142858,8.100531521000002,20.91786553,4.631605716857143,3.477431435,11.676882915714286,14.929534248571429
5372,6.583291351,8.036977205428572,20.72720269714286,4.471534299571428,3.4195685878571425,11.62684578,14.68503993
5373,6.734825622142856,7.9416457320000005,20.822534227142857,4.404185747142857,3.470080002142857,11.543371551428573,14.491294348571428
5374,6.864779930857142,7.7986486632857135,20.94964263142857,4.252651475857143,3.448500011428571,11.476734488571429,14.508131514285713
5375,6.835848507285716,7.878091416428572,21.410411164285716,4.303162862,3.4053400298571432,11.49333452857143,15.089368594285716
5376,7.038131346714286,8.084642857142857,21.82327692,4.446397141142858,3.3837600390000007,11.559971591428573,15.46025994
5377,7.124925673999999,8.163848484571428,21.648502750000002,4.640142834571429,3.4126914625714284,11.626608654285715,15.173791438571428
5378,7.211720001285714,8.465731342142858,21.346857188571423,4.884637096285714,3.3982257507142855,11.710082882857142,14.946371525714286
5379,7.146742875142857,8.481620005857144,20.838660128571426,4.910011380428571,3.4055771835714284,11.810157152857144,14.482994384285714
5380,6.973391459285715,8.624617131142857,18.88507729128571,5.078619943714286,3.383997192857142,11.976868597142856,12.721734331428573
5381,6.814505727000001,8.561062815571429,15.86719737357143,5.120594183714286,3.4126914625714284,12.243654311428571,9.856574271142858
5382,6.6411543111428575,8.354511431285715,11.832685998857144,4.8426627714285715,3.427157174428572,12.42720281,5.921425732142857
5383,6.446222932857142,7.941408549714287,8.433717384571429,4.497145638571429,3.4342714534285714,12.49407711142857,2.4999287092857148
5384,6.301802940571428,7.528542907,4.6534230459999995,4.143328527857143,3.4198057417142858,12.677625721428571,-1.1067770307142855
5385,6.113985784571428,7.306102859,0.1742686431428567,4.0757428497142865,3.4126914627142857,12.827737125714288,-5.3203313464285715
5386,6.092168639857142,7.147217126571428,-4.336662859714286,3.9576457007142856,3.405340029857143,12.844337165714288,-9.710794302142858
5387,6.041657197285715,6.734114301428572,-6.226928563714286,3.6204285741428572,3.354828587285714,12.79429991857143,-11.573077156428571
5388,6.056122937285714,6.479897152285715,-8.561837110285714,3.359334328285714,3.304317172857143,12.661025567142856,-13.873599951857145
5389,6.085054360857143,6.336900027,-8.943162834142857,3.2161000491428573,3.268034316428572,12.694225648571429,-14.160305692857145
5390,6.150031487,6.638782828142857,-11.198865711285716,3.6121286245714286,3.224637181,12.727425729999998,-16.57868853857143
5391,6.178962910571428,6.591117119714286,-12.660139869857144,3.6289657627142864,3.130728603,12.643951501428573,-17.943682947142857
5392,6.207894334142857,6.384565735571429,-12.501491262714284,3.2919857335714284,3.1233771701428568,12.577077200000002,-17.77507427
5393,6.164734296142858,5.955574275142857,-11.453319816,3.106777157857142,3.087331439285714,12.660551428571429,-16.746822735714286
5394,6.078177151,5.733134255571428,-11.516874075,2.9130314361428575,3.058400015714286,12.794062904285715,-16.628962797142858
5395,5.919291418571428,5.447139976857143,-11.072231217857142,2.7022114222857145,3.0294685921428575,12.86070008,-16.157048565714287
5396,5.745940002714287,5.0024971197142865,-12.27928828357143,2.5589771430000003,3.015002880285714,12.72742572857143,-17.387345755714286
5397,5.587054270285715,4.525840035571429,-11.882073952142859,2.1041371470000003,3.0368199967142857,12.69422564714286,-16.713148741428572
5398,5.406351393285715,4.46228572,-12.882816872142858,2.0536257044285717,3.101797151,12.761099835714287,-17.640140038571428
5399,5.391885653285714,4.366954246571428,-12.851039770714285,2.137811423285714,3.0873314392857147,12.944648447142857,-17.682351574285715
5400,5.305091382571428,4.541728557857143,-12.612711228714288,2.0533885717142857,3.087331439285714,13.044722717142857,-17.294860188
5401,5.254342814285714,4.716502869142857,-13.565788497000002,2.1712485667142856,3.1162628628571434,13.128197060000002,-18.314337166571427
5402,5.203594246,5.018385755,-13.279794247,2.2302971412857144,3.130728574714286,13.261708537142857,-17.935145742285716
5403,5.153082803428572,5.304142879857143,-12.644488557,2.2808085698571428,3.116262834714285,13.46185719,-17.25241129942857
5404,5.117037100857142,5.399474296714287,-11.183214285714286,2.331319998428571,3.1233771418571434,13.678605768571428,-15.457476956285712
5405,5.124388505428572,5.208811462999999,-7.101037203,2.2049228572857142,3.1233771418571434,13.778680151428572,-11.362019835285713
5406,5.066525658285714,5.3200314870000005,-5.115440025714285,2.1880857191428573,3.09444569,13.795280191428573,-9.347965542285715
5407,5.117037100857142,5.208811462999999,-3.5270571794285717,2.2639714247142857,3.101559997285715,13.895354461428571,-7.864874076428571
5408,5.182251409142857,5.065814309428572,-1.477905672714286,2.179785705857143,3.094208592714286,13.861917254285713,-5.8761942089999994
5409,5.355602825142858,4.795708581285714,0.8728914955714284,2.179785705857143,3.087094285428571,13.878517181428569,-3.7357427984285714
5410,5.492908538428572,4.573268589857143,3.525571465428572,2.1292742772857145,3.087094285428571,14.07866572,-0.7105114337142854
5411,5.637328530857142,4.525602881428571,6.098808625571428,2.087062840857143,3.0655142664285715,14.128702855714284,1.4128657082857146
5412,5.846725705857142,4.763931423571429,7.020108680000001,2.280808562571429,3.0583999592857145,14.24537705285714,2.5167656625714288
5413,5.984031419142856,4.827485739142857,8.799154472714287,2.3315571308571426,3.0583999592857145,14.428925664285712,4.193602828857143
5414,6.1936656632857146,4.922817156,10.196874542,2.441117133857143,3.051285652,14.445762829999998,5.474648538428572
5415,6.388597098285714,5.097591410714286,12.229900343857143,2.6180257175714283,3.022354200142857,14.512637131428573,7.379142799571428
5416,6.547482830571428,5.224699957142856,13.627620242714285,2.6685371459999994,3.022354200142857,14.462599997142856,8.727537077571428
5417,6.691902822857143,5.335919981142857,14.834677421428571,2.719048574571428,3.0081256422857146,14.262451458571428,9.38465997
5418,6.763994227857142,5.304142823428571,15.279320164285716,2.752722865,2.957614228,14.195814395714285,9.907322826285716
5419,6.742414208857143,5.129368540428572,15.787517224285716,2.5841142877142858,2.907102813714286,14.062303031428572,10.109605722428572
5420,6.727948525285714,4.970482808,15.94616571857143,2.533365719428571,2.878408544,13.845554338571429,10.269914208857143
5421,6.641154254428571,4.8751513911428574,15.97794282,2.4660171528571424,2.827897129714285,13.662005727142859,10.345562838571428
5422,6.597757090714286,4.716265715285714,15.86672262714286,2.314482867428571,2.784737148285714,13.54509429,10.320188583285715
5423,6.496734205571428,4.620934298428572,15.72372555857143,2.272508585,2.7268743011428573,13.495057154285716,10.210628608571428
5424,6.4606885031428565,4.636822849,15.628394028571432,2.2976457292857146,2.7195228682857144,13.47821998714286,10.193791441428571
5425,6.446222819571429,4.620934298285714,15.517174061428573,2.2976457292857146,2.7482171380000002,13.461619947142859,10.075694264142857
5426,6.446222819571429,4.58915714042857,15.374176992857144,2.2976457292857146,2.755331416857143,13.528494248571429,9.923922867142858
5427,6.439108540714286,4.573268533285714,15.183751171428572,2.2471343008571427,2.7913771194285713,13.528494248571429,9.746777214428572
5428,6.4319942618571435,4.589157083857144,14.977436799999998,2.2217600167142852,2.812957110142857,13.428419980000001,9.569868573857145
5429,6.45381140657143,4.620934185142858,14.818788305714287,2.2132228707142856,2.9718428141428572,13.344945751428572,9.401497136285714
5430,6.5116742538571435,4.652711342857144,14.691916914285715,2.2046857247142855,3.0223542567142863,13.294908617142857,9.19921424014286
5431,6.547719956285714,4.811597075285715,14.834914209999999,2.246897147,3.072865699285714,13.178234307142858,9.359522727285716
5432,6.51902565842857,5.129368483571428,15.105019909999998,2.432342862428571,3.087331439285714,13.07792291142857,9.662828508857144
5433,6.519025658428572,5.367697082142857,15.486345577142856,2.516765721,3.137842881857143,12.977848528571428,10.101068520142858
5434,6.4611627547142865,5.653691389142858,15.803880030000002,2.7612599968571425,3.1594229008571424,12.910974341428572,10.47195998
5435,6.490094178285715,5.907908538428572,16.327965865714287,3.056265715285714,3.217285776285714,13.01104861,10.977548544857143
5436,6.424879926428572,6.432231444,17.392025977142858,3.4776685465714285,3.1304915055714284,13.144559974285714,12.24981991914286
5437,6.330971376714286,7.194645766428571,18.599083155714286,4.126491403999999,3.173888641,13.21119715,13.690699857142858
5438,6.179199979857143,7.575971490142857,19.488605881428573,4.564731415714285,3.137842910142857,13.127722808571429,14.735551318571428
5439,5.9840314192857145,7.766634380285715,20.219243102857146,4.8343628359999995,3.123377170142857,13.144559861428572,15.679379781428569
5440,5.781748579714285,8.258942945857141,20.854548792857145,5.407299952571429,3.0657514487142863,13.161159902857142,16.51364827
5441,5.6589086064285725,8.703585803,21.728183081428572,5.803328513857143,3.029705717857143,13.24463413142857,17.499451028571425
5442,5.427694343285714,9.275337234714286,22.61770580857143,6.224731387571429,2.964728563571429,13.161159902857142,18.603350964285713
5443,5.3411371981428575,9.402445752714284,22.61770580857143,6.393340007285715,2.9720799681428574,13.094522727142857,18.536002524285713
5444,5.153320042142857,9.402445752714286,22.395265647142857,6.385039986999999,2.9142170927142854,13.094522727142857,18.485491251428574
5445,5.052297157,9.608760012000001,22.22049147857143,6.502899981999998,2.9213313717142855,13.177997068571429,18.51086562
5446,5.016251454428572,9.751757080714285,22.268157242857143,6.620997159142858,2.9142170927142854,13.09452284,18.51940282285714
5447,4.987320030857143,9.767645631285715,22.109271510000003,6.604160049285713,2.9284456505714282,12.994448570000001,18.42668001428571
5448,4.951274328285715,9.688439890714287,21.807388482857142,6.494600074571428,2.9934228050000002,12.961011475714287,18.22463447
5449,5.0378314734285725,9.529791283999998,21.44195148,6.309154344857143,2.9934228050000002,12.977611517142858,17.862280212857144
5450,5.008900049857144,9.608997024571428,21.759722718571428,6.334291475142857,3.007888545,12.927574382857143,18.09823732857143
5451,5.052297213428572,9.386794101857143,21.632851327142856,6.2415686102857135,3.015239977857143,12.961011477142858,17.786394344285714
5452,5.1028086560000006,9.005705503142858,21.315316874285713,5.938262885571429,3.0081256988571425,13.061085747142856,17.230057041428573
5453,5.182251522142857,9.196131324142856,21.378871077142858,6.047822860285714,3.0441714297142854,13.144559975714285,17.171008565714285
5454,5.305091495428571,9.259685640428572,21.760196745714286,6.064659970142857,3.1236142958571427,13.161160017142858,17.331080039999996
5455,5.377182900428571,9.259685640428572,21.91908247857143,6.140545668571429,3.1020342768571427,12.927811397142857,17.297168468571428
5456,5.4134657285714285,9.196131437857144,21.712768220000005,6.098334246285715,3.1451942865714284,12.861174221428572,17.010699854285715
5457,5.362954285999999,9.323240068999999,21.712768219999997,6.292317065428571,3.1162628347142856,12.877774261428572,17.044374187142857
5458,5.305091438857142,9.307351518285714,21.823751174285714,6.292317065428572,3.1017971228571426,12.89437430142857,17.19614569714286
5459,5.269045736285714,9.529791509571428,21.982636907142858,6.460925628714286,3.0946828440000007,12.927811508571429,17.448939980000002
5460,5.326908583571429,9.402682878428573,21.982636907142854,6.4270142268571435,3.0731028250000003,12.744263011428572,17.524825621428572
5461,5.391885766285715,9.085148538714288,21.664865668571426,6.216431423571429,3.058874267142857,12.577551565714288,17.14563419857143
5462,5.507611517285715,9.132577178,21.744308534285715,6.123708558714286,3.0949199980000004,12.627588700000002,17.17954577
5463,5.587054383571429,9.243560019857142,22.12539696142857,6.182757090857144,3.1383171334285715,12.64418874,17.415503111428574
5464,5.875894368142857,8.989579996285714,21.61719990142857,5.702305713285715,3.203294287857143,12.6275887,16.766680240000003
5465,6.070825802999999,9.021357097571428,21.791974071428573,5.592745738571429,3.261157163285714,12.544351484285714,16.85940304857143
5466,6.265757237857143,8.989579996428573,21.99828833,5.6264200148571435,3.3261343175714293,12.444277101428572,16.851103084285715
5467,6.395711489999999,8.703822871714285,21.616962662857144,5.2220914050000005,3.3982257508571436,12.427677060000002,16.412863185714283
5468,6.496734318571428,8.767377187285714,21.64873976285714,5.129368540142857,3.3908743180000003,12.377639925714288,16.421400388571428
5469,6.597757147142857,8.70405999742857,21.823514158571424,5.0956942640000005,3.376408606142857,12.294165697142859,16.47191166142857
5470,6.742177139428571,8.577188605,21.855291259999998,4.893411424428572,3.369294327142857,12.177491387142856,16.244491522857142
5471,6.836085689142857,8.497745738857143,22.220491250000002,5.062019987714286,3.3403629035714286,12.144054292857144,16.606845779999997
5472,7.067299952285714,8.386525771428571,22.188714148571428,4.935622846714286,3.3619428944285716,12.077180104285715,16.28670283142857
5473,7.248002772857142,8.211751488428572,22.236379912857142,4.767014283428572,3.3835228852857147,12.093780144285715,15.983160037142856
5474,7.233537089428571,8.211751488428572,21.83940282,4.758477165571429,3.412454308857143,12.293928682857144,15.519782781428573
5475,7.1901399258571415,8.291194354571427,21.299428432857145,4.910011436857142,3.4053400298571432,12.594151491428573,14.946608425714288
5476,7.074651357142857,8.100531520999999,19.726934137142855,4.850962848285714,3.383760010857143,12.760862935714286,13.505491306428569
5477,6.8868342011428565,7.862202922428572,16.91560564642857,4.749939991428572,3.3692942990000003,12.827499998571428,10.842614198285714
5478,6.648505659142857,7.68742863942857,13.643508537714284,4.6150057044285715,3.3548285871428574,12.844100038571428,7.640474193285715
5479,6.345199934428572,7.385545781857142,9.57722000542857,4.278025703428571,3.3477143081428573,12.844100038571428,3.797811450428572
5480,6.063474228714284,7.2743257578571425,5.2887286638571425,4.151628590571429,3.354828587,12.677388594285716,-0.27227143099999956
5481,5.933519919857143,7.067774317,1.1588857024285715,3.898834294428571,3.3043171727142853,12.560477271428573,-4.216194183857143
5482,5.781985648571429,6.7023372004285715,-3.1775084161428566,3.730462856857143,3.3043171727142857,12.56047727142857,-8.564445605285714
5483,5.760405629571428,6.59111717642857,-6.9419141475714286,3.5535543014285715,3.3043171727142857,12.727425842857144,-12.348059816
5484,5.767519964999999,6.622894277714286,-9.705814055428572,3.536717163285714,3.282500028142858,12.927574494285716,-14.952125573571427
5485,5.796451388571429,6.559339962142857,-11.961279806714288,3.3851828637142853,3.260920009142857,12.927574494285716,-17.23581137142857
5486,5.904825678428572,6.750002852285715,-13.470219900142856,3.7643742869999994,3.217522845428571,12.84433727857143,-18.685228624285713
5487,5.947985716428572,6.686448593285713,-14.995048544285714,3.756074266714286,3.1238514214285718,12.910974454285716,-20.109271508571428
5488,5.926168571857143,6.718225751142858,-16.345102904285714,3.8741714015714286,3.058874267,12.944411548571429,-21.566988725714285
5489,5.8901228692857135,6.575228569285714,-17.790488681428574,3.6970256921428577,3.0081256705714283,12.877774372857143,-22.704563220000004
5490,5.752817156,6.352788577857142,-19.156668605714287,3.4442314100000004,2.9502628234285715,12.911211467142858,-24.002209190000002
5491,5.5723514047142855,6.050905720285714,-20.411391549999998,3.2839228388571433,2.914217092571429,12.96148572857143,-25.21566932857143
5492,5.398999988857143,5.9555743034285715,-21.58667162857143,3.199499966142857,2.899751380857143,13.1284343,-26.243920862857145
5493,5.109922878571429,5.733134255428572,-22.63484307571429,2.929868545857143,2.856354245571428,13.41205718142857,-27.154074992857144
5494,4.900525703571428,5.749022806,-23.270386004285715,2.938168566142857,2.8634685244285722,13.862391507142858,-27.575477725714286
5495,4.756105711142857,5.733134198857144,-23.50871437714286,3.140214308142857,2.8634685244285722,14.496274331428571,-27.58401492857143
5496,4.734288566571429,5.764911356714285,-23.00028007857143,2.9550057324285715,2.8708199572857143,15.130157155714286,-27.297546088571433
5497,4.7053571430000005,5.669579939857142,-22.206088654285715,3.039191451285714,2.892399948,15.680565750000001,-26.39592870857143
5498,4.7053571430000005,5.749022805999999,-20.68126001,2.997217168857143,2.913979967,16.18093709714286,-24.786202742857142
5499,4.784800009142857,5.828465672285714,-19.23587423142857,3.0308914734285715,2.957377130571429,16.731345691428572,-23.40413392857143
5500,4.893174298857143,5.844354279428572,-17.425288348571428,3.1233771842857148,3.015239977714286,17.21511711,-21.760971095714286
5501,5.059411435857143,5.669579996428571,-15.535022588714286,2.8537457358571428,3.0731028531428572,17.448702742857144,-20.084133928571426
5502,5.290625755571428,5.606025737285714,-13.45409410757143,2.6094885715714287,3.1380800075714284,17.39866572142857,-18.255525252857144
5503,5.427931468857143,5.399474324714285,-11.516399878142858,2.761022871142857,3.210171440857143,17.36522862714286,-16.308819625714285
5504,5.579702922285714,5.367697167,-9.499025656714286,2.6429257292857145,3.2753857491428566,17.181680015714285,-14.37918817714286
5505,5.745940059142856,5.1611457544285715,-6.481145753714286,2.5416657254285715,3.3187828845714287,17.081605745714285,-11.370793950000001
5506,5.926405754,5.049925730428571,-2.907402856571428,2.3310828655714286,3.333248596428571,16.964931322857144,-7.907322573142857
5507,6.121337132428572,4.875151447428571,0.5235799848571432,2.086825722428572,3.3621800482857145,16.86461981428571,-4.5448740245714285
5508,6.251291441285715,4.684488585571429,3.811565757857143,2.019477155857143,3.3403629037142855,16.681071202857144,-1.3005227110000004
5509,6.395711433571428,4.430271436428572,7.067537078142858,1.8508685854285718,3.304317172857143,16.547559612857146,1.8005943527142858
5510,6.554597166,4.446160015285715,10.037751443000001,1.6317485724285716,3.253805758571428,16.347411074285716,4.615005789142857
5511,6.742414321857143,4.509714330857143,12.849079963,1.6907971398571426,3.2175229021428575,16.13066260857143,7.210534288142857
5512,6.929994352142857,4.5732686181428575,14.103802737142857,1.733008569142857,3.2535686047142858,15.780402778571428,8.171199945714287
5513,7.009437218285714,4.430271492857143,14.786774079999999,1.7583828531428571,3.2391028928571433,15.39670574142857,8.786348541142859
5514,7.125162969142857,4.430271492857143,15.231416937142855,1.7920571364285716,3.2101714410000004,14.962971569999999,9.114791452571428
5515,7.161208671571428,4.509714330714286,15.548951162857145,1.851105710857143,3.159659998428572,14.512637357142856,9.435171469285715
5516,7.081765805428572,4.573268589714286,15.58072849,1.9355285624285714,3.116262863142857,14.012266010000001,9.553268646571428
5517,6.937345813142857,4.525602853142858,15.548951162857142,1.9777399917142857,3.036819996857143,13.41182028,9.637691491142858
5518,6.836085802285714,4.430271408,15.469508295714288,1.9186914242857143,3.0078885449999997,12.928048747142858,9.570342938714287
5519,6.648505772,4.319051412285715,15.294971138571428,1.9101542854285714,2.856354259571429,12.52751431714286,9.561805849142857
5520,6.482505760714285,4.1919428377142856,15.07276833,1.8679428561428573,2.762445681714286,12.177254261428573,9.477620130285713
5521,6.3236200284285715,4.112499971571428,14.850565407142858,1.825731426857143,2.7119342674285716,11.860431412857142,9.385134334571429
5522,6.258642902285715,4.033057133714285,14.612474047142857,1.7666828524285714,2.7048199884285715,11.61024574,9.224825735142858
5523,6.200780055000001,3.937725745142857,14.358493910000002,1.6990971390000003,2.7121714212857144,11.326622858571428,9.022542839
5524,6.186314314857143,3.9218371944285715,14.072736898571426,1.6485857105714286,2.762682835714286,11.176274328571427,8.778048520714284
5525,6.114222853285713,3.8900600367142855,13.739314122857142,1.6317485652857144,2.748454277857143,10.975888664285716,8.584302827285713
5526,6.092405708714286,3.6360800274285716,13.500985637142858,1.4211657054285713,2.791851427428572,10.775740125714284,8.449368596857143
5527,5.998497159,3.461542884285714,13.373877118571428,1.252557135142857,2.820782851,10.508717285428572,8.381782805714286
5528,5.9479857162857135,3.5727628517142853,13.707300008571426,1.3201428485714286,2.856828553428571,10.225094404714286,8.727062882857144
5529,5.868542850142857,3.906422838857143,14.151942865714288,1.5475628607142855,2.885522823142857,9.991508658285714,9.241188649142856
5530,5.789099983999999,4.255971376714285,14.437700104285712,1.7415457152857141,2.907102813857143,9.874834348714286,9.729940047142858
5531,5.76016856042857,4.621408521714286,14.818788645714287,2.0870628481428573,2.9433856702857146,9.67468569657143,10.142805803
5532,5.781748579428572,4.843848541285714,15.374651582857142,2.2810456955714287,2.9720799681428574,9.474537044000002,10.741117175571429
5533,5.716771453285715,5.542708561714286,16.073511590000003,2.778334260571429,3.0081256705714283,9.34102556757143,11.407014226571428
5534,5.716771453285714,6.384565679142858,16.692928617142854,3.4271570897142856,3.029705661285714,9.240951298142859,12.030699968571428
5535,5.687840029714285,6.893000034142857,17.09014294857143,3.755599972857144,3.029705661285714,9.140877028714286,12.587037045714286
5536,5.673374289714286,7.194882891714286,17.42380285142857,4.042068531142857,3.058637113142857,9.007365552142856,13.05895139
5537,5.658908549714285,7.417322883,17.757462752857144,4.387585706285714,3.0657514202857143,8.840416981571428,13.37079426
5538,5.593931423571428,7.639762817857144,18.17056552142857,4.505445701285715,3.0439343038571427,8.707142743857142,13.84270849142857
5539,5.485557133857143,7.941645675571428,18.45655965857143,4.741402873571428,3.022354284857143,8.590468546857142,14.061828554285714
5540,5.427694286571429,8.195862824714286,18.726665357142856,4.9856600378571425,3.007888573142857,8.440357142714285,14.289248692857143
5541,5.420342825428571,8.227640038999999,18.964993955714284,5.1288943452857145,3.000537140285714,8.323682832571427,14.626228692857143
5542,5.333548554714286,8.148197116285715,18.964993955714288,5.213317189857143,2.9787199957142856,8.156734205571428,14.51666871714286
5543,5.261457149571428,8.100531464428572,18.83788555142857,5.272365778428572,2.9931857074285717,8.056659936142855,14.54204286
5544,5.218297167999999,7.989311497,18.91732841857143,5.145968580857144,2.9931857074285717,7.8899485478571405,14.584017157142856
5545,5.1967171489999995,8.005200160714285,18.99677128428571,5.213554315428572,2.9860714002857143,7.789637096285714,14.643065858571429
5546,5.203831427857144,8.068754476285715,19.01265994857143,5.390462842571429,2.9789571214285715,7.689562770285714,14.819974385714286
5547,5.2688085540000005,7.750983011571429,18.583668517142858,5.146205678285715,2.964491409571429,7.55605135042857,14.508131402857142
5548,5.196717149,7.433211546857144,18.536002978571425,4.868274266000001,2.9863085541428567,7.405702764142857,14.322922798571428
5549,5.160671446428571,7.592097335714286,18.52011431428571,4.885111375857142,3.000774294142857,7.372502795714285,14.42394557142857
5550,5.138854301857143,7.576208672000001,18.488336985714284,4.750414214571428,2.9502628515714284,7.305865676857143,14.22166278857143
5551,5.095457138285714,7.687428639428572,18.647222717142856,4.800925657142857,2.9502628515714284,7.289028510571428,14.263874324285714
5552,5.102571417285715,7.70331719,18.69488848142857,4.817762823571428,2.928682860857143,7.222391391571429,14.365134108571429
5553,5.138854302,7.798648606714286,18.678999817142856,4.817762823571429,2.9502628515714284,7.188954241,14.331459775714288
5554,5.110160004142857,7.862202922285715,19.028548382857142,4.8682742661428575,2.9502628515714284,7.222391391428572,14.533742671428572
5555,5.204068553857143,8.116420071428571,19.092102585714287,5.087394271999999,2.9284457069999994,7.172354256714286,14.786536954285713
5556,5.240114256428571,8.084642857142857,19.26687698142857,5.020045719571429,2.9068656880000003,7.088879971428571,14.786536954285717
5557,5.160671390142857,8.021088598142857,19.171545678571427,4.901948570571428,2.892399976285714,6.988805702,14.626465481428571
5558,5.138854245428571,7.8622029222857135,19.139768578571427,4.893411424571428,2.827422821857142,6.922168582999999,14.727488252857144
5559,5.073877119285714,7.814537157285715,19.060325712857143,4.884874278571429,2.7911399652857147,6.838694297857144,14.634765445714288
5560,5.001548532142857,7.592097109428571,18.99677151,4.640380016857143,2.740628551,6.7386200284285716,14.685276944285716
5561,5.03024283,7.671539919142857,19.060325938571427,4.573031436142856,2.704582848571429,6.621945774857143,14.794837031428573
5562,5.073639993714286,7.671539919142858,19.250751532857144,4.4297971288571425,2.704582848571428,6.5719086401428575,14.794837031428571
5563,5.203594302428572,7.4967656361428565,19.29818006,4.370748568428572,2.704582848571429,6.571908640142857,14.896097041428572
5564,5.463740045714286,7.449099927714285,19.647728625714283,4.480308571285714,2.7261628392857142,6.588508624285714,15.132054157142857
5565,5.702305770000001,7.560319895285715,19.949374414285717,4.513982847428571,2.784025686571429,6.538471489571428,15.090079861428572
5566,5.890122925999999,7.560319895285715,20.298685968571426,4.513982847428571,2.8129571102857147,6.538471489571429,15.292125631428572
5567,6.135802929142857,7.401434219428572,20.60033153142857,4.455171412714286,2.8779342362857143,6.5719086401428575,15.308962798571429
5568,6.294925787285714,7.306102802571429,20.60033153142857,4.606705684,2.9355599577142857,6.638545759,15.292125632857145
5569,6.460925798571429,7.099551361714286,20.314574407142857,4.454934258714286,3.015002823857143,6.705420060000001,14.735788557142858
5570,6.620048656571429,7.067774260428572,19.758711582857142,4.446397112714285,3.087331411142857,6.738857210571429,13.994242877142856
5571,6.663208638,7.163105677142858,18.93274294571429,4.345374255857143,3.159659998428572,6.805494329571429,13.151437185857144
5572,6.663208638,7.210771385428572,17.423802851428572,4.3792857142857144,3.210171441,6.939005749571429,11.862091462428571
5573,6.670322916857144,6.988331394142858,15.104782783857145,4.168702826142857,3.2751485952857142,7.055917185285714,9.603780040428571
5574,6.612460069571429,7.099551361571429,12.62711430814286,4.2192142687142855,3.304080047142857,7.155991454714285,7.109511438428572
5575,6.5761772412857145,6.829445661714286,9.466237053428573,3.873697135857143,3.3979885968571426,7.239465796571428,3.8651599542857147
5576,6.532780077571428,6.432231359142857,5.9717000087142855,3.6377399918571425,3.4124543087142856,7.289502931285713,0.5114856214285718
5577,6.251054315428571,6.050905635285714,2.239071377857142,3.2585485615714282,3.325660009714286,7.422777225571429,-2.9519856985714292
5578,6.207894334000001,5.764911384857143,-1.2395771164285716,3.2417114234285713,3.3327742885714287,7.472814360285715,-6.634577194428571
5579,6.200542929285715,5.4630285838571435,-4.384565707857143,2.702211422,3.332774288571428,7.572888686285714,-9.988488596714287
5580,6.2655200554285715,5.351808616285715,-7.100562867428572,2.533602858714286,3.3401257214285716,7.789637209285715,-12.845111519
5581,6.344962921714285,5.192922940428572,-9.54669142457143,2.3230199988571427,3.3401257214285716,8.056422867,-15.466014274142855
5582,6.482268635142857,5.3518086728571435,-11.166851372714287,2.3230199988571427,3.2751485952857147,8.273171333428573,-17.227274398571428
5583,6.453574337285715,5.717245817714287,-12.88234273657143,2.3735314274285715,3.2464543255714284,8.523357063571428,-18.93802291
5584,6.605108665,6.098571541571429,-14.20061977,2.693911423,3.3258971917142857,8.690305634142856,-20.438188674285716
5585,6.511200058714286,6.1462372499999995,-15.661894098571429,2.5253028597142864,3.289851489142857,8.957328530571429,-21.70215985857143
5586,6.388360029,6.082682934428571,-17.377385462857145,2.6939114301428573,3.289851489142857,9.15747706942857,-23.143039682857143
5587,6.207894334142857,6.972205830857143,-18.616456981428573,3.4691314145714283,3.275385749142857,9.240951411285716,-24.373336759999997
5588,5.947985716571429,7.607511522285714,-19.950859804285717,4.1011171481428565,3.231988585571429,9.290988659142856,-25.401351054285715
5589,5.702305713428571,8.497034305285714,-21.126376894285716,5.0617828764285715,3.217522873857143,9.391063041714286,-26.243919731428573
5590,5.601045702571429,8.608254329285716,-21.634574179999998,5.078620014428572,3.260682855285714,9.708123015714287,-26.589436822857145
5591,5.492671412857143,8.338148573,-21.777571474285715,4.8846371528571435,3.2680342881428572,10.125257259714287,-26.75780826
5592,5.376945718428572,8.512922856000001,-21.571019975714286,4.951985705285714,3.253568576428571,10.492354369,-26.47133987142857
5593,5.304854313285714,8.735362847428572,-20.68149724857143,5.145731426999999,3.2535685764285716,10.976125788285714,-25.603397277142854
5594,5.246991409571429,7.925282817285714,-19.887305825714286,4.421022856857142,3.2825000282857144,11.359822938999999,-24.651268624285713
5595,5.275685707428571,7.448862801714285,-18.64823453285714,3.8141742534285714,3.3258971918571434,11.693482841857143,-23.40413438
5596,5.239640004857144,6.400454286285714,-17.282291847142858,2.701974246857143,3.3403629035714286,12.04397991,-22.097951208571427
5597,5.153082859714286,6.098571428714286,-15.59857747157143,2.7778599594285716,3.2682714702857147,12.127217014285716,-20.43795120857143
5598,5.109922821714286,6.2256800032857145,-13.80388025414286,2.7610228214285715,3.2393400184285714,12.060342712857144,-18.45757124857143
5599,5.16067139,5.8920199879999995,-11.945628834428573,2.7105114071428567,3.2538057301428576,12.02690561857143,-16.49402834142857
5600,5.225648516142859,5.526582871285713,-9.864700183571427,2.4830913949999998,3.2466914511428575,11.860194174285715,-14.421162584857141
5601,5.334022806,5.288254272714285,-6.989580081428572,2.3230199777142855,3.2322257392857145,11.826756967142856,-11.353719812
5602,5.362954229714285,4.970482864428571,-3.6857056441428573,2.2051599827142856,3.2177599992857147,11.826756967142856,-8.042019861000002
5603,5.4784427984285715,4.922817156000001,-0.3659426569999997,2.314719978571429,3.203294287571429,11.759882667142856,-4.7808313805714295
5604,5.637328530857144,4.843374289714285,2.8108230359999995,2.2051599898571426,3.195942883,11.726682698571429,-1.6628772070000006
5605,5.832259965714286,4.589157168714285,5.828940121428571,2.129274277142857,3.167011459428572,11.860194175714286,1.2274199835714283
5606,6.070588507857143,4.525602909571428,8.894485733142856,2.011177135285714,3.152545747714286,12.010305579999999,4.058905711714286
5607,6.251054202714286,4.493825751857143,11.451597216571429,1.884779994285714,3.1162628912857144,12.260491252857141,6.460688630428572
5608,6.446222819714286,4.462048622285715,13.246294350142858,1.8005942825714285,3.0944457467142863,12.444039862857142,7.851057252714285
5609,6.619574235571429,4.334940047714285,14.183245715714287,1.674197143285714,3.072628630285714,12.560951298571428,8.601140106857143
5610,6.720834189857143,4.176291469285714,14.834439844285715,1.5392628615714286,3.043697178428571,12.727899868571429,9.148940036857143
5611,6.778459911285713,4.033531469714285,15.199639834285716,1.4214028594285715,3.0076514475714284,12.86117421857143,9.477620017428572
5612,6.763994227714285,3.8907714701428566,15.310859801428572,1.328917145,2.9860714568571427,12.86117421857143,9.595717081571427
5613,6.713245659428572,3.732122891714286,15.279082700000002,1.2364314287142855,2.9644914378571428,12.811137084285715,9.570342825714286
5614,6.684314235857143,3.6370286005714285,15.199639834285717,1.1773828595714286,2.9139799952857146,12.610988545714287,9.528131403428572
5615,6.554122801428571,3.5101571517142856,15.056879777142855,1.1437085727142857,2.8634685527142856,12.460877142857143,9.494457070571428
5616,6.518077098857142,3.430951439428571,15.025102677142858,1.08466,2.827422822,12.360802872857144,9.443945684571428
5617,6.453099972857144,3.367397152142857,14.914119948571427,1.050985713142857,2.8274228219999995,12.127217240000002,9.376360006428571
5618,6.431519953857143,3.3038428648571427,14.723694241428571,0.9833999979999998,2.8634685528571424,11.993942890000001,9.224825735142858
5619,6.366542771285715,3.287954286,14.53303140857143,0.9411885687142857,2.877697110714286,11.893868620000001,9.047680082285714
5620,6.308917106285715,3.1767342902857143,14.199608519999998,0.8736028535714285,2.8342999752857145,11.827231444285715,8.828560019857141
5621,6.251291441285714,3.129068581857143,13.929739945714285,0.8145542808571429,2.8921628224285714,11.827231444285715,8.601139993571428
5622,6.186314258714285,3.097291452285714,13.627857145714287,0.7638057091428571,2.928208553142857,11.77719430857143,8.34834571157143
5623,6.07082569,3.303605739142857,13.770854214285716,0.8733657085714286,2.9497885438571427,11.693720080000002,8.617977046714286
5624,5.9335199765714295,3.525808604857143,13.897725605714287,1.1683714182857143,2.9571399767142856,11.743757214285717,8.980331303
5625,5.760168560714286,3.732122891714286,14.231148381428572,1.3201428451428572,2.935559957714286,11.760357254285717,9.275099881571427
5626,5.565237182285714,4.065545724857143,14.342368461428572,1.5812371299999999,2.892399976285714,11.743757214285717,9.595479841142858
5627,5.471328576,4.446634266428572,14.802899981428572,1.9267542839999998,2.9142171210000005,11.693720080000002,10.151817029857142
5628,5.312442843571428,4.859499965857144,15.454094222857146,2.3313199982857142,2.8563542738571432,11.576808644285716,10.986085631714285
5629,5.2330000338571425,5.320031373714286,16.168842780000002,2.8454457155714286,2.827659976,11.476734375714287,11.862565655714286
5630,5.189602926714286,5.796688457857144,16.55016844714286,3.3173599894285717,2.8134314181428572,11.44329716857143,12.351317167142858
5631,5.168022907714286,6.162125574571428,16.97915988,3.5364799670000004,2.7844999945714286,11.443297168571432,12.65462294857143
5632,5.103045781571429,6.5116741405714285,17.55114860714286,3.974719978857143,2.755568571,11.493334304285716,13.505728602857143
5633,5.146205763,6.734114188571428,18.377117245714288,4.396122852428571,2.755568571,11.543371438571429,14.500068565714287
5634,5.044945752142858,7.226659936428571,19.187197107142858,4.868037140428571,2.7337514262857145,11.576571407142856,15.190865621428571
5635,4.987082905,7.5126541868571435,19.6159513,5.1208314508571435,2.7192857144285716,11.743519977142856,15.628868394285714
5636,4.900525759857144,7.862202809285714,19.90194566285714,5.390462899285715,2.690354290857143,11.910231308571428,15.949011228571427
5637,4.770571451142858,7.81453715742857,20.283034317142857,5.407300065714286,2.668537146142857,12.17725414857143,16.201805509999996
5638,4.676662901428571,7.766871449,20.457808712857144,5.407300065714287,2.639605722428571,12.377402687142858,16.42946266285714
5639,4.640617198857143,8.005200047571428,20.41014294857143,5.550534316571429,2.6180257317142854,12.544114131428572,16.488511364285714
5640,4.61903718,8.291194297999999,20.47345991142857,5.660094291285715,2.632491443428571,12.77746275142857,16.53048566
5641,4.590342938571429,8.338859949857143,20.378128607142855,5.6432571248571435,2.6253771645714283,13.027648537142856,16.471674197142857
5642,4.611922901,8.402414265428572,20.34635150571429,5.6264199584285715,2.690354319,13.210960022857142,16.38748859142857
5643,4.662434287142857,8.307082848714286,20.394017271428574,5.533697093571429,2.697468597857143,13.411108674285714,16.421162924285714
5644,4.705594268571429,8.322971399285715,20.314574405714286,5.592745682142857,2.697468597857143,13.527782984285713,16.49704856714286
5645,4.7632199900000005,8.481857075142857,20.108022908571428,5.735979989571429,2.7337514544285715,13.611257327142857,16.35381425857143
5646,4.799265692571429,8.41830275957143,19.949137175714288,5.516860040142857,2.755331445142857,13.711568722857143,16.05880844142857
5647,4.828197116142857,8.036977035857143,19.583937184285713,5.213554343714285,2.769797157,13.761842984285716,15.46903415857143
5648,4.936334223714286,7.87809141657143,19.26640295857143,5.129368624857143,2.827422878428571,13.845317212857143,15.249914208571427
5649,5.080991398285714,7.735094291285715,18.93298006857143,4.9439229234285715,2.8129571384285716,13.928791441428572,14.761162697142856
5650,5.1675485434285715,7.687428526285714,18.694651469999997,4.809225762142857,2.8924000045714284,14.012265670000001,14.390271237142855
5651,5.189365688142857,7.671539975714285,18.45656011,4.767014283428572,2.9502628517142853,14.062302804285716,14.230199762857142
5652,5.2472285354285715,7.607985716714286,18.679000044285715,4.657454308714286,2.9789571495714284,14.145777145714286,14.36489686857143
5653,5.261694219,7.5126542999999995,18.694888708571426,4.657454308714286,3.000537140285714,14.178977112857142,14.339759738571429
5654,5.290625642571428,7.719205740714286,18.933217307142854,4.859737176428571,3.007651419142857,14.195577152857142,14.592554134285715
5655,5.312442787285714,7.766871392571429,19.09210304,4.682828592857143,3.0076514191428574,14.128940091428571,14.567179991428572
5656,5.312442787285714,7.719205684142857,19.393986067142855,4.741877153285714,3.0294685637142855,14.078902957142857,14.904159992857142
5657,5.3197942482857155,7.671539975714285,19.806851595714285,4.733340007142857,3.007888544714286,14.145777258571428,15.157191287142856
5658,5.471328576,7.639762817857142,19.679742964285712,4.6742914749999995,3.007888544714286,14.145777258571428,14.946371414285712
5659,5.565237125714286,7.655651424999999,20.044942955714284,4.758477193857144,2.9934228047142857,14.128939978571427,15.174028565714284
5660,5.767520021714286,7.639762817857142,20.457808485714285,4.674291446857143,3.0223542565714285,14.178977114285713,15.283588539999998
5661,5.947985773,7.592097109428572,20.711788509999998,4.556194269714285,3.0512856801428576,14.229014248571428,15.367774145714284
5662,6.113985784285714,7.576208558714285,21.0769885,4.640379988571428,3.0586370847142854,14.31248859,15.713291235714284
5663,6.236588631857143,7.798648606714285,21.664628425714287,4.842662828,3.051285680142857,14.429400025714285,16.05880832571429
5664,6.373657163142857,7.957534282571428,21.902957024285715,4.910011380428571,3.0439342755714285,14.362525724285714,16.328439774285716
5665,6.431520010285714,8.100531407857142,22.34759988142857,5.0281085011428575,3.029468563857143,14.39596293142857,16.463374005714282
5666,6.503848597571428,8.100531407857144,21.934734125714282,4.943922782285715,3.058400015714286,14.412800211428571,16.033671197142855
5667,6.438871414857142,8.06875430657143,21.42653706571429,4.994434224857143,3.0657514202857143,14.362763075714286,15.688154107142855
5668,6.366779953285714,8.17997433057143,20.80712003857143,4.986134261000001,3.0802171321428573,14.29612590142857,15.174265578571427
5669,6.294688548285714,8.021088598285713,19.90170842142857,4.817525725857144,3.1236142958571427,14.262688694285714,14.356834144285713
5670,6.229711422142858,7.941645732142858,18.805634198571425,4.733102881428571,3.174362864142857,14.04570298857143,13.33735705142857
5671,6.1502686124285715,7.433211490285714,17.582688582857145,4.3707486247142855,3.2106457205714287,13.895591584285715,12.224920025857141
5672,6.121337188857143,7.178994341,16.45507427,4.126254334714285,3.290088586714286,13.712042972857144,11.213742896857143
5673,6.128451467714285,6.956554349571429,15.120671447285714,3.940808605,3.355065712857143,13.495057154285716,9.865348584857143
5674,6.2221228918571425,6.638782884857144,14.151705741571428,3.7890371798571425,3.369531452857143,13.244871481428573,8.854171456714285
5675,6.301565758142857,6.321011420142858,13.421068521571428,3.561380028,3.3839971928571435,13.06132287,7.969391469999999
5676,6.381008567714285,6.209791452714285,13.024091430142857,3.5445428617142865,3.3621800481428576,12.927811392857143,7.387917150857143
5677,6.496734262142857,5.907908538571428,12.102791375857143,3.1485142862857143,3.3332485962857143,13.077922797142858,6.444088603857144
5678,6.684551361571429,6.01912856257143,11.133825612857143,3.2243999847142857,3.3477143081428573,13.16139714,5.272840008714286
5679,6.771345632428572,5.7649114699999995,10.530297023285714,3.055791421428571,3.2972028655714287,13.211434275714284,4.5986428812857145
5680,6.764231353571428,5.542471421999999,10.403425630857143,2.8452085615714284,3.2032942875714285,13.26147141,4.472245740142858
5681,6.7355371121428576,5.526582871285714,9.863451356428572,2.7019742682857144,3.181477143,13.36154567857143,3.9664200220000003
5682,6.648742841285714,5.193160038,8.942151301428572,2.466017117142857,3.152545691142856,13.494820028571429,3.2585485917142853
5683,6.48985716542857,4.954831439428572,7.8619656277142855,2.196385696857143,3.130965672142857,13.528257122857143,2.382305723857143
5684,6.287574325857143,4.780057156428572,7.083662754571428,2.1204999914285714,3.130965672142857,13.428182854285714,1.9186914455714283
5685,5.998734341285714,4.621171424000001,6.956554179857143,1.93505429,3.0515228060000004,13.378145605714286,2.1039000142857143
5686,5.760405742714286,4.5576171084285715,6.813557111142857,1.9435914360000002,3.0081256705714288,13.31150843,2.2639714315714285
5687,5.565237182142857,4.621171424000001,6.559339962,2.1036628532857145,3.0010113915714283,13.344945524285716,2.154411428714286
5688,5.478442854857143,4.621171424000001,6.479897095714286,2.137337129428571,3.0083627961428574,13.4115827,2.1207371382857145
5689,5.435045691285715,4.891039998142858,6.622894277571428,2.2300599872857143,3.022828508,13.49505692857143,2.255434283857143
5690,5.370068508714286,5.049925730428572,6.511674253714285,2.4491799931428573,3.0299428152857146,13.611731238571428,2.1878485687142857
5691,5.355602768714285,5.034037179714287,6.559339962142857,2.693674276,3.0299428152857146,13.728642787142856,2.238359997285714
5692,5.3627170475714285,5.208811462714285,6.5593399621428565,2.870819985428571,3.087568536714286,13.912191398571427,2.221522859142857
5693,5.391411345428572,5.304142879571428,6.130348529999999,2.845445701285714,3.130965672142857,14.178977225714286,1.7581457135714287
5694,5.362479921714285,5.288254328999999,5.907908538571428,2.7527228505714283,3.1670114030000005,14.495800188571428,1.6092199978333335
5695,5.261457092999999,5.304142879714285,4.9230542465714295,2.735885712571428,3.1525456911428575,14.72938582142857,0.4884433480000001
5696,5.210945706857143,5.1293685967142855,4.8277228297142845,2.7107485681428574,3.1525456911428575,14.996408661428571,0.17387334116666683
5697,5.239640004714285,4.906928605285714,5.002497112714286,2.5084657004285718,3.159897095714286,15.26343150142857,0.4098700120000001
5698,5.232288600142857,4.859262896857143,5.399711386999999,2.2893456945714283,3.145431383857143,15.496779895714287,0.8918233366666667
5699,5.254105744857142,4.636822905428572,5.8125771429999995,2.137574269285714,3.1238513648571424,15.730128515714288,1.3245299733333333
5700,5.333785736714285,4.509714359000001,6.845097164857143,2.0448514115714285,3.102034248428572,15.96371414857143,2.5335633451666664
5701,5.500022873714285,4.3984943350000005,8.036502862,1.9267542697142857,3.0875685365714287,16.080625584285713,3.435219970285714
5702,5.709419992142857,4.207831501285715,10.212525669,1.834031411857143,3.0515228341428573,16.23073710142857,5.482948539428571
5703,5.897237091571428,4.096848631285714,11.546691253285715,1.7159342682857144,2.993659987,16.26393718285714,6.814505656285713
5704,6.027428526142858,3.9382000528571424,12.722208400714285,1.6681499873333336,2.921331428,16.163862914285712,7.834219916571429
5705,6.135802815857143,3.715997187142857,13.643508455428572,1.4517966608333335,2.8634685808571434,16.097225738571428,8.600902811428572
5706,6.193665662999999,3.477905742571429,14.263162721428573,1.2650466616666665,2.7766743101428575,15.930514294285713,9.173839984571428
5707,6.179199979571428,3.255702876857143,14.565045522857144,1.0979399923333333,2.668300006285714,15.730365755714285,9.37612276757143
5708,6.106871392428571,2.9858343027142857,14.596822737142856,0.9504766611666665,2.5383457117142854,15.496779895714285,9.494219944857141
5709,5.9550999955714286,2.795408580714285,14.39050847857143,0.822656664,2.4444371337142856,15.313468524285712,9.435408481857143
5710,5.882771464857143,2.6841885850000002,14.343079951428573,0.763726662,2.4083914170000003,15.080119904285713,9.418571315571429
5711,5.860954320142858,2.5570800104285714,14.263637084285715,0.7384314249999999,2.372345700285714,14.980045634285714,9.376359893285715
5712,5.810442877571428,2.493525723142857,14.184194217142858,0.7215942832857143,2.3362999835714287,14.829934342857143,9.359522727
5713,5.824671491999999,2.4776371584285712,14.152417115714286,0.7047571417142856,2.3436514022857144,14.813334415714284,9.334385596714286
5714,5.817320030857142,2.4458600148571428,13.96175428142857,0.6796199991428571,2.37258284,14.713260145714285,9.140639903142857
5715,5.853602915571428,2.493525737428571,13.8187571,0.6627828574285713,2.4304456871428575,14.59658595,8.980331303714285
5716,5.889885743714286,2.509414316285714,13.659871368571427,0.6208085697142858,2.531468544,14.529711535714284,8.778048520857144
5717,5.911702888428572,2.5729686035714288,13.357988568571429,0.596896666,2.5675142607142862,14.379363005714284,8.508180003142858
5718,5.861191445857144,2.6683000204285716,13.151437184285713,0.5989439986,2.6180256892857146,14.279288737142855,8.33980856557143
5719,5.825145743285715,2.7477428867142857,13.024328554285713,0.622515997,2.661422838857143,14.195814395714285,8.205111460714287
5720,5.753054281714286,3.303605753714286,13.262420027142857,1.1769560024,2.6685371318571427,14.095740125714286,8.516717205142857
5721,5.659145732000001,3.732360017714286,13.675285782857143,1.6606799881999996,2.704819988285714,14.012265784285715,9.013768680285713
5722,5.608397163714286,4.018117128285714,13.945154244285716,1.9793999960000002,2.791377147571428,14.078902958571428,9.350985806571428
5723,5.55764859542857,4.462759971285714,14.373908662857144,2.3449319896,2.827422878428571,14.06230303,9.747014282714286
5724,5.5142514317142854,4.732628517285714,14.866217284285716,2.5139199923333333,2.870820013714286,14.145777258571428,10.294814325714285
5725,5.499785748142856,5.304379977285714,15.58096572857143,2.7778600160000004,2.8852857254285715,14.095502997142857,11.04466008242857
5726,5.543182855285713,5.701357097714286,16.120940115714287,3.123377170000001,2.9357971397142855,14.145540131428572,11.583922865714285
5727,5.572114278857143,5.796688514428571,16.629374414285714,3.207562888857143,3.015240006,14.112102924285713,11.980188581428573
5728,5.637091405,5.923797089142857,16.708817281428573,3.4349829151428573,3.0007742942857147,14.162140058571428,12.191008567142857
5729,5.586579962428572,6.114459979285714,17.090143174285718,3.771962901857143,2.9576142845714286,14.095502884285713,12.62924857857143
5730,5.492908538428572,6.336899970714286,17.392025975714287,4.024757198142857,2.950499977285715,14.02886571,13.042114334285715
5731,5.362954229714285,6.622894277571428,17.64624301142857,4.294625772285714,2.9215685537142853,14.062302917142857,13.404468591428572
5732,5.240114199857143,6.813557111142856,17.884571610000002,4.303162918285715,2.892637130142858,14.129177218571428,13.68263713
5733,5.102808486571428,7.115439968714286,18.202343074285714,4.522282924142858,2.878171418428572,14.146014498571429,14.120877142857141
5734,4.943922810714286,7.274325701142858,18.202343074285714,4.783614352285714,2.871057111142857,14.21265156142857,14.280948504285714
5735,4.864479944428572,7.401434275714285,18.393005907142857,4.690891487428571,2.950499949,14.09597725142857,14.37367131142857
5736,4.8573656654285715,7.592097109428572,18.599557178571427,4.674054377571428,2.964728506857143,14.162614425714285,14.50006845285714
5737,4.878945684428571,7.607985716571428,18.50422564857143,4.724802917571429,2.9357970832857143,14.179214465714285,14.550579839999997
5738,4.900525703428571,7.78275999957143,18.726665809999997,4.741640083999999,2.9718428141428572,14.12917733142857,14.660139927142856
5739,4.979968569571428,7.671539975714286,18.599557405714286,4.733102938,3.0078885167142855,14.21265156,14.550579951428572
5740,4.987082848428571,7.671539975714286,18.536002977142857,4.792151470142857,3.0005370838571426,14.195814279999999,14.398808554285717
5741,5.1025714171428564,7.576208502428572,18.45656011142857,4.547657180142857,3.0221171028571425,14.195814279999999,14.297548542857145
5742,5.0665257147142855,7.671539919142858,18.615445844285713,4.792151441857143,2.9787199674285714,14.412562972857142,14.474457184285713
5743,5.016014272142857,7.798648550285715,18.472448775714287,4.825825718142858,2.9931857074285717,14.345925798571427,14.45762001857143
5744,5.016014272142857,7.798648550285715,18.48833744,4.817288628571428,3.0365828428571433,14.212414321428572,14.390271465714287
5745,5.016014272142857,7.6874285264285716,18.297674379999997,4.800451462142857,3.0005371120000004,13.778680037142859,14.432482775714286
5746,4.972854290714286,7.878091416571428,18.36122858142857,4.8763371605714285,3.0005371119999995,13.177997181428571,14.584017047142856
5747,4.958388607142857,7.862202865999999,18.662874369999997,4.943685769428571,3.007888544857143,12.510677264285713,14.845348418571428
5748,4.9294571835714285,7.941645788714287,18.726428571428567,5.036408606,2.9934228331428576,11.76012013,14.862185584285713
5749,4.951037202428571,7.925757238142857,18.599319939999997,5.02787146,3.022354256714286,11.009562883285714,14.85364838142857
5750,5.030480068571428,7.97342289,18.837648538571425,5.086919992142858,3.022354256714286,10.342242851857145,15.047394187142856
5751,5.088342915714286,8.195862881428571,19.23486286857143,5.205017112857143,3.007888544857143,9.841871392285714,15.409748557142857
5752,5.204068609999999,8.052865756142857,19.250751532857144,4.9858971069999996,3.0439342757142853,9.641722739857144,15.156954274285715
5753,5.3411371977142865,7.8304257647142865,19.536508658571424,5.011271363,3.0802171321428573,9.441574201571429,15.224539952857143
5754,5.514488613714287,7.846314315285715,19.552397095714287,4.792151357142857,3.0802171321428573,9.408374120142856,15.258214285714285
5755,5.629977182428571,7.750982841857144,19.86993132142857,4.758477080857142,3.0370571224285716,9.391536953714285,15.536382937142857
5756,5.760168617,7.369657118142858,19.88581998571429,4.362448519571428,2.9936599871428577,9.291462684285715,15.33433728
5757,5.832260022142856,7.163105733857143,20.34635150714286,4.295099967142858,2.950499977428571,9.308062725000001,15.536620062857143
5758,5.954862869857143,6.940665742428572,20.584442867142858,4.219214268714286,2.8926371302857143,9.224588496285715,15.502945730000002
5759,5.990908629000001,7.0836628677142865,21.346857188571427,4.446634295,2.813194264,9.091077132857142,16.12639423285714
5760,6.113748602285715,7.051885709857143,21.53752002142857,4.294862898,2.7987285521428573,9.057639925714286,16.16836852857143
5761,6.171611449428572,7.067774260428571,21.744071518571428,4.446634295,2.784262840285714,8.974165697,16.185205694285717
5762,6.301802827428572,7.226659936285714,21.839403048571427,4.573031436142857,2.8347742545714287,8.991002863428573,16.008297054285716
5763,6.4462228197142855,7.528542793857143,21.99828878,4.775314303999999,2.914217120714286,9.007602904142859,16.05027135
5764,6.4896199832857135,7.6079856035714295,21.42653729142857,4.969059997428571,2.971842842285714,8.924128562285713,15.586657082857144
5765,6.460925685285714,7.512654130142858,20.82300870285714,4.859499966285715,3.0297056894285714,8.874091427571427,15.165254237142857
5766,6.439108540571428,7.480877028857144,19.774600017142856,4.716265658857142,3.094682843857143,8.874091427571429,14.339522838571428
5767,6.309154231857143,7.703317076857142,19.282291395714285,4.893411368142857,3.1091485557142855,8.8574915,13.98570567142857
5768,6.222597086714285,7.512654243285715,18.027568565714287,4.632079968285715,3.1525456911428575,8.890928594,12.949154174428571
5769,6.085291373285714,7.163105733857143,16.534517137142856,4.412959990571428,3.1670114311428574,8.790854324571429,11.642971285285713
5770,5.998497102428571,7.0359971592857145,14.437699879714286,4.303399987571429,3.145431412142858,8.724217149142858,9.628916964428571
5771,6.020077121428571,6.7658914594285715,12.928759786142859,3.9832571530000003,3.130965700285714,8.757654356285714,7.926705556285714
5772,6.135565690142856,6.607005783571428,11.785019796428571,3.8314857277142855,3.1525457192857145,8.707617221571429,6.468988395857143
5773,6.2657570681428565,6.5116743101428565,11.006717037857143,3.839785748,3.174362835714286,8.774254283857143,5.3902255892857145
5774,6.388597097999999,6.003239955285713,10.085417096428571,3.553080035857143,3.1598971238571427,8.824291418571429,4.412722794142857
5775,6.504085666714286,5.907908538428571,9.132339940142858,3.544780043714286,3.152545719285714,8.757417117428572,3.1065399755714282
5776,6.468039964142856,5.86024283,8.099819889857143,3.452057179,3.087568565,8.757417117428572,2.2049228642857144
5777,6.359665674428571,5.526582842857143,6.972205633428571,3.2919857475714283,3.0370571507142863,8.757417117428572,1.0927228789999999
5778,6.302039952999999,5.288254272571428,5.7331342415714275,3.022117180571428,3.037057150714286,8.707379982714286,-0.019477092142857342
5779,6.135802816142857,4.970719961857143,4.764405689428571,2.7693229038571423,3.0010114199999998,8.807454252142858,-0.6853742275714286
5780,5.911702831857143,4.526077133,3.3507971047142857,2.331320024857143,2.9791943035714286,8.740817189857143,-1.8229484969999998
5781,5.680488568714286,4.319762874285714,0.7616714508571428,2.0785257355714286,2.9647285918571424,8.690780055142858,-4.224731416142857
5782,5.471091450285714,4.113211433571428,-0.15962852557142854,1.9689657184285718,2.95026288,8.724217262285714,-4.831342823142857
5783,5.434808622142856,3.986102859,-1.0171370821428574,1.834268571142857,2.9934228897142856,8.724217262285714,-5.674148499857144
5784,5.449274305714285,4.065545696857143,-0.11172566328571427,1.8088942871428573,3.0365828994285713,8.657342961142858,-4.679808509571429
5785,5.362480034857143,4.144988534714286,0.555357171142857,1.8847799925714281,3.043934304,8.673942888714285,-3.862377102857144
5786,5.326434332285714,4.240082825857143,1.492308622,2.061688556714286,3.0294685921428575,8.707379982714286,-2.952222831428572
5787,5.312205774428572,4.414619955,2.9535828581428567,2.2468971254285712,2.9934228614285714,8.79085421142857,-1.485968581428572
5788,5.297740034428571,4.668599922,5.447377094857143,2.381831405428571,2.971842870714286,8.890928480857143,0.9241143581428573
5789,5.261457149714285,4.891039913428572,7.051648527571429,2.4996914147142855,2.9357971400000005,8.940965615571427,2.6094886141428573
5790,5.246991409571428,4.811597047142857,9.005231337285714,2.4911542687142854,2.8926371302857143,9.041039885,4.547657152142857
5791,5.246991409571428,4.827485654285715,10.196399880857143,2.4911542687142854,2.863705678428571,9.141114154428573,5.6769314294285715
5792,5.283037112142857,4.811597103714286,11.24480851042857,2.4406428402857143,2.8347742548571424,9.107914186142859,6.6712714197142855
5793,5.340899959285714,4.859262840285714,11.689688492857142,2.3986685578571425,2.8203085431428567,9.024439957428573,7.160022817571429
5794,5.340899959285714,4.795708581142857,11.991571407142857,2.3481571294285715,2.8131942641428567,8.907528521571429,7.514077167000001
5795,5.507137096285715,4.6527114560000005,12.499768467142857,2.305945707285715,2.820308543,8.874091314428572,7.9691542885714295
5796,5.745465694857144,4.430271464571429,13.214517137142858,2.1290371235714285,2.834774254714286,8.824054179714286,8.449368540857144
5797,5.962214274428571,4.414382885714286,13.976931571428574,2.0448514117142857,2.827422821857143,8.640505681571428,8.980331361428572
5798,6.150031430285714,4.3190514407142855,14.739345892857145,1.9438285547142857,2.8058428311428574,8.573868619285715,9.586942811428573
5799,6.345199990857142,4.208068598857143,15.406428684285714,1.8259685614285714,2.7769114075714287,8.523831484571428,10.075694265142857
5800,6.496734262142857,4.0811971499999995,16.00995716142857,1.707871423142857,2.7697971285714287,8.457194309142857,10.488560021714283
5801,6.720597120714285,3.9702142799999995,16.454600018571426,1.5646371404285713,2.762445695714286,8.407157174428571,10.699142881142857
5802,6.763757102142857,3.7956771508571423,16.597597312857143,1.4131028514285713,2.740865705,8.223608676285714,10.783565725714285
5803,6.7566428232857145,3.605251442857143,16.45460001714286,1.3148466676666668,2.7192857142857143,8.106697240428572,10.674005750428572
5804,6.735062804285713,3.4942685728571425,16.311602722857142,1.2656000001666665,2.6977057235714286,8.089860074,10.589820030428571
5805,6.720597064285713,3.462491443285714,16.311602722857142,1.2556400046666665,2.683240011714286,7.956348597428572,10.564445773285714
5806,6.698779919571429,3.478142868285714,16.311602722857142,1.304610007,2.705057156428572,7.889474296285714,10.58128294042857
5807,6.655619938142857,3.5099200259999996,16.136828552857143,1.3242533388333333,2.6977057235714286,7.839200035857142,10.471722964714285
5808,6.684551361714285,3.5414600298571424,16.120939888571428,1.3342133383333332,2.7555685707142854,7.789162901142857,10.412674376142856
5809,6.706368506285714,3.605014317142857,16.009719921428573,1.3735000063333331,2.770034282571429,7.839437161571428,10.303114401428571
5810,6.7134827851428565,3.7001086082857135,15.977942819999999,1.3538171494285713,2.7916142732857145,7.839437161571428,10.252603015428571
5811,6.684551361571429,3.700108608285714,15.819057087142856,1.3118428634285715,2.834774254714286,7.822837120857143,10.092294529714286
5812,6.626925696571429,3.652680025571428,15.48563419857143,1.2530314322857143,2.878171390142857,7.856274328,9.788988749142858
5813,6.619811417714287,3.6052514428571425,15.215765737142858,1.1942200011428574,2.906865688,7.856274328,9.536194466857141
5814,6.576414310571428,3.398700002142857,14.993562814285715,1.0087742857142858,2.957377130571429,7.8897114219999995,9.36782302957143
5815,6.424642857142857,3.2241628589999998,14.707805802857141,0.9497257130000002,2.935559986,7.956585723142857,9.266800144714285
5816,6.294688605,3.557585692285714,15.057354368571428,1.168845711857143,2.9066285624285717,7.889711421999999,9.721877322285712
5817,6.164734296285714,3.7323599752857146,15.248017202857142,1.413339991285714,2.8850485717142855,7.856511453714286,10.210628720714286
5818,6.005848620428571,4.081671415571429,15.581677331428569,1.6153857087142858,2.8490028691428573,7.8064743189999986,10.590057269285714
5819,5.890122869571429,4.526314272714285,15.962765985714285,2.0114142735714284,2.885048599857143,7.789637096142856,11.121020089857142
5820,5.723885732571428,5.129842862285714,16.64573744142857,2.5170028414285714,2.8779342927142855,7.806237136857143,11.98042570785714
5821,5.629977126285714,5.876368577,17.51937173142857,3.174362859,2.863468552714285,7.63952574857143,12.941091336571429
5822,5.579465740142857,6.559340018571429,18.440434434285713,3.6799514567142855,2.870819985571429,7.422540043285714,13.884919912857143
5823,5.550534316428572,6.908888584571429,18.853299964285718,4.0000942912857145,2.9284457070000003,7.289028623428571,14.516905505714286
5824,5.507137209285714,7.560082882571429,19.66338005142857,4.370748596571429,2.9571399767142856,7.188954297428571,15.224776965714286
5825,5.492671469285715,7.877854347428572,20.330462842857145,4.825825718142858,2.9716056885714286,7.105480012285715,16.025133995714288
5826,5.500022930285715,8.100294395428572,21.029322735714285,5.053245716142857,2.942674265,7.055442877571429,16.76667978857143
5827,5.485557190142856,8.290957229000002,21.31507986142857,5.331177128428571,2.9716056885714286,6.972205718,17.120734081428573
5828,5.384297179285715,8.513397220428573,21.600836985714288,5.449274249142857,2.9860714285714285,6.988805702142857,17.364991387142858
5829,5.362480034714285,8.719948661142858,21.966274215714282,5.7274427871428575,2.9931857357142855,7.022242852714285,17.65146000142857
5830,5.333548611142858,8.783502976714287,22.17282571285714,5.862139948428572,2.9716057167142855,7.005642868428572,17.62608585857143
5831,5.369831439285714,8.720185786714286,21.90295702571429,5.946562793,2.9789571495714284,7.005642868428572,17.373291575714287
5832,5.427694286428571,8.815517203428572,21.902957025714283,5.9970742355714295,3.0223542848571427,6.989042884142856,17.314480338571432
5833,5.377182843857143,9.101274327999999,22.030065657142853,6.266705684,3.000774265857143,6.972442899857143,17.398665944285714
5834,5.341137141428573,9.180480068571429,22.125396959999996,6.224731443857142,2.9644914094285713,6.939005749285714,17.55873741857143
5835,5.3990000451428575,9.116925753,22.030065657142853,6.249868574,2.942911390428572,6.888968614571428,17.651460227142856
5836,5.399000045142857,9.196131380428572,21.887068588571427,6.207657151857143,2.950262795,6.822094313571428,17.651460227142856
5837,5.413465728714286,9.196131380428572,21.664628654285714,6.308917162714286,2.971842814,6.838694297857143,17.567274395714286
5838,5.348488602571429,9.291225671571429,22.09338307285714,6.291842870571429,2.9357971114285712,6.821857131571429,17.85374301142857
5839,5.225648629285714,9.243559906714285,21.87118015142857,6.300380016714286,2.8779342642857144,6.421559969142857,17.85374301142857
5840,5.080991483142857,9.021356984571428,21.47420305857143,6.081260010857142,2.812957124,5.837714252,17.668534632857142
5841,4.958151481571428,8.830931276571429,21.220223035714287,5.980000000000001,2.7408657047142855,5.237268550714286,17.398903184285714
5842,4.828197172857143,8.926262693428571,21.236111472857143,5.971700036142857,2.6758885644285715,4.736897118857143,17.33985448285714
5843,4.691128585142858,8.672282726571428,20.934465684285716,5.96316289,2.5601628559999994,4.3365999845714285,17.162945842857145
5844,4.5033114574285715,8.545174095428573,20.680485660000006,5.676694331714286,2.473605696714286,4.1198514049999995,16.994337391428573
5845,4.373120023,8.100531238285715,19.80685137142857,5.482948638285714,2.473605696714286,3.8862657155714286,16.336977317142857
5846,4.279211445,8.005199821428572,19.759185832857145,5.339714330857142,2.430208561285714,4.019540038142857,16.286228580000003
5847,4.322608580285714,7.862202696285715,19.77507427142857,5.322877164428571,2.430208561285714,4.336362915428571,16.193505545714284
5848,4.380471455714286,7.687428413285715,19.60030010142857,5.078620000142857,2.430208561285714,4.736660021428571,15.923874097142855
5849,4.467028600714285,7.321991296571428,19.139768807142854,4.8763371324285725,2.4517885661428567,5.003445707428571,15.460497068571428
5850,4.575402890428571,7.306102745857143,19.171545908571428,4.6574542522857145,2.5025371485714283,5.303668572142857,15.258214285714287
5851,4.748754334571428,7.051885653142857,19.07621437857143,4.4634713765714285,2.5314685864285713,5.337105722571429,15.013957094285715
5852,4.907640067,7.004219944857143,19.42576294428571,4.3287742151428565,2.509651441714286,5.303905697714286,15.35117422
5853,5.124388618285715,6.861222819571428,19.61618853857143,4.244588496285714,2.553048577142857,5.353942832428571,15.216477114285714
5854,5.261694331714286,6.829445718285716,19.870168561428574,4.0591428231428575,2.553048577142857,5.3207428075714285,15.241614244285714
5855,5.543420037428571,6.607005670285715,19.933722762857144,4.075979961285714,2.6109114385714287,5.304142823285715,15.165728602857143
5856,5.796214319571428,6.686448536571429,20.44191982142857,3.8905342315714284,2.683239997571428,5.404217149142857,15.292125744285716
5857,5.991145754571428,6.638782828142857,20.489348347142858,3.8061114152857143,2.726399979,5.404217149142857,15.283588541428573
5858,6.142917151571429,6.972442786999999,21.029322734285717,4.067442843428571,2.7624456814285714,5.3873800392857145,15.637405708571427
5859,6.222360017714286,7.274325644571428,21.21974832857143,4.168465728571428,2.805842816857143,5.487454308714285,15.527845734285714
5860,6.258405720285714,7.385545612142858,20.997545405714284,4.193602915285715,2.8418885194285717,5.5709285938571425,15.308725785714287
5861,6.316268567428572,7.258437037571428,20.425793917142858,4.126254334571429,2.9213313715714286,5.6710028632857155,14.778000204285714
5862,6.207894277571428,7.560319895285715,20.235131084285715,4.294625772142857,2.9429113622857144,5.721039998,14.60939164
5863,6.135802872571429,7.385545612285715,19.218736738571433,4.488371494,2.9139799387142853,5.687839973142857,13.842471590428572
5864,6.092405708857143,7.147217013714287,18.583431047142856,4.454697189571428,2.964728535142857,5.687839973142857,13.235860141857144
5865,6.04165714057143,6.813557054857143,17.567036701428574,4.252414321857143,2.9863085541428576,5.687839973142857,12.232982976857143
5866,6.106871392428571,6.527562804428571,16.709291077142858,4.016457149714286,3.000774266,5.620965728571428,11.272317234571428
5867,6.251291441285714,6.384565679142858,16.15319124,3.881759988285715,2.979194275285714,5.620965728571428,10.800402890285714
5868,6.417291452714286,6.352788521285715,15.930751305714285,3.864922822,2.9647285634285714,5.654402879,10.505397073142856
5869,6.670085734857142,6.082682821428571,15.803642674285713,3.6880142665714284,3.0225914388571424,5.654402879,10.235765626
5870,6.814505727142857,6.003239955142858,16.168842665714287,3.578454263571428,3.1020343051428574,5.687602903857142,10.378999934142858
5871,6.951811440571428,6.0509057201428575,15.962528407142857,3.477431406714285,3.073102853285714,5.704440013714285,10.100831395714286
5872,7.0312543067142865,5.939685696142858,15.422317008571426,3.266848561,3.0586371132857137,5.771314258285713,9.570105644857142
5873,6.97339145942857,5.621914259571429,14.97767415142857,3.1319142810000002,3.0441714014285717,5.938262828714286,9.258262830714287
5874,6.908414276714287,5.2564771147142855,14.437699764285714,2.8032342828571433,3.0946828440000007,6.021737114,8.567228592857143
5875,6.749528544285715,4.843611387142857,13.643508341428571,2.4662542925714286,3.1236142675714285,6.004900004142856,7.817145767142856
5876,6.4606885595714285,4.557854262285714,12.690431298571427,2.103899993428571,3.058399959285714,5.988062894285713,7.058762863714286
5877,6.294451422571428,4.462522845571429,11.451597131571429,1.7922942837142855,3.0655142381428573,5.988062894285713,6.047585706428571
5878,6.092168583,4.39896853,10.276080041857142,1.6573599965714283,3.152071383285714,6.054700069714285,5.036408549714286
5879,5.991145697857143,4.4148571371428575,9.990322916714288,1.7247085631428571,3.217285691571429,6.104737204428571,4.707728569142858
5880,5.998259976857143,4.653185707428571,9.910880049571428,1.834268559,3.2317514034285715,6.054700069714286,4.615005704285714
5881,5.839374301,4.796182860857143,9.799660082428572,2.0448514081428573,3.224637096142857,6.104737204428572,4.657217126571429
5882,5.84648863642857,4.970719989857143,9.704328665285713,2.1627114067142856,3.2391028079999997,6.204811474,4.556194298
5883,5.788625789285715,5.288254272428572,9.894991499571429,2.3396199762857144,3.2248742501428573,6.321722909857144,4.657217183142857
5884,5.658671480571429,5.288254272428572,10.482631425142856,2.7019742542857137,3.087805676571429,6.455234329857142,5.221854364142858
5885,5.615274317,5.177034248428571,11.102048564857142,2.769322835,2.9218056794285716,6.588745749857142,5.912888629714287
5886,5.521365767285714,5.049925673857143,11.673800052857144,2.870345691857143,2.7916142450000003,6.70542006,6.553174298714285
5887,5.405877198571429,4.906928548714285,11.673800052857144,2.8198342634285716,2.7700342542857146,6.822094313714286,6.755457138285714
5888,5.427457161142857,4.811597131857143,11.73735436857143,2.7776228412857145,2.7700342542857146,6.822094313714286,6.974577144142858
5889,5.340900016,4.875151447428571,11.991571517142859,2.7776228412857145,2.7050571281428573,6.872131448428571,7.471628618857144
5890,5.4132285467142855,4.700377164428572,12.467991588571428,2.811534271428571,2.6905914162857143,6.872131448428571,7.977217240000001
5891,5.528954240999999,4.827485738999999,12.896745895714288,2.7019742684285712,2.770034268285714,6.87213144842857,8.423757216285715
5892,5.644679991857143,4.859262896857143,13.516163035714285,2.7019742684285712,2.8134314178571427,6.8220943137142855,9.114791567285716
5893,5.919054292857142,4.875151447571429,14.215022928571429,2.516765706857143,2.8423628414285713,6.7886571632857144,9.637454423285714
5894,6.171848575,5.018148572714286,15.374651581428571,2.567277135285714,2.8494771202857145,6.805494329571429,10.598120109285714
5895,6.431994318142857,5.081702831857143,16.566057222857143,2.609488557428571,2.7916142731428573,6.872131448571428,11.449225763285712
5896,6.77869715,5.192922855857143,17.74157431428571,2.6770742778571432,2.8637057064285716,6.922168583285715,12.224682901428569
5897,7.009674287428571,5.224700013714285,18.107011317142856,2.6180257032857144,2.8418885617142853,7.005405686428571,12.469177105714286
5898,7.168560019857144,5.049925730714286,18.42478278142857,2.516765706571429,2.769560002714286,7.055442821142857,12.612411412857142
5899,7.255117165000001,4.986371471571429,18.74255424714286,2.4999285542857144,2.7406285791428573,7.205554281857142,12.587037042857144
5900,7.284048588714286,5.018148629285714,18.694888482857145,2.558739974857143,2.84188859,7.389102836428571,12.679759964285717
5901,7.3200942911428575,4.906928605428571,18.488336985714287,2.558739974857143,2.8490028689999995,7.489177162428571,12.393291462857144
5902,7.29827714642857,4.891040054714287,18.091122654285716,2.5165285527142855,2.812957152285714,7.3891028930000004,12.056074337142858
5903,7.211482875571429,4.684488613857143,17.598577018571426,2.474317116285714,2.769559988714285,7.355902924571429,11.685182878571428
5904,7.160971489571429,4.684488613857143,17.423802849999998,2.474317116285714,2.791377133428571,7.2558286551428575,11.533411482857144
5905,7.197017192142858,4.700377164428572,17.264917117142854,2.491154268571428,2.8852857114285713,7.155754385714286,11.398714264285713
5906,7.283811462857143,4.700377164428572,17.042477181428573,2.4743171305714284,2.9502628374285713,6.905568599,11.247179992857143
5907,7.204368596571428,4.716265715142858,16.80414880857143,2.423805702142857,2.9068656737142855,6.6553829254285715,10.960474252571428
5908,7.1683228941428565,4.779820030571429,16.534043108571428,2.381831419714285,2.9286828182857145,6.488434298428572,10.724517022571428
5909,7.052834325428572,4.843374289714286,16.23216030714286,2.339857137285714,3.022591382142857,6.555308599428571,10.480259942714284
5910,6.590642896714287,4.843374289714285,15.533300301428572,2.339857137285714,2.8710571108571434,6.555308599428571,10.25283991585714
5911,6.272871432000001,5.002259965571429,15.501523200000003,2.4408800084285716,2.863705678,6.5721457657142865,10.547845620142857
5912,5.984031447285714,5.097591439,15.517411864285716,2.449417154428571,2.733751383428572,6.62218290042857,10.842851437285715
5913,5.702305741571429,5.3835856895714285,15.882848868571429,2.5170028748571425,2.7482170952857143,6.655382925428571,11.154457183
5914,5.586817172857143,5.3518085882857145,16.025845937142858,2.5423771588571427,2.7192856717142857,6.705420060142857,11.491674309
5915,5.435045775857143,5.3518085882857145,16.105288804285713,2.702448590142857,2.7408656907142857,6.755457194857143,11.769842960428573
5916,5.391648612285715,5.717245761428571,16.709054632857143,2.9384057199999996,2.7553314025714286,6.755457194857144,12.27543152457143
5917,5.673374289714286,6.241568554,17.773351868571428,3.140688573714286,2.928682818428571,6.755457194857144,13.067488704285713
5918,5.832260022,6.368677128571428,17.916348937142857,3.1828999958571425,3.0010113774285716,6.872131448428571,13.09286296
5919,5.9403971861428575,6.781780010142858,18.34534037,3.4862057205714287,3.130965672,6.972205717857143,13.37079426
5920,5.9185800415714285,7.004220001428571,18.50422610142857,3.738999974428572,3.116499960142857,7.039080018857143,13.71631135
5921,5.788625732857143,7.449099927714286,18.933217534285713,4.109654237428571,3.1380799791428573,7.055680003142858,14.205062748571427
5922,5.651557145142857,7.925757068428571,19.520857460000002,4.404659941857143,3.0731028248571426,7.0056428684285725,14.93807133857143
5923,5.485557133857143,8.052865586428572,19.69539439142857,4.606942837857143,3.0225914105714287,6.988805702142858,15.426822737142857
5924,5.305091439000001,8.116419902,19.822502797142857,4.918548554571429,2.9720799962857143,6.921931401142858,15.772339827142856
5925,5.196717149285715,8.481619949428573,20.330699855714283,5.381925696571429,2.9576142844285713,6.771819997,16.387488365714287
5926,5.001785714428571,8.386288476,20.155925458571428,5.449274249,2.9142171208571424,6.621708592857142,16.328676902857143
5927,4.900762829285715,8.418065690428572,20.171814122857143,5.583971410428572,2.878171418428572,6.5047971570000005,16.556334055714284
5928,4.857365722142857,8.465731455285715,20.31457417857143,5.5925085565714285,2.842125687714286,6.438160038,16.640519887142855
5929,4.835548577428571,8.624380062428571,20.34635127857143,5.786254250000001,2.8350114087142857,6.404960013,16.817428301428574
5930,4.8137314327142855,8.449605836,20.155925684285712,5.684994239142858,2.8131942640000003,6.321722853285714,16.61514551714286
5931,4.8353114517142854,8.449605836,20.203354210000004,5.533459968000001,2.827659975857143,6.305122869,16.53095991142857
5932,4.8571285962857145,8.338622994285714,20.044705717142858,5.398762806571428,2.798728552285714,6.255085734285714,16.37088866428571
5933,4.907639982285715,8.418065804,20.33046284285714,5.390462786285714,2.8131942922857145,6.171611448999999,16.640520112857143
5934,5.023128551,8.529285771428572,20.520888437142855,5.348251363999999,2.841888590142857,6.121574314285714,16.522422935714285
5935,5.102571417142857,8.719711479428572,20.647996842857143,5.415599972857143,2.885285725428571,6.004900004142856,16.615145744285716
5936,5.189365688,8.751488580857144,20.838659677142857,5.2806656858571435,2.913979995142857,5.921425719,16.590008614285715
5937,5.268808554142857,9.100799964571427,21.203859667142858,5.626182832714286,2.9500256977142856,5.821351449571429,16.960900074285714
5938,5.326671401285714,9.100799964571427,21.076988274285718,5.600808520285715,2.9642542555714284,5.737877164285714,16.758617064285712
5939,5.290388516571428,8.926025625,21.09287693857143,5.550297134285715,2.9858342745714284,5.771314258285714,16.69103116
5940,5.3193199967142855,8.910137074285714,20.966005545714285,5.5249228782857145,2.964254255571429,5.871388527857143,16.606608315714286
5941,5.225411446857143,8.70358563342857,20.918339781428568,5.558834336714286,2.928208524857143,5.904825678428573,16.556097041428572
5942,5.2469914094285715,8.624379892857142,20.712025522857143,5.424137175428571,2.9208571202857145,5.954862813142857,16.286465592857144
5943,5.311968535571429,8.036739909857143,20.172051361428572,5.179880067571427,2.928208553142857,6.004900004285714,15.595431412857144
5944,5.326434275714285,7.655651368285715,19.82274003428571,4.893411452857143,2.885048571714286,6.071537179714285,15.266751262857142
5945,5.268571428571428,7.306102802285714,19.50496857,4.876574343,2.8490028691428573,6.18844861557143,15.005419891428572
5946,5.376945718428572,7.258437093857142,19.28252840857143,4.699428605428571,2.8129571384285716,6.271685775285715,14.718951388571428
5947,5.4058771420000005,6.956554292857143,19.091865574285713,4.488845745571429,2.776911436,6.338560076285715,14.47469430857143
5948,5.463739989285714,6.734114301428571,18.821997112857144,4.193840013,2.726400007428571,6.472071496285714,14.331460001428571
5949,5.593931423714286,6.448120050999999,18.932980067142857,4.1853028668571435,2.6903542767142854,6.572145822285715,14.441019975714285
5950,5.658908606285714,6.448120051000001,19.488842892857143,4.084042855999999,2.6758885648571424,6.622182957,14.912934207142857
5951,5.919054293,6.591117232857143,20.10825992,4.041831433714286,2.776911421714285,6.688820076000001,15.216239988571429
5952,6.2802228648571425,6.781780123,20.775342938571423,3.940808548571429,2.8347742688571427,6.755457194857144,15.544920025714289
5953,6.475391481857144,7.020108721571428,21.140542928571428,4.143091416285714,2.9071028560000003,6.672220035142857,15.764040088571429
5954,6.713720024,7.401434388857143,21.251762897142857,4.269488557428572,2.9936600010000007,6.572145709142858,15.629105857142855
5955,6.9880943250000005,7.560320121285715,21.124654265714288,4.5305828315714285,3.1165000167142862,6.505271408142859,15.199402935714284
5956,7.016788622857143,7.655651538142857,20.457571474285714,4.5305828315714285,3.203294315714286,6.405197082142857,14.38197150142857
5957,7.016788622857142,7.893980080142858,19.266402845714286,4.716028533,3.2611571911428574,6.355159947428571,13.294908730571427
5958,6.901300054142857,7.814537157428573,17.741574315714285,4.640142834571429,3.268508624,6.355159947428571,11.828654423714283
5959,6.850788611571429,7.671539975714287,14.898468553285714,4.513745693428572,3.369531481,6.221648527428571,9.022542952142858
5960,6.828971467000001,7.19488277857143,13.373640023285715,3.9913199628571427,3.383997192857143,6.204811417571428,7.547751443000001
5961,6.763994340857143,6.9565542364285715,12.118680066142856,3.881759959857143,3.427394328285714,6.137937173,6.2669428385714285
5962,6.655857176857142,6.813557054714286,10.148971553285715,3.570154243142857,3.4055771837142856,6.104737148,4.657454273571429
5963,6.2515285952857145,6.305122784571428,9.100799993,3.300522823,3.239340032571429,6.137937172857144,3.8905342811428576
5964,6.164971450285714,5.876131352428572,7.655177174142857,3.005754272571429,3.1525457335714284,6.171374266857144,2.474791389
5965,5.803802878428571,5.367697082285714,6.606768601285714,2.9384056918571426,2.913980009285715,6.154774282571428,1.6151485247142858
5966,5.384771459285714,5.113479933,6.749765726571428,2.9047314157142856,2.6106743057142863,6.171611392428572,2.1629485394285717
5967,5.103045697000001,5.049925674000001,5.76514859542857,3.073339979,2.4373228615714284,6.171611392428572,1.4889885660000002
5968,4.987557128285714,4.7321542092857145,5.145731398714285,3.0396657028571425,2.285551436428572,6.305122812428571,1.134934273
5969,4.893648578571429,4.4461599305714286,4.939417111857144,2.9552428441428567,2.2423914267142857,6.388359972142857,0.7640428208571429
5970,5.160908572428572,4.462048509428572,2.1596286250000003,2.845682841142857,2.3723457214285717,6.605345733999999,-2.1011170695714285
5971,5.153557111285714,4.652711399571429,-1.5253342118571427,2.845682841142857,2.437322875857143,6.755457194714286,-5.800545533714286
5972,5.442397095857143,4.700377136142857,-3.018385641285714,2.533839991571429,2.668537167285714,6.872131448428571,-7.494219859714286
5973,5.680725638,4.605045747571429,-5.003982789857143,2.466254271,2.928445735428571,7.005405742857143,-9.744231184285713
5974,5.781985648857143,4.970482864285714,-8.736848545857143,2.6177885705714283,3.1089114585714293,7.205554281857142,-13.755502518857144
5975,5.774634187714286,5.240588620714285,-10.57944859785714,2.541902843857143,3.224637181142857,7.355665685999999,-15.710508194285712
5976,5.789099871142857,5.431251482571428,-10.595337162571427,2.668299999142857,3.2967286144285715,7.4725771782857136,-15.643159585428572
5977,5.839611313714285,5.590137158428571,-8.037988666999999,2.862045721,3.318545759,7.439139971142857,-13.148653957999999
5978,5.810679890142858,5.637802866857142,-4.003477235857143,2.9967428541428567,3.325897163571429,7.439139971142857,-9.06173407157143
5979,5.781748466571429,5.796688542714286,-3.733371536142858,3.3254228699999997,3.318782884571429,7.572651391,-8.741591123571428
5980,5.781748466571429,5.923797089142857,-3.304380104428571,3.283448587571428,3.304554326714286,7.672725716857143,-8.295051260714285
5981,5.745465638428571,5.63780283857143,0.17426851657142886,3.0560285895714285,3.297440047714286,7.756200002000001,-4.696882779571427
5982,5.788862802,5.367697082142856,0.17426851657142883,2.980142877,3.2974400477142862,7.806237136714286,-4.755694242428571
5983,5.788862802,5.447139948285715,0.6983542257142856,2.929631434285714,3.2829743358571433,7.839437105000001,-4.317454253571428
5984,5.767282782999999,5.304142823142857,0.5712456509999999,2.7444228584285715,3.297440047714286,7.989548509142858,-4.325991399571428
5985,5.926168515285714,5.240588507571429,2.0642970798571425,2.761259996571429,3.2611571912857142,8.072785668714285,-2.7921513659999997
5986,5.969565678857143,5.494805656857143,5.304617088142856,2.693911415857143,3.2248743348571423,8.006148606428571,0.5954341988571432
5987,6.113985671142857,5.892019931285715,9.450111475,3.1150771072857144,3.2030571901428573,8.039585700428571,4.5898684517142865
5988,6.3091542317142855,6.241568440857143,12.483879971142857,3.393245645285714,3.145194314714286,8.056422866857144,7.480402712
5989,6.424642800428571,6.7023370308571435,17.090380129857145,3.738762806285714,3.1089114582857142,8.123297168,12.06461136057143
5990,6.612222830714286,6.892999864571429,19.96526296514286,3.932508528142857,3.1017971511428573,8.223608563142857,14.77799982142857
5991,6.850551429285714,7.258437037714287,22.77659154142857,4.185302810285714,3.029468563857143,8.32368283257143,17.38182832714286
5992,6.9084142765714285,7.242548487,24.063328600000002,4.101117119714286,3.0657514202857143,8.490631403142858,18.418379824285715
5993,7.060185730000001,7.083662811142857,25.00028007857143,4.025231393,3.0297056895714287,8.674179901285715,19.092577064285713
5994,7.175911480857144,6.956554236428572,25.858025702857145,3.7387628347142856,3.0081256705714283,8.741054202428572,19.867797077142857
5995,7.248002885857143,6.607005726857143,26.445665855714285,3.468894288857143,3.0007742377142854,8.824291305428572,20.32287414142857
5996,7.370842915714285,6.448119994428572,26.76320008142857,3.3002856972857137,3.0081256422857146,8.840891346142858,20.61764272
5997,7.414240022857142,6.352788577571429,27.096859982857143,3.148751426,2.986308525857143,8.907528521571427,20.904348572857142
5998,7.370842859285714,6.257457104285715,27.382854119999998,2.9969800008571426,2.993422804857143,8.874328553285713,21.132005724285712
5999,7.399774282857142,6.336899970571428,27.748054337142857,2.971605688428571,2.9210942458571436,8.890928480857143,21.468985612857146
6000,7.442934264428571,6.352788521142857,27.93871717142857,3.0389542691428573,2.928445678714286,8.907528521571427,21.595382754285712
6001,7.478979966999999,6.384565679,28.002271374285716,3.013817139,2.9429113905714286,8.974165697,21.65443145571428
6002,7.428468580999999,6.464008545285714,27.986382709999997,2.9718428565714285,2.935797111571429,9.007602904142855,21.66273164571428
6003,7.3490257148571425,6.448119994714287,27.795719875714287,2.9298685882857143,2.9357971115714285,9.09107713285714,21.452148672857145
6004,7.175674299,6.336900027285715,27.366965682857142,2.9044942758571426,2.892637101857143,9.141114267571428,21.182279985714285
6005,7.023902902000001,6.1939029020000005,26.76343732,2.8791199917142856,2.878408544,9.141114267571428,20.72720292
6006,6.872131505,6.003240011857143,26.128131402857143,2.820071431428571,3.0157142574285722,9.057877164571428,20.28066283142857
6007,6.742177196142857,5.780800020428572,25.556379914285714,2.5421400015714286,3.058874267142857,8.890928594,19.892934205714287
6008,6.5254286165714275,5.494805769999999,25.111737057142857,2.474554281,3.0299428435714284,8.657342848,19.547416889999997
6009,6.3881229031428575,5.431251454428571,24.69887130142857,2.449179996857143,3.0370571225714285,8.440357086285715,19.286322418571427
6010,6.221885766142857,5.3835857460000005,24.365448412857145,2.356457132,3.015239978,8.156734262142859,19.159925277142857
6011,6.221885766142857,5.812577178142858,24.603539772857143,2.5250657235714287,3.0583999877142856,7.856511397285715,19.387582430000002
6012,6.171374323571428,6.130348586428572,25.079959730000002,2.929631459142857,3.0870942855714283,7.606088541571428,19.985893802857145
6013,6.113748602142857,6.845097199714286,25.890039817142856,3.4183828851428575,3.029231438285714,7.422539986857143,20.862136814285716
6014,5.976442888857142,7.686954387857143,26.68423124,4.185065769428571,3.0292314382857137,7.355902811428571,21.763991207142855
6015,5.918817167285714,8.528811519571429,27.47842289,4.884637195285714,3.072628601857143,7.439377153285713,22.707819895714287
6016,5.904588552857143,9.307114335285714,28.653702741428567,5.820165736714286,3.0944457464285713,7.422777169,23.9381172
6017,5.8251456867142855,9.990085734857143,29.52733680428571,6.477525754428571,3.1162628909999994,7.422777169,24.89024585285714
6018,5.673611415428572,10.482394244142856,30.067548429999995,7.151722910142857,3.1236142955714286,7.355902868,25.53076876
6019,5.543657106714286,11.054145675714285,30.5124283,7.471865744571429,3.138080007428571,7.372740034285714,26.036357324285714
6020,5.435282816857142,11.451359894285714,31.115956888571425,7.918642845857142,3.0731028531428572,7.405940002714287,26.634668469999998
6021,5.283748545571428,11.483136995714288,31.370174151428564,7.977691377857142,3.044171401285714,7.439377209857144,26.85378841857143
6022,5.139091427571429,11.610245514285713,31.27484262142857,8.095551372857143,3.0152399494285715,7.405940002714284,26.91259988142857
6023,4.987320030714286,11.785019797142855,30.92553129428571,8.171200002142857,3.015239949428571,7.389340018571427,26.718854074285712
6024,4.864717183000001,11.959794079999998,30.86197709142857,8.238548554571429,3.0297056612857145,7.339302883857143,26.69371694428572
6025,4.7345257485714285,11.673799829999998,30.115451207142854,7.9350057042857145,2.9936599588571435,7.372740034285715,26.297451342857137
6026,4.712708603857143,11.721465595714283,30.067785442857144,8.036265658714287,3.0010113634285718,7.322702899571429,26.272314212857143
6027,4.719822882857144,11.626134178571428,29.416591088571426,7.893031464428573,3.073339950571429,7.25606578057143,25.79210024428571
6028,4.7774486042857145,11.467248445999997,28.860491025714282,7.758334359571429,3.1096228070000005,7.222628573428572,25.395834642857146
6029,4.8497771915714285,11.419582793142856,28.79693682285714,7.682448661,3.2035313849999993,7.122554304,25.185251669999996
6030,4.835311451571428,11.308362826000002,28.733382619999993,7.421354358571428,3.2324628368571426,7.089117153428572,25.024943184285714
6031,4.900288577714285,11.006480024571427,28.30439118857143,7.379142936285715,3.261394288714286,7.105717137571429,24.620377392857144
6032,4.987082848571428,10.89526005642857,28.46303990857143,7.337168639714285,3.3624171455714285,7.139154288142857,24.62891436857143
6033,5.008899993285715,10.815817189285713,28.272377301428573,7.143185820571428,3.3839971645714284,7.189191422857143,24.502280214285715
6034,4.987319974285714,10.513934387857145,27.906940072857143,6.848180059714286,3.3911114435714285,7.172591438714286,24.047202922857142
6035,4.980205695428571,10.513934387857145,27.843385644285718,6.814268601285714,3.3911114435714285,7.189191422999999,23.929342758571433
6036,4.965739955428572,10.116957182857144,27.287522594285715,6.4941257668571435,3.2972028655714287,7.172591438857144,23.356405755714288
6037,5.038068542571429,9.894517248571429,26.71577110714286,6.350891459428572,3.3043171445714283,7.239228557857144,22.893028500000007
6038,5.117511408714286,9.86274003442857,26.811102635714285,6.131771453571427,3.282499999857143,7.272665708428572,22.825679834285715
6039,5.196954274857142,9.799422844571428,26.969988367142857,5.971700036285715,3.260920009142857,7.422777169142857,22.74149422857143
6040,5.312442843571428,9.497777056428571,26.842879508571425,5.845302895142857,3.2464542972857147,7.589488557428572,22.413051317142855
6041,5.471328575857142,9.497777056428573,26.82699107,5.752580030285714,3.239340018285714,7.739600018142857,22.370840007142856
6042,5.659145731857143,9.355017113428572,26.85876839714286,5.575671446714287,3.2538057582857145,7.773037168571428,22.151720057142857
6043,5.846962887857143,9.164354279857141,27.00152845285714,5.390225717000001,3.3043172010000004,7.939748556857142,22.29495436428571
6044,6.027428582714285,8.719711365714286,27.223731374285713,5.0278714319999995,3.2972029220000003,8.156734318571427,22.28641738857143
6045,6.142917151428572,8.322734273428571,27.287285577142857,4.817288572142856,3.232225767714286,8.373482841571429,22.31155474428572
6046,6.243940036571429,7.86196574,27.207842485714284,4.387348538285715,3.152782901571429,8.390082769142857,22.06706042571429
6047,6.446222932571429,7.734857221857142,27.382617108571424,4.126254264142857,3.152782901571429,8.373482841571429,22.033148854285717
6048,6.590642925,7.433211433571429,27.954605835714286,3.814411421714286,3.1309657569999993,8.440119903857143,22.328154445714286
6049,6.771108619857143,7.480877085428573,28.2723773,3.747062869285714,3.1380800359999994,8.506994205,22.53873741857143
6050,6.828971467,7.639762817714287,28.320043064285716,3.8146485474285714,3.1091486122857144,8.540431412142857,22.38696590857143
6051,6.821857188142857,7.846314258428571,28.12961747,3.907371384,3.1091486122857144,8.406919935571429,21.948963021428572
6052,6.821857188142857,8.005199990857143,27.60553174714286,3.8988342379999996,3.1525457475714282,8.306845666142857,21.443374231428574
6053,6.829208592857143,8.243528532857145,27.04966892285714,4.177002818428571,3.224637180857143,8.306845666142857,21.013671310000003
6054,6.6992542841428575,8.195862768000001,26.16014597,4.294862785142857,3.2464543255714284,8.256808531428572,20.306037202857144
6055,6.612697139000001,8.307082848428571,24.96873999,4.4888456325714285,3.2682714701428575,8.206771396714286,19.210437229999997
6056,6.446697127714287,8.116420014857143,23.571019977142857,4.4634713484285715,3.304317172714286,8.123297167999999,18.03088843857143
6057,6.287811395285714,8.100531464285714,22.348074134285717,4.682354228571429,3.311668605571429,8.039822826142856,17.13757124857143
6058,6.208368528999999,8.05286569942857,20.997782647142856,4.716028561285714,3.275385749142857,8.039822826142858,16.134693971428568
6059,6.136277067428571,7.957534226142857,19.997039952857143,4.859499994285714,3.275385749142857,8.089859960857142,15.039331237142857
6060,6.150742807428571,8.132308565714286,18.93274282857143,4.994434281285714,3.2248743065714285,8.039822826142856,14.05329135142857
6061,6.193902788857143,8.195862881285715,18.07499720285714,4.994434281285714,3.174125738285714,8.189934230285713,13.151436958571427
6062,6.237062770285715,8.164085666999998,17.074254508571425,5.078620000000001,3.145194286428571,8.323445706857141,12.106585610857143
6063,6.258642789142857,8.211751318857143,15.978180171428571,5.382162878571429,3.0657514484285713,8.540194173285714,10.960474308142858
6064,6.222359961,8.243528420142857,14.215023155714283,5.3907000247142856,3.029468592,8.873854188571428,8.988631479857142
6065,6.157145709285714,8.068754193571428,12.499531678571428,5.373862858428572,3.0078885730000002,9.124039975285713,7.244208677714285
6066,6.077465717428573,8.148197116285713,8.735125946857142,5.373862858428572,2.971842870571429,9.374225762571427,3.637503050571429
6067,5.932808542857144,7.623874210714286,7.146743157857143,5.188417128857144,2.9573771587142863,9.757922913142858,2.255434434571428
6068,5.766808588000001,7.274325644714286,5.669580165857142,4.977834297285713,2.957377158714286,10.024708627142857,0.7723430285714284
6069,5.564525748428571,7.464751352714286,2.556368675714286,5.239165725428571,2.9355600141428573,10.441842871142859,-2.1687027865714286
6070,5.405640016142857,7.718731376142856,0.2850143172857142,5.306514277857143,2.957377130571429,10.892414321857144,-4.284017033857142
6071,5.348014294571429,7.798174242285714,0.18968284399999977,5.458285731285714,2.921331399857143,11.176037203285714,-4.216668463714286
6072,5.2903885729999995,8.179262840428573,0.06281142328571405,5.8879885970000005,2.914217121,11.559734352857143,-4.402114179285715
6073,5.268808610571428,8.528574280714286,0.968222813857143,6.401877125,2.9068656881428576,11.926831461428572,-3.399474253571429
6074,5.182251465571428,9.386319963285715,-0.3818314340000001,7.058999960428571,2.892399976428571,12.293928570000002,-4.890865662
6075,5.1606714465714285,9.973960002,-1.3190199822857145,7.707822803857141,2.8779342364285716,12.594388504285716,-5.623874206571429
6076,5.139091484142858,9.894517135714286,-0.20705714385714294,7.699285657857141,2.8779342364285716,12.694462774285714,-4.5536484335714285
6077,5.110160060571429,9.910405686428573,1.1112200027142858,7.808845632571428,2.8274228221428572,12.711062815714287,-3.9257732358333333
6078,5.153320042142857,9.973722876285715,1.3018828928571426,7.716122767714286,2.863468552857143,12.794537044285715,-3.7290632329999998
6079,5.1964800235714295,9.894517135857143,1.6988600134285714,7.564351314285714,2.8561171199999995,12.811374098571429,-3.1588532359999992
6080,5.232525726142858,9.49753993057143,3.319019961,7.050462786285713,2.899514255285714,12.761336964285714,-1.3300865983333334
6081,5.348014294857143,8.94167710557143,6.162125695,6.494362836,2.913979967,12.661262695714285,1.953393410166667
6082,5.412991420999999,8.433479933,8.783028506714286,5.980474251428572,2.921331399857143,12.661262695714285,4.941946755833333
6083,5.557411413285714,8.084168549285714,11.626134119857143,5.609582848571429,2.9142171208571424,12.71129983,8.235663547333333
6084,5.766808531714285,7.591860040285714,14.278814033142856,5.129131442857143,2.8852856972857146,12.794774058571429,9.679428647714287
6085,5.882534282571428,7.131328576,16.899716787714286,4.387585713428571,2.813194249857143,12.811374098571429,12.156860012
6086,6.077702843142857,6.718225694428571,19.727171153571426,3.9325085917142855,2.813194249857143,12.794537044285715,14.802899925142857
6087,6.258405663571429,6.432231444000001,22.20507684,3.570154306714286,2.748217123857143,12.794537044285715,17.036074111428572
6088,6.417291395857142,6.050905720285715,22.23685394142857,3.2331742917142856,2.7048199884285715,12.66102568,16.935051225714286
6089,6.532779964571428,5.622151442000001,21.855528274285714,2.828608605571428,2.6180257175714283,12.39400284,16.38725124
6090,6.662971399000001,5.256714325285714,21.188445482857144,2.4325800089999996,2.5890942939999997,12.160417207142858,15.544445435714286
6091,6.800277112285714,4.923054309857143,20.251256989999998,2.0702257168571427,2.603560005714286,11.943431501428574,14.415408368571429
6092,6.951811383571427,4.684725711285714,19.04396279857143,2.1629485745714288,2.6974685695714284,11.743282962857142,13.168274124285714
6093,7.08176569242857,4.541728586,17.757225514285714,1.9609028607142858,2.7335143002857145,11.526534384285714,11.786442775714287
6094,7.247765760285715,4.398731404285714,16.51815422142857,1.8428057117142858,2.762445723857143,11.342985772857144,10.446585722857142
6095,7.500560099,4.462285719857143,16.72470571857143,1.8005942752857145,2.841888590142857,11.242911504285715,10.471959978571428
6096,7.72442295757143,4.636822849,16.994811418571427,1.8511056967142854,2.856354302,11.192874370000002,10.52270849
6097,7.746002920142857,4.700377108142858,17.01070008285714,1.918691410142857,2.8347742971428573,11.10940002857143,10.539545655714283
6098,7.681025794142856,4.763931367142858,16.899480115714287,1.9440657014285716,2.8852857114285717,10.909251490000003,10.471959978285712
6099,7.543957206428572,4.700377108142858,16.851814351428573,1.9440657014285716,2.8708199995714283,10.742302920000002,10.379237169714285
6100,7.428468637714286,4.605045691285715,16.67704018142857,1.9440657014285718,2.8997514231428574,10.642228537142858,10.261139992428571
6101,7.269582848857143,4.525602853285715,16.375157154285713,1.9272285634285715,2.935797125571429,10.558754308571428,10.109368595428572
6102,7.016788510142857,4.3826056997142855,15.962291398571429,1.8598799968571431,2.878171404,10.441842872857142,9.856574314
6103,6.742414265571428,4.080959996,15.549425641428572,1.6407600051428568,2.9576142701428574,10.325168562285715,9.637454364571429
6104,6.561711444999999,3.9697400002857144,15.72419981,1.6239228669999999,3.0225914104285714,10.175057157714289,9.848274350285715
6105,6.388360028999999,4.176291441142857,15.99430551,1.885254295,2.9865457080000004,10.208494252,10.303351527714286
6106,6.2510543155714275,4.319288566428571,16.08963704,2.0284885742857144,2.9142171489999997,10.275368552,10.68254295057143
6107,6.178725728285714,4.589394266285714,16.51862847142857,2.255908572285714,2.8276600039999997,10.241931457714287,11.280854436428571
6108,6.092168639714286,5.066051378714286,17.1541714,2.7192856858571433,2.7482171519999996,10.19189432342857,11.997262873428571
6109,5.969565792142857,5.669817122285715,18.05934555142857,3.1826628137142854,2.762682863857143,10.225331416285714,13.025277167714284
6110,5.8322600787142855,6.368677100428572,18.678762805714285,3.8822342677142863,2.7411028448571426,10.241931456857143,13.935431297142857
6111,5.731237193571429,6.940665629571429,18.837648538571425,4.244588524571429,2.6761257045714286,10.308568632857144,14.348296939999999
6112,5.630214308428571,7.353768511142858,18.964757170000002,4.463471376571429,2.683239983428572,10.29173158,14.66013981142857
6113,5.637328587428571,7.846314202285716,19.361971500000003,4.842662827857142,2.733751397857143,10.20825723857143,15.005656902857142
6114,5.478442911571428,7.9893113275714285,19.647728625714283,5.002734273428572,2.798728523857143,10.158220104,15.182565429999999
6115,5.355602881714286,8.132308452714286,19.743060155714286,5.011271419571429,2.7913771051428573,10.108182968714287,15.350936867142858
6116,5.283274294428572,8.068754137142857,19.616188762857142,5.0449456957142855,2.7840256722857144,10.108182968714287,15.367774034285715
6117,5.276159958999999,8.100531294857143,19.584411661428568,5.061782805571428,2.755094248714286,10.124783010142858,15.249677084285713
6118,5.211182832857142,7.87809136,19.473191694285713,5.230154243142857,2.7911399654285716,10.141620063000001,15.216002751428572
6119,5.167785725714286,7.687428469857143,19.29841729714286,5.171342836714286,2.7477428299999995,10.12502002157143,15.030557021428573
6120,5.059411435857143,7.687428469857143,19.346082835714288,5.086919935714286,2.704582848571429,10.091582927714287,15.064468365714287
6121,4.958388550714287,7.782759886571428,19.028548609999998,5.188179946571429,2.6396057225714284,10.125020021714287,15.013956865714286
6122,4.871831405571429,7.782759886571428,18.996771510000002,5.314577087571428,2.6614228672857143,10.141857074999999,15.132054042857144
6123,4.748991432285714,7.95753416957143,18.933217308571425,5.289439957428571,2.711934309857143,10.075219900142857,15.02249406857143
6124,4.6550828825714285,7.925757011857144,18.742554248571427,5.179879982714286,2.791377176,10.008582724142856,14.912933980000002
6125,4.597220035428571,8.195862711571428,18.74255424857143,5.011508545142858,2.784262897,9.925108495285713,14.896096814285714
6126,4.575640016428571,8.116419901857144,18.980882847142855,5.078857097571429,2.784262897,9.875071360714285,15.090079520000002
6127,4.546945775,7.941645675428573,18.694888709999997,4.960997130857143,2.784262897,9.858471319999998,14.887796737142859
6128,4.5540600538571425,7.703317133428572,18.59955718,4.893411396142858,2.769797171,9.825034226,14.803611131428571
6129,4.604571496428571,7.290214308428571,18.09112288142857,4.522519993285714,2.798728594571429,9.708122790142856,14.264111221428573
6130,4.626388640999999,7.083662867571428,17.964014249999998,4.5644942898571434,2.7192857282857146,9.641248602142857,14.070365527142858
6131,4.662434343571428,6.908888584571429,17.932237148571428,4.522282867571429,2.618262857285714,9.607811508142857,13.977642718571428
6132,4.705831450714285,6.750002852285715,18.011680014285716,4.690654305142857,2.5893314195714288,9.507737238714286,14.070128514285713
6133,4.748991432142858,6.845334269142858,17.94812581285714,4.6569800290000005,2.632728555,9.391062928571428,13.96886873
6134,4.799502818285715,6.622894277714285,17.93223715,4.631605744857143,2.647194266714286,9.274388618428572,13.842471590000002
6135,4.929457127142856,6.638782828428572,17.82101718142857,4.538882880142857,2.6616599927142857,9.190914276571428,13.682400117142858
6136,4.994434253285715,6.765891403,18.170565747142856,4.631605745,2.6543085598571428,9.207751443000001,13.884682901428567
6137,5.1533199291428575,6.607005670714287,18.12289998142857,4.463234307428571,2.6905914164285716,9.107677060428571,13.960331417142855
6138,5.196717092714286,6.7500028524285725,18.234119948571426,4.480071417285714,2.6905914164285716,8.957565543142858,14.019379892857144
6139,5.261694275285714,6.765891459571429,18.313562815714285,4.210439997142857,2.7050571424285716,8.82405406657143,14.01107992857143
6140,5.312205717857141,6.495785759714286,18.36122858,4.0166942752857135,2.654545714,8.673705536714285,13.893219877142858
6141,5.369831439285714,6.591117176571429,18.789982772857144,4.058905697571428,2.6037971457142857,8.556794100857143,14.213362824285715
6142,5.449274305428571,6.591117176571429,19.44117712857143,4.000094262857142,2.610911424571429,8.490157038571429,14.760925684285713
6143,5.521365767,6.686448593428572,19.94937418857143,4.075979961285714,2.567514289142857,8.473319872142858,15.24967708142857
6144,5.672900038285715,7.0836628677142865,20.695900072857143,4.3033999874285715,2.545697144428572,8.540194173285714,15.847988454285714
6145,5.918342859285715,7.210771442285714,21.394760192857145,4.328774299857143,2.581742861142857,8.657105609142857,16.252554134285713
6146,6.135091382285714,7.401434332428571,21.871180150000004,4.430034282428571,2.6249028425714287,8.807217013285713,16.31160261
6147,6.322908538285714,7.671540032285714,21.90295725142857,4.598405691857144,2.711460001857143,8.974165583857141,16.34527683
6148,6.474679991714285,7.687428582857143,21.15643159285714,4.581568553714285,2.834300003428571,9.257788464428572,15.586893869999999
6149,6.489145675285715,7.846314315142856,20.04470583,4.691128556714287,2.863231427,9.424499909285714,14.297785329571427
6150,6.539894243571429,7.846314315142857,18.710540132857147,4.648917134571429,2.9934228614285714,9.424499909285714,12.823231115857142
6151,6.460451433857143,7.258437207142857,16.99504865571429,4.210677122857143,3.065751420428572,9.30758847342857,11.045371177714285
6152,6.352077200571428,6.924777191714285,15.152448660000001,4.0335313852857135,3.1451942865714284,9.207514204,9.528368415571427
6153,6.279748669857143,6.543451411428571,13.341625879999999,3.9154342645714286,3.167011431142857,9.307588586571429,7.901805650857143
6154,6.243702967285714,6.178014238285714,11.514914378714286,3.6626399824285705,3.138079979285714,9.391062815285713,6.106871377714286
6155,6.149794361142857,5.987351404714286,10.16486013142857,3.4349828305714283,3.0946828157142856,9.307588586714287,4.623780004428572
6156,6.149794361142858,5.828465672428572,8.083931509,3.1653514102857145,3.094682815714286,9.424500022,2.5675142892857146
6157,6.2797486134285725,5.606025681,4.811834286,2.9547685504285717,3.0657513638571428,9.774997204142858,-0.7358857269999997
6158,6.424168605714286,5.955574247,1.6032913788571432,3.0306542488571426,3.0728656709999997,10.358843005714286,-4.064659941714285
6159,6.6048714262857136,6.003239955428572,-1.7003458197142856,3.0306542488571426,3.0294685355714286,10.909251600857143,-7.519594228142857
6160,6.626688571000001,6.08268282157143,-5.289977268285715,3.0980028295714286,3.015002823857143,11.159674400428573,-11.041877152
6161,6.496734262285715,6.130348529857144,-8.641517299857142,2.862045699714286,2.978957121285714,11.326385845714286,-14.202042761714285
6162,6.504085723428572,5.876368506285715,-12.278814514,2.752485703857143,3.007888573142857,11.47649725,-17.564491408428573
6163,6.395711433571427,5.60626280642857,-14.89948011442857,2.6429257008571434,3.101797151142857,11.576571520000002,-20.050460045714285
6164,6.186314315142856,5.510931389571428,-16.265422912857144,2.5419028438571436,3.0799800347142856,11.543134425714287,-21.24708279
6165,5.955337177714285,5.018385670142856,-14.994574320285716,2.4408800011428573,3.036582871142857,11.409860075714287,-19.671268622428574
6166,5.659145788428572,4.668837104142858,-13.183988579285714,2.188085719,3.036582871142857,11.326385734285713,-17.724562939142857
6167,5.442397208857143,4.414619955,-11.119185746714288,1.9438285687142856,3.0076514475714284,11.443060044285714,-15.483088563857143
6168,5.420580064142858,4.4781742705714285,-7.465762857571428,2.1629485604285716,3.0870943137142857,11.760120018571428,-11.943731516857142
6169,5.377182900428571,4.763931395285715,-3.3202684707142853,2.323257124571429,3.0510485828571428,12.127217127142858,-7.8734114522857155
6170,5.348488602571429,5.018148544428571,1.047665736428571,2.584351398857143,3.007651447428571,12.327365665714286,-3.44927422057143
6171,5.341137141428571,5.049925702285714,5.5109314750000005,2.702211393857143,3.036582871,12.59415138,1.0590485602857143
6172,5.283274294285715,5.320031430285714,7.734620041,2.8537456791428575,3.0510486109999997,12.727425730000002,3.1572885721428574
6173,5.398762863000001,5.5424714217142865,9.402445781428572,3.047728526571429,3.051048611,12.910974340000001,4.9014742909999995
6174,5.550534259857143,5.669579996285714,11.038494364571429,3.1824256738571433,3.130491477142857,13.02764865,6.426777129571429
6175,5.557885721,5.447140004857142,11.403694355428572,3.131914259571429,3.1665371797142856,13.077685784285714,6.696408549857142
6176,5.572351461000001,5.288254328999999,11.451360007285713,3.056028546857143,3.231514334142857,13.14432296,6.780594268571428
6177,5.666260067285713,5.034037179857143,11.11793711785714,2.7949342725714286,3.1954686034285715,13.194360094285715,6.359191394999999
6178,5.7457029334285705,4.859262868571428,10.800165652428571,2.6685371315714286,3.1954686034285715,13.211197147142856,5.954862785142858
6179,5.868542906714285,4.636822877142857,9.95830852014286,2.4747914098571426,3.144957160857143,13.37814571857143,5.601045674428571
6180,5.9192914750000005,4.493825751857143,10.037751387285713,2.3230199847142856,3.1017971511428573,13.495057155714287,5.457811423571429
6181,6.049245783857143,4.334940019428572,10.593851450142859,2.1038999859999996,3.015240006,13.54509429,6.064422872571429
6182,6.388834280285714,4.350828570142857,11.32448867157143,2.0026399822857144,2.964728591714286,13.461620061428572,6.713245688142857
6183,6.605582859857143,4.382605671428572,12.43645156,1.9182171308571427,2.921331456285714,13.344945751428572,7.547514233428572
6184,6.807628573571429,4.414382829142857,13.611731637999998,1.8843057007142858,2.906865744428572,13.228271441428571,8.525017113857142
6185,6.937582882285715,4.430271408,14.691917424857142,1.79158285,2.8274228782857143,12.994685808571429,9.434934288571428
6186,7.125400038285713,4.350828541857143,16.10552593142857,1.7564066660000002,2.8634685808571425,12.661025792857146,10.092294305571428
6187,7.269820030571429,4.192179963428571,16.804385824285713,1.7071600084,2.8921628505714283,12.327365777142859,10.682305714285715
6188,7.313217194142857,3.954088575428571,17.02658852,1.4950120037999999,2.8992771295714284,12.094017157142858,10.699142881428571
6189,7.269820086999999,3.8272171547142855,17.07425428428571,1.412510001,2.863231398714286,11.943905752857145,10.690842917142856
6190,7.3058657895714285,3.6685686045714285,16.94714565285714,1.2750066629999999,2.8416513797142855,11.743757214285713,10.606657197142857
6191,7.327682934285714,3.494031447285714,16.851814122857142,1.0193666646666666,2.863231398714286,11.62684577857143,10.49709722285714
6192,7.3855457815714285,3.398937156142857,16.772371257142858,0.8622199970000001,2.8921628222857145,11.593408571428572,10.37923717
6193,7.30610291542857,3.319731443857143,16.486377119999997,0.8671999967500001,2.9139799668571427,11.643445705714287,10.236002863142858
6194,7.298751454285713,3.3515085734285712,16.375157152857145,0.8701879966000001,2.928445706857143,11.643445705714287,10.109605722
6195,7.327445695714284,3.430951411285714,16.311602951428572,0.9053799988000002,2.9789571494285716,11.576571404285716,10.008582836428571
6196,7.219071405857141,3.3991742535714278,16.073274352857144,0.8915466655000001,2.950025725857143,11.576571404285716,9.814600017142856
6197,7.117811394999999,3.3197314157142848,15.739851462857143,0.847991428,2.9210943022857143,11.576571404285716,9.586942865857143
6198,6.980505681571429,3.0655142807142854,15.34287437,0.6796200008571429,2.892400004428572,11.476497135714286,9.342685672857144
6199,6.771108563142858,3.0337371511428572,14.99356292857143,0.6291085707142857,2.885285725571429,11.543371437142858,9.224588609285716
6200,6.669848552285715,3.208274280285714,15.263668628571427,0.7808800011428572,2.841888590285714,11.593408572857143,9.570105813285716
6201,6.489382857428572,3.589362878428571,15.533774327142856,1.1010228692857142,2.8203085712857145,11.760120017142857,9.949297235857145
6202,6.294451422571428,3.6844571695714285,15.565551428571428,1.2950057272857143,2.7842628404285716,11.87703145285714,10.235765737142858
6203,6.207657151857143,4.192654314,16.089874164285714,1.7249457204285714,2.8060799851428575,11.943668515714288,10.960474250714286
6204,6.1137486021428575,4.843848583571429,16.661625652857143,2.3149571680000003,2.8565914277142856,12.060342712857144,11.794742964857145
6205,5.954862869857144,5.908145692285714,17.852794168571428,3.191199995285714,2.8565914277142856,12.02690561857143,13.033577357857142
6206,5.839137118857143,6.511674253571428,18.980408368571428,3.8063485552857146,2.8421257158571427,11.743282738000001,14.112340164285714
6207,5.723648550142857,7.274088518857142,19.74282269,4.455171427000001,2.8131942921428568,11.393022681285712,15.039094334285716
6208,5.579228557857142,7.4488628018571434,20.18746554714286,4.707965709,2.8060800132857144,10.892651221285714,15.586657195714286
6209,5.492434287000001,8.243054225,21.061099835714288,5.306277152142856,2.7845000225714283,10.442079770571429,16.496811552857142
6210,5.355365699285714,8.513159981285714,21.28330275857143,5.601045702571429,2.777148589714286,9.925108382571429,16.83402868
6211,5.203831371571428,8.783028498857144,21.855054247142863,5.777954229714285,2.654545713857143,9.474774170000002,17.24689421
6212,5.080991398285714,8.830457138142858,21.775611381428572,5.870677094571428,2.618262857285714,9.258025590285714,17.347916982857143
6213,4.965502829571428,8.989342814,21.426300054285715,6.0053742560000005,2.7048200024285713,9.157951320857142,17.28886850714286
6214,4.886059963428571,8.687697138714286,20.93399143285714,5.819928526285714,2.7266371471428568,9.191151402285714,16.816954275714288
6215,4.8642428187142865,8.71947424,20.72767717428571,5.845302782285715,2.7192857142857143,9.324425753714284,16.791817145714287
6216,4.763219990142857,8.608491398285716,20.537014341428574,5.752579917428572,2.711934281428572,9.457937230142857,16.59807133857143
6217,4.734288566571428,8.592602847714286,20.441920049999997,5.837002818428571,2.7192857142857148,9.624648675,16.488511362857142
6218,4.748754306571429,8.687934378142856,20.31481141857143,5.769654266000001,2.820308571142857,9.741322985142858,16.395788554285716
6219,4.835548577285714,8.402177196857142,19.83839146,5.474885687285714,2.8492399948571427,9.974908730571428,15.890199990000001
6220,4.8644800009999996,8.354511545,20.140037022857143,5.416074280857144,2.7842628404285716,10.19165731057143,16.016597131428572
6221,4.893411424571428,8.433954411142857,20.473459912857145,5.432911447285714,2.7769114075714287,10.308568745857142,16.193742784285714
6222,4.958388550714285,8.608728750571428,20.521125678571426,5.432911447285714,2.7984913982857145,10.308568745857142,16.294765555714285
6223,4.994434253142857,8.402177309714286,20.251257217142857,5.314814269999999,2.8490028408571426,10.342005840142857,15.940711375714283
6224,5.052059974571429,8.052628687142857,19.869931549999997,5.002971399285714,2.849002840857143,10.442080109,15.493934274285712
6225,5.088105677142857,7.846314315000001,19.552397324285714,5.002971399285714,2.8418885620000003,10.458917162285713,15.325562837142854
6226,5.0952199561428575,7.798648606571429,19.854280125714286,5.002971399285714,2.8347742829999993,10.375442820857144,15.51100845285714
6227,5.174662822285714,7.655651424857142,19.552634562857143,4.977597086857143,2.827660004142857,10.241931457000002,15.258214169999999
6228,5.1601971387142855,7.496765692428572,19.39398584285714,4.977597086857143,2.8276600041428575,10.141857075,15.258214170000002
6229,5.138617176285714,7.417322826285714,19.457540045714286,4.985897107142857,2.806080013428571,10.125257033571428,15.182328528571428
6230,5.138617176285714,7.512654299714286,19.600537114285714,4.994434253285713,2.719522854142857,10.141857073571428,15.553219875714287
6231,5.124388618428571,7.814537157285715,20.156399938571433,5.120831394285714,2.726637133,10.125257033571428,16.07588262
6232,5.124388618428571,7.655651481428571,20.18817703857143,5.053245659571429,2.6903542764285713,10.258531384142858,15.949485478571429
6233,5.10280859942857,7.71920574057143,20.140511500000002,5.112057122428572,2.65407142,10.44207999557143,15.966322645714284
6234,5.124388618428571,7.750982898285715,20.267382892857142,5.002497147714285,2.6177885634285714,10.642465659428572,16.07588262142857
6235,5.232762908142858,7.71920574057143,20.124385824285714,4.8929371164285715,2.6106742845714286,10.842614311428573,15.72182844142857
6236,5.334022862428571,7.639762874428571,20.187703014285717,4.850962819857143,2.5890942938571433,11.05960001714286,15.738902847142857
6237,5.456862835857144,7.607985659999999,20.56879166857143,4.850962819857143,2.6106742987142857,11.109637152857143,15.722065679999998
6238,5.557885664571429,7.528542793857143,20.664122972857143,4.968822814857143,2.5817428751428575,11.259748670000002,15.882137152857142
6239,5.680725694428571,7.5444313445714295,21.299428664285717,4.994197127285714,2.581742875142857,11.093037225428573,16.42140005
6240,5.875657129285715,7.7033171334285715,21.74407152142857,5.1122942479999995,2.6106742987142857,10.809414344714286,16.707868664285716
6241,6.041894266285714,7.878091473,21.902957252857142,5.171342780142857,2.654071434142857,10.425717195285714,16.674194331428573
6242,6.178962797571429,8.164085779999999,22.22049147857143,5.3062770672857145,2.7116971555714287,10.008582838,16.935525702857145
6243,6.265519942714286,8.179974330571428,22.045954319999996,5.415837098428571,2.7982543005714287,9.541411458857143,16.640519884285716
6244,6.395474251428571,8.307082961714285,21.759959957142854,5.483185707285714,2.9210943022857143,9.174551474714287,16.42969989857143
6245,6.4244057315714285,8.418302929142857,20.902214331428574,5.297977159857142,3.0294685921428575,8.657342848,15.561757078571429
6246,6.4244057315714285,8.386525827857144,19.409162901428573,5.121068576285715,3.145194314857143,8.340282816857144,13.994242761142857
6247,6.373894289,8.275305747285715,17.376137084285713,5.002971455571428,3.2680343164285715,8.090097143285716,11.971888476428573
6248,6.287100018142858,7.623874267142857,14.882342763142857,4.657454322714286,3.2825000282857144,7.873111438000001,9.511294179285715
6249,6.193428593999999,7.131328519285715,12.166345674428571,4.278262899571429,3.268034288285714,7.773037168571428,6.873554201857142
6250,6.150031486857142,6.670559929285714,9.338891422857142,3.983257167,3.253568576571429,7.789637096142857,4.261188480285714
6251,6.085054360714286,6.193902732142857,6.400454257857142,3.6209028537142856,3.217522845714286,7.856274271571428,1.2276570955714285
6252,6.113985784285715,5.621914174714285,4.383317118857144,3.2500114085714285,3.1814771148571426,8.123297111571429,-0.9127943388571429
6253,6.157382891428571,5.463028442285713,3.0489143248571433,3.2246371244285714,3.159659970142857,8.506994318714286,-2.2441143017142857
6254,6.301802940285714,5.097591325714285,1.9528400299999997,2.9467056840000003,3.1091485275714286,8.773780033,-3.331177156714286
6255,6.395711489999999,5.351808474857143,2.111725734142857,2.971842828428571,3.138079951142857,9.090840007714288,-3.213317147428572
6256,6.482268635142857,5.288254215857143,1.8575085848571429,2.946468544285714,3.181477114714286,9.324425753714285,-3.3985256948571423
6257,6.467802895142858,5.399474239857142,2.2043300125000003,2.811534257285714,3.1743628074285715,9.507974365,-3.3899885487142862
6258,6.410177173714286,5.240588564,2.093110009666667,2.710511414571429,3.116499960285714,9.824797213714287,-3.280428517571429
6259,6.272871460285714,5.0978285927142855,1.6667666573333335,2.592651412428571,3.0731028248571426,9.87483434842857,-3.625945608
6260,6.128214342285714,4.954831467571428,1.0738699806666667,2.415742857,3.022591382285715,9.84163426642857,-3.8536027598571425
6261,5.9477485908571435,4.843611443571428,1.2221633176666666,2.3481571505714283,3.0081256704285715,9.908508454428572,-3.786254207428572
6262,5.810680003142857,4.827722893,0.2956066573333334,2.356694296571429,3.000774265857143,10.091819940142857,-4.544637096142858
6263,5.601282884714286,4.795945735285715,-0.8163166411666666,2.542139998,2.928682832571429,10.342005613714287,-5.378905697428572
6264,5.492908594857143,4.843611443714286,-1.2874799994285715,2.500165715571429,2.8926371301428575,10.442079882571429,-6.011128528428571
6265,5.370068565000001,5.097828593000001,-1.3828114162857141,2.6265628707142854,2.8710571394285718,10.542391278285715,-6.027965694714285
6266,5.326671401428571,5.3200314305714285,-1.3192571148571428,2.904494304285714,2.8781714184285714,10.75913985742857,-5.859357188
6267,5.276159958857143,5.367697138857143,-1.6685685481428574,2.9803800027142855,2.856591427714285,10.909251375142858,-6.280522907714286
6268,5.182251409142856,5.558360029,-2.1611142535714287,3.0225914250000003,2.806080013428571,11.07596282,-6.727300009000001
6269,5.0738771194285714,5.463028555714287,-2.4840632990000002,3.073102839285714,2.813431418,11.242911390000002,-6.364945695714286
6270,5.124388562,5.335920009285715,-1.8020799994,2.820308571285714,2.8855228512857143,11.209474295714287,-5.3032571247142855
6271,5.110160004142856,5.1293685967142855,-0.356551969,2.803471433142857,2.899751409142857,11.326385731428571,-4.300380016571428
6272,5.204068610285715,5.002260022142857,0.6444280262,2.6433999875714287,2.9863085541428576,11.409622834285713,-3.541997156285714
6273,5.341374323571428,5.002260022142857,2.0232240452,2.491865702142857,3.0297057177142857,11.309548565714286,-2.58986856
6274,5.529191479428571,4.970482864428571,4.246627974800001,2.4496542800000003,3.094682843857143,11.309548565714286,-1.1404514198571427
6275,5.760168616857142,4.859262840571428,6.7595360168,2.4496542800000003,3.1596599700000003,11.242911502857144,0.6883942691428572
6276,6.077940081571428,4.891039998285714,7.967849984,2.432817141857143,3.1451942581428574,11.02592579857143,2.3315571592857145
6277,6.337848642571429,5.192922827714286,9.005468546285714,2.5087028544285714,3.1525456910000003,10.959288622857143,3.9915572158571426
6278,6.612222943714285,5.335919981285714,11.022605755857143,2.609725697142857,3.138317133142857,10.792340052857144,5.761117247
6279,6.850551485857143,5.272365665714285,12.896745670714285,2.6348628415714286,3.087805690571429,10.575591585714287,7.404280123714287
6280,7.0673000654285705,5.161145698142858,14.326242898142857,2.584114266285714,3.015714257285714,10.542154491428573,8.592365892714287
6281,7.2190714624285715,5.002259994,15.374651584285715,2.432342841,2.9578514101428572,10.375205920428572,9.468608790142858
6282,7.399774283,4.938705734857144,16.280062861428572,2.305945699857143,2.9794314291428567,10.308331620428572,10.117431661142858
6283,7.522614312857144,4.906928577142858,16.85181435,2.1963857111428573,2.9433857267142858,10.241694444428573,10.496623084285716
6284,7.587828564714286,4.700377136285715,17.20136291714286,2.1287999907142856,2.8421257158571427,10.125020134857142,10.749417365714285
6285,7.667271430857143,4.652711427857143,17.360248650000003,2.044614286142857,2.8276600039999997,10.008345824857143,10.83384021
6286,7.78275999957143,4.6368228771428575,17.550911482857142,2.019477141714286,2.8492400229999997,9.858234308142857,10.808465952857144
6287,7.80434001857143,4.684488585571429,17.70979698857143,2.061688571,2.8563543019999997,9.658085655999999,10.901188761428571
6288,7.825920037571429,4.779820030714285,17.789239854285714,2.1375742837142857,2.8637057348571426,9.491374211142858,11.027585902857144
6289,7.768057190285714,4.795708581428571,17.725685651428574,2.171248574142857,2.8131942922857145,9.274625631000001,11.01904870142857
6290,7.703080007571428,4.700377164571429,17.59857702,2.1629485678571427,2.841888590142857,9.17455136157143,10.943400071428572
6291,7.572888573142857,4.732154322428571,17.376137084285716,2.154648575714286,2.899751437428571,9.274625631142856,10.83407711
6292,7.406651379714286,4.700377164571429,16.915368324285716,2.1209742852857145,2.9213314281428566,9.324662765857141,10.572745625571429
6293,7.211719944714285,4.700377164571429,16.50226555571429,2.1209742852857145,2.8997514091428576,9.207751329999999,10.370699855857143
6294,7.0312541934285715,4.668600006857143,16.184494317142857,2.1295114312857146,2.9071028420000005,9.041039998285713,10.193791328142856
6295,6.7279484687142865,4.430508562142857,15.64451993,1.9948142910000002,2.849239980571429,8.774017101857144,9.899022749428571
6296,6.431757079571428,4.240082854142857,15.247542838571428,1.9526028617142859,2.776911421571429,8.440357086428572,9.722114221714287
6297,6.085054191285714,4.271860011857142,14.818788532857143,1.9018542934285716,2.697468555428572,8.023222785714287,9.528131403285713
6298,5.846725649285715,4.192417173857143,14.533031295714284,1.7837571444285716,2.603559991571429,7.389339961857142,9.30047436442857
6299,5.630214251857143,4.033768595428572,14.453825668571428,1.724708577,2.5312314325714285,6.872131448285715,9.30047436442857
6300,5.420817133428571,4.16087717,14.596822737142858,1.8511057181428574,2.4733685854285716,6.421797179428572,9.536431479857143
6301,5.254579996428572,4.192654327714285,14.819262671428572,1.9858028654285713,2.4299714358571434,6.0547000134285724,9.949297123285714
6302,5.196717149285713,4.510188582,15.359237058571427,2.3227828592857143,2.4226200171428576,5.854551474428571,10.631794214857141
6303,5.1462057067142855,4.811834313857143,15.835657017142855,2.735885733714286,2.4155057239999995,5.721040054428571,11.16275703542857
6304,5.196717149285713,5.288491398,16.264411322857143,3.123614331142857,2.6033228517142857,5.671002919714285,11.820116996714287
6305,5.269045736428571,5.606262834571429,16.772608495714287,3.6714143317142858,2.653834280142857,5.671002919714285,12.452102701285714
6306,5.3340228625714285,6.209791395857144,17.48735705142857,4.210677179285715,2.7045828484285717,5.554091484,13.227322714285716
6307,5.362717160571428,6.464008545142858,18.09088564142857,4.573031464285714,2.747979983857143,5.504054349285714,13.732911278571427
6308,5.427694286714286,6.797668560571429,18.44043420857143,4.8175257259999995,2.762445709857143,5.537491443428572,14.120639904285714
6309,5.398762863,7.226659992857143,18.948631268571432,5.053482898285714,2.7987285664285717,5.587528578142857,14.423945572857145
6310,5.369831439285714,7.576208502428572,19.26640273285714,5.331414310571428,2.8276600042857147,5.637565712857142,14.895859804285717
6311,5.3193199967142855,7.544431401142858,19.3776227,5.348251420428572,2.6543085882857147,5.687602847571428,14.853648381428572
6312,5.196479967,7.719205684142858,19.86993132142857,5.558834280285715,2.625377164714286,5.704202888285715,15.384611202857144
6313,5.0952199561428575,7.528542850571428,19.520382755714284,5.449274305571429,2.581980015142857,5.754477148571428,15.10667979
6314,5.037594234571428,7.512654243428571,19.139294327142856,5.288965762571428,2.574865736142857,5.837951433714285,14.811674085714285
6315,4.9510370894285725,7.512654243428572,18.821522861428573,5.246754340285714,2.596445726857142,5.904588609,14.609391188571427
6316,4.943922810571428,7.226659993,18.503988634285715,5.2130800075714285,2.574628582142857,6.104737148,14.381971274285716
6317,4.943922810571429,7.290214308571429,18.329214238571428,5.002497147714286,2.589094293857143,6.3048856870000005,14.196525657142859
6318,4.943922810571429,7.210771442428571,18.29743713857143,4.977122891857142,2.6180257175714283,6.488434241714286,14.213362824285715
6319,4.994434253142858,7.226659993,17.900460047142857,4.7328657558571425,2.632491429285714,6.655145630142856,13.842471364285714
6320,5.081228580428572,7.401434276000001,18.02756867857143,4.631842870714286,2.6830028578571428,6.905331360285714,13.935194285714285
6321,5.1606714465714285,7.401434276000001,18.05934578,4.724565679,2.704582848571429,7.088642789428571,14.145777145714286
6322,5.218297168142857,7.449099984428571,18.345340144285718,4.834125710285714,2.704582848571429,7.155517090571428,14.348060042857144
6323,5.297740034285714,7.401434276000001,18.377117245714285,4.674054293,2.747979984,7.1054799558571435,14.255337121428571
6324,5.391648584142858,7.099551418428573,18.25000884,4.522282867857142,2.7550942629999997,7.055442821142857,13.901282828571428
6325,5.434808622142856,7.147217126857144,18.297674604285714,4.623542822285714,2.7624456958571426,6.921931401285714,13.909819917142856
6326,5.499785748285714,7.258437094285715,18.472448772857145,4.699428520714285,2.8129571102857143,6.855294282285715,14.01937989142857
6327,5.557648595571428,7.210771385857143,18.599557404285715,4.792151385571429,2.8129571102857143,6.788419981285713,13.985468432857143
6328,5.557648595571429,7.1154399690000005,18.61544584142857,4.724802833142857,2.7984913985714286,6.755220012857143,13.909819917142856
6329,5.622625778142857,6.940665686000001,18.281785712857143,4.354148527714286,2.8200713892857143,6.738382846571428,13.446442774285714
6330,5.803091473,6.8771113704285725,18.011680012857145,4.160165680285714,2.85611712,6.621708592857144,13.244159991428571
6331,5.933282907428572,6.8294456619999995,18.091122879999997,3.958119966428572,2.899514255285714,6.47159718857143,13.235860027142857
6332,6.0416571971428565,6.591117119857143,17.964014248571427,3.663114262,2.9137428131428567,6.354922878428572,13.109462887142858
6333,6.229474353,6.4640086018571425,18.075234217142857,3.3175971149999994,2.928208553142857,6.204811417857142,12.898880027142857
6334,6.395474364285714,6.511674310285714,18.50398841,3.3175971149999994,2.9571399767142856,6.1047371482857145,13.286608652857142
6335,6.604871482857143,6.511674310285715,18.964519931428573,3.216574258142857,2.9787199674285714,5.987825712428572,13.51402867857143
6336,6.814505727000001,6.781779953571429,19.63160295,3.384945695714286,2.9787199674285714,5.971225728142857,13.95203145142857
6337,6.937345700285715,6.861222819714286,19.711045817142857,3.5284171287142856,3.015002823857143,6.021262862857142,13.859308529999998
6338,7.023902845428571,6.877111426857143,19.520382982857143,3.6462771237142855,3.036582842857143,6.0881371074285715,13.707537020000002
6339,7.060185673714287,7.051885709857143,19.218500182857138,3.713625704428572,3.0655142947142857,6.238248567999999,13.286134174142855
6340,7.053071394857143,6.940665685857143,18.26542314,3.7895114311428566,3.1017971511428573,6.505034282285714,12.510914275142861
6341,7.017025635714285,6.670559986,16.454837371857142,3.5872285915714284,3.145194314714286,6.605108551857143,10.59811990857143
6342,6.88707138342857,6.5752285691428565,13.214517391857141,3.485968609,3.1885914782857148,6.521871392285715,7.446491233142857
6343,6.699254283999999,6.225680059571429,9.624885886142854,3.3512714477142853,3.231988641857143,6.3549228218571425,4.000094092428571
6344,6.468277146571428,6.321011476428572,6.38456587757143,3.435457166571428,3.217522901857143,6.238248511714285,0.7389055552857141
6345,6.323857154142857,6.432231443857142,2.779045765428571,3.452294304714285,3.2393400465714284,6.104737091857143,-2.7582400975714285
6346,6.273108585857143,6.305122869285715,-0.7788085824285714,3.376645732,3.268271470142857,5.921188537142858,-6.331271391714286
6347,6.150268556,6.209791452428571,-4.3845657067142865,3.2839228672857144,3.253805730142857,5.754477148714286,-9.896002948428572
6348,6.063474285285714,6.464008545142858,-7.450348557142855,3.3681085578571426,3.2393399901428572,5.821351449714285,-12.837048679
6349,6.121099950285715,6.702337087285715,-8.832180047142858,3.6462770958571427,3.2466914230000006,6.288285702857142,-14.370651425
6350,6.164497057428571,6.877111370285713,-10.182234238571427,3.8314856715714285,3.225111404,6.8889685581428575,-15.72758288285714
6351,6.207657095428572,6.781779953428571,-11.548177037142858,3.85662283,3.181714268571429,7.372739977714285,-16.831482818571427
6352,6.142679969285715,6.575228512571429,-12.707805690714284,3.8397856918571427,3.0949199695714285,7.739600017857143,-18.10399143142857
6353,6.056122824142856,6.575228512571428,-13.756214150000002,3.940808548714286,3.029942815142857,8.190171412571429,-19.300614402857143
6354,5.955099995428571,6.368677071857143,-14.995048544285712,3.8900599804285716,2.9794314008571434,8.54043135557143,-20.488699945714284
6355,5.803565724142857,5.971462797428572,-16.10677430714286,3.8732228422857142,2.964965689,8.690542816285715,-21.592599882857144
6356,5.543657163142856,5.733134255285714,-17.536271421428573,3.6035914502857147,2.8999885347142857,8.623905754000003,-22.671362688571424
6357,5.29797716,5.717245648142858,-18.219480115714287,3.4771943091428574,2.8710571111428576,8.507231443857146,-23.109365574285714
6358,5.074114301571428,5.717245648142857,-18.521363142857144,3.258311429,2.878171390142857,8.55726857857143,-23.311648584285713
6359,4.958388550714285,5.733134255285713,-18.616694445714284,3.275148567142857,2.899751380857143,8.757654243142857,-23.151340097142857
6360,4.8644800009999996,5.717245704714286,-18.41014317428571,3.2246371528571425,2.9068656598571425,8.907765647285716,-22.721400162857144
6361,4.8644800009999996,5.876131437,-17.679505952857145,3.0645657284285712,2.9355599577142857,8.891165719714285,-21.878831711428575
6362,4.893411424571428,6.019128618714285,-16.520114425714286,2.921331449285714,2.9282085531428566,8.891165719714287,-20.699046132857145
6363,4.857365722,6.0191286187142845,-14.645737215857142,2.887657144857143,2.891925696571428,8.991239989142857,-18.828226261428572
6364,4.900762885571429,5.796688627428572,-13.406665809857143,2.778097142,2.920857120142857,9.041277123857144,-17.69918896857143
6365,5.001785714142857,5.653691502285713,-11.722951433428573,2.752722857857143,2.8992771294285715,9.024439957428571,-16.25807167857143
6366,5.095694320428572,5.46302864042857,-10.10279148614286,2.6094885787142856,2.8776971387142853,9.074477092142859,-14.774980092857144
6367,5.0883428592857145,5.3518086164285705,-8.371411401857141,2.4745542774285716,2.8127200125714285,9.041039998142859,-12.887559953285717
6368,5.0449456957142855,5.018385755,-6.497034277285713,2.609488557428572,2.740628565142857,9.091077132857142,-10.898642789857144
6369,5.059174253571429,4.684962865285714,-4.003239983714285,2.4913914155714285,2.6830028437142857,9.274625631000001,-7.999808396285713
6370,5.261457093,4.319762846142857,-1.7001085804285714,2.305945707,2.747979998142857,9.358099859714287,-5.724659800571429
6371,5.326434219142858,4.097560008571428,1.0794428950000001,2.2217599881428574,2.632254289714286,9.458174129142858,-2.9100112954285717
6372,5.4203428254285715,3.875357142714286,3.6526799985714287,2.145874275571429,2.559925716571428,9.424974160857143,-0.3144827964285713
6373,5.615511386,3.875357142714286,6.464245699857143,2.1121999851428575,2.480482864428571,9.17455136157143,2.525302895142857
6374,5.8972370917142864,3.748248568142857,9.259685781285713,2.1121999851428575,2.4444371477142854,8.890928480857143,5.053482841285714
6375,6.186077132857143,3.843342859285715,11.943905698142856,2.086825701142857,2.4155057241428572,8.640742750714285,7.362305713571429
6376,6.424642857142857,3.9225485715714288,13.595842803142856,2.2554342572857142,2.3647571417142856,8.440594211857142,8.516717150000002
6377,6.6556199945714285,4.176528566857143,14.961785714285714,2.3144828247142857,2.3431771227142852,8.273645641285714,9.578642847142858
6378,6.9373457002857135,4.287511436857143,16.121414367142858,2.331319977,2.3649942672857143,8.123534237142858,10.412911392
6379,7.161445684428571,4.334939991428572,16.83616292285714,2.331319977,2.4157428497142854,8.106697070714286,10.926800032999997
6380,7.262468513,4.3826056715714286,17.43969151285714,2.314482839,2.444674273285714,8.223608506571429,11.238642904285715
6381,7.291399993142856,4.3826056715714286,17.805128517142855,2.3230199849999997,2.4591399851428575,8.323682776,11.466062931428572
6382,7.4071256309999995,4.446159958857143,17.964014248571427,2.441117119714286,2.451788552285714,8.457194196,11.60099716142857
6383,7.472102757142857,4.525602796714286,18.107011317142856,2.348394269,2.4591399851428575,8.490394164285714,11.63467138
6384,7.472102757142856,4.414382829142857,18.091122654285716,2.3820685594285718,2.3941628448571426,8.440357029571429,11.583922867142856
6385,7.443171333571428,4.398494250285714,17.932236921428572,2.373768553142857,2.401277138,8.306845666142857,11.457525725714286
6386,7.363728467428571,4.430271408,17.709796987142855,2.365468546857143,2.372345700142857,8.173334302714286,11.322828507142857
6387,7.212194196285715,4.350828570142857,17.360248421428572,2.356931400857143,2.3649942814285714,8.02322289857143,11.1290827
6388,7.103819906428572,4.287274282857143,16.93125698857143,2.3147199787142863,2.393925705,7.939748613428571,10.876288417142858
6389,6.916002807000001,4.160165708285715,16.470725694285715,2.162948553571429,2.4157428495714286,7.872874312285715,10.513934160285714
6390,6.713719967428572,4.080722870428572,15.94663997142857,2.1461114155714287,2.4157428495714286,7.706162923999999,10.176954159857143
6391,6.533254272714286,4.366717121,15.740088472857144,2.4494171542857144,2.4228571427142858,7.589488670428572,10.311888391285715
6392,6.446460001857143,4.779819974285714,15.771865574285714,2.786397183428572,2.4446742874285716,7.556051463285714,10.47195986557143
6393,6.2586428458571435,5.288254244428572,15.851308439999999,3.2414743332857148,2.4446742874285716,7.539451422571427,10.817477069857144
6394,6.171848575,5.653691389285714,16.01019417142857,3.7470629115714287,2.4520257061428574,7.572651390857142,11.070271465571428
6395,6.179199979714286,5.923797117285715,16.48685136857143,3.9661829032857137,2.488071422857143,7.506014271857144,11.55902286414286
6396,6.128451411428572,6.209791424285714,17.04271419285714,4.075742906285714,2.5890942939999997,7.439377153000001,12.014100042428572
6397,6.113985671428572,6.575228569142858,17.773351412857142,4.3707486247142855,2.6540714342857146,7.439377153000001,12.88204297714286
6398,6.056122824142856,6.622894277428571,18.345340139999998,4.311700036142858,2.683002857857143,7.355902867714285,13.252934322857145
6399,5.94798566,6.607005726857143,18.694888705714284,4.320237125714286,2.6974685695714284,7.272428582571428,13.648962798571429
6400,5.904588552857142,6.638782828142857,19.330194397142858,4.370748568285714,2.711934281428572,7.122317178428571,14.205062748571427
6401,5.861191389285715,6.877111426714285,19.917834322857143,4.269725683142857,2.7335142862857142,6.972205717857142,14.862185469999998
6402,5.788862802,7.178994227857143,20.29892297857143,4.539357131571429,2.7119342955714285,6.922168583142857,15.359474069999996
6403,5.6804885121428565,7.480877028857143,20.521362914285714,4.884874278428572,2.6543085740000003,6.822094313714284,15.856525431428569
6404,5.5287171151428565,7.560319895,20.505474477142858,4.884874278428571,2.6253771502857144,6.705182877999998,15.789176765714284
6405,5.413228546428571,7.9572971002857145,20.77534293857143,5.196717149142857,2.589331433571428,6.588508567857142,16.261091224285714
6406,5.311968592142857,8.116182832714285,20.87043723,5.440974341714286,2.560399995857143,6.4383971635714285,16.505585542857144
6407,5.290388573142856,8.290957115714287,21.01343429857143,5.499785748142857,2.581980000714286,6.304885743571427,16.74154265857143
6408,5.275922889571428,8.243291350714285,21.219985797142858,5.575671503000001,2.6037971454285715,6.171611449142857,16.89331416857143
6409,5.196480079857143,8.449605722285714,21.521868597142856,5.702068644142857,2.5893314194285715,6.1381742987142855,17.162945617142856
6410,5.189365801,8.497271487285714,21.664628652857143,5.811628618857143,2.5459342698571428,6.171374267142857,17.306179924285715
6411,5.297740090857142,8.592602904142858,21.950385778571427,5.954862926285714,2.5459342698571428,6.2714485365714285,17.634860074285715
6412,5.362717217000001,8.545174264857142,22.14104861285714,5.912651447571429,2.5675142747142856,6.438159981428571,17.735882845714286
6413,5.312205774428571,8.449842791428571,22.09362008571429,5.878977114857143,2.545697144142857,6.605108552,17.76955717857143
6414,5.246991466142857,8.275068508428571,21.74430875857143,5.837002818285714,2.5601628560000003,6.755219956285715,17.440877254285713
6415,5.218297168142857,8.386288589000001,21.823751624285713,5.946562793,2.5238799995714283,6.855294282285714,17.55043723
6416,5.268808554285714,8.25941708357143,21.648977228571432,5.870677038000001,2.5528114372857145,6.922168583285715,17.38182855285714
6417,5.22541139057143,8.449842791571431,21.74430853285714,5.870677037999999,2.567277149142857,6.922168583285716,17.542137265714285
6418,5.1893656880000005,8.402177083142858,21.633088338571433,5.887514147857142,2.560162856142857,6.855531464285713,17.440877254285716
6419,5.210945707,8.227402800142858,21.315316872857146,5.811865631571429,2.581980000857143,6.755457194857143,17.028011498571427
6420,5.369831382857143,8.179737091714285,21.394522501428575,5.609582791999999,2.675888578857143,6.722020044285713,16.867940024285712
6421,5.4926714127142855,8.084405731428571,21.680279625714284,5.533697093571429,2.6903542905714284,6.688820075857142,16.943825667142853
6422,5.629740000428571,8.004962865285714,21.50550523,5.365088530285715,2.733751426,6.655382925285714,16.640519885714284
6423,5.723648606571429,7.846077189428572,21.48961679285714,5.2135542589999995,2.7337514260000004,6.538471489428572,16.556334279999998
6424,5.897000079,7.655651481428571,21.584948322857144,5.103994284285714,2.769797142714286,6.388360085142857,16.362351234285715
6425,6.084817178428571,7.6715400321428575,21.616725650000003,5.011271419428572,2.841888590142857,6.304885799857144,16.193742558571426
6426,6.287100017999999,7.560320064714285,21.759722945714284,4.775314247142857,2.870582859857143,6.254848665142858,16.17690539142857
6427,6.3665428841428575,7.433211490142857,21.902720014285713,4.623542822,2.8418885620000003,6.188211489714285,16.269628427142855
6428,6.5038485975714275,7.401434332285715,21.934497115714287,4.539357103285715,2.8058428595714284,6.188211489714285,16.25279126
6429,6.605108552,7.401434332285715,22.31582300857143,4.581568525571428,2.7913771477142855,6.2382486244285715,16.446537065714285
6430,6.742414265428572,7.337880073285715,22.44293164,4.539357103285714,2.76244571,6.305122925571429,16.47191120857143
6431,6.923117086,7.274325757714286,22.60181737142857,4.412959962285714,2.7553314309999997,6.388597210857143,16.39602556714286
6432,7.045957115857143,7.2902143648571425,22.808368642857143,4.480545696857143,2.7337514119999997,6.472071496142857,16.514122744285718
6433,7.125399981999999,7.2584372071428565,22.601817145714286,4.615242858285714,2.7411028448571426,6.588745749857142,16.295002795714286
6434,7.262705695428571,7.607985829714285,22.41115431142857,4.851200002285714,2.7771485472857145,6.688820075857143,16.10955695285714
6435,7.313217138,7.655651538142856,21.887068588571427,4.9185485547142855,2.8276599615714284,6.738857210571429,15.528082747142857
6436,7.197491443571429,7.6397628744285715,20.822771465714286,4.842662856285714,2.8494771062857147,6.822331495857143,14.558879915714284
6437,7.096468558428573,7.846314258714286,19.583936958571428,4.985897163714285,2.9144542465714287,6.838931479999999,13.404231467857144
6438,6.858140016428571,7.766871392571429,16.883591224714284,4.994197184,2.9360342372857144,6.838931479999999,11.070034326142856
6439,6.590879994285714,7.560319951714286,13.690937023999997,4.648680037142857,2.9649656608571426,6.788894345285714,7.968917149571429
6440,6.352551395714285,7.560319951714285,10.005974158142857,4.446397169428571,2.957614228,6.688820075714285,4.598168637714285
6441,6.0924057089999994,7.147217070142857,6.1144599088571425,4.202140033285714,2.9357970834285716,6.555308655714287,0.7723429477142858
6442,5.947985660142857,7.035997046142858,2.826474248571428,4.008394339714285,2.914217092714286,6.421797235714286,-2.379285614857143
6443,5.9048256787142845,6.686448536571429,-1.1921487457142856,3.7050886149999998,2.8852856691428572,6.321722966285715,-6.230248547714287
6444,5.8614285715714285,6.3686771282857135,-3.6541657682857145,3.4271571744285714,2.8418885337142856,6.3717601010000005,-8.715980059428572
6445,5.976917140285714,6.178014294571428,-5.401197221285715,3.385182877857143,2.7984913982857145,6.571908639857142,-10.45186580057143
6446,6.135802872714286,6.0985714284285715,-4.352788634857143,3.4862057347142854,2.769559974714286,6.805494385857143,-9.373340056142856
6447,6.20813146,5.8284657285714285,-2.653185764571429,3.4105571618571426,2.7335142721428576,7.08911721,-7.864874387571428
6448,6.2515285671428575,5.701357154000001,-0.8105857125714288,3.317834297142857,2.654071434142857,7.456214319428573,-6.027728682285714
6449,6.186551441,5.288254329,0.11071428514285701,3.005991440571429,2.6033228658571432,7.789874334857144,-5.075600142571429
6450,6.128688593714286,5.034037179857143,2.096311462857143,2.837382870142857,2.5670400092857144,8.006622857857144,-3.019571525
6451,5.9842685448571435,4.637060031142857,3.0017228817142856,2.6519371547142856,2.5236428738571424,8.206771396714286,-1.8819971849999997
6452,5.839848552428571,4.414620039714285,4.320000042428572,2.4159799965714286,2.5381085857142858,8.440357142714287,-0.5926514618571428
6453,5.623099972857143,4.271622914428571,3.3828114515714285,2.264208571428571,2.502062883285714,8.623905640857144,-1.4774314562857143
6454,5.485794259428571,4.239845756714286,2.715728603,2.2893457015714285,2.5165285951428573,8.840891346142858,-1.9747200530000002
6455,5.485794259428572,4.446397141,1.7149857107142856,2.2725085634285715,2.6249028850000005,8.957565656285716,-2.859737219
6456,5.507374278428571,4.684725683000001,0.9525714454285718,2.58435142,2.6683000204285716,9.191151289142857,-3.51709718
6457,5.5434199809999996,5.034274249,-0.36594282671428574,2.8286085631428572,2.7406285794285714,9.441337075857144,-5.000188567571429
6458,5.608397163571429,5.335919980857144,-1.0491514080000002,2.8876571375714284,2.827422850285714,9.574848552428572,-5.859831382285714
6459,5.601045702571429,5.5583599722857135,-2.669311369714286,2.997217154714286,2.849239995,9.724959956000001,-7.519831325428571
6460,5.687839973285714,5.701357097571429,-2.3833170768571423,3.047965723,2.8997514092857144,9.891671400285714,-7.1743141785714295
6461,5.731237137,5.7649114131428565,-2.049894243714285,3.047965723,2.9357971399999996,10.008345709857142,-6.9300570142857145
6462,5.695191434428572,5.4948057132857135,-1.1921485331428567,3.0225914388571424,2.8997514091428576,10.141857073428572,-6.2136484221428585
6463,5.666260010857143,5.399474296571428,-0.1121999852857146,2.803471447142857,2.9071028420000005,10.258531384,-5.151722739714286
6464,5.673611415428572,5.224700013571429,1.4602942538571426,2.744660012571429,2.8999885631428577,10.375442819285713,-3.5251599191428578
6465,5.796451388857143,5.097591439,2.635811429,2.736122866571429,2.863942860571428,10.575591358571428,-2.3453742557142863
6466,5.897711399714287,5.049925730571429,5.494805656857143,2.710748554142857,2.8781714184285714,10.575591358571428,0.5534600242857143
6467,5.998734284999999,4.986371471571429,6.797194253428572,2.7275856922857145,2.8565914277142856,10.57559135857143,1.8259685808571429
6468,6.200779998714286,4.986371471571429,8.163374234428572,2.7529599764285715,2.7844999802857147,10.642228534285715,3.081639999285714
6469,6.403062894714286,5.0658143377142855,9.767645687714284,2.8205456828571434,2.7629199895714285,10.708865710000001,4.547894263571428
6470,6.706605745,5.097591495428572,11.70557710057143,2.921568525571429,2.7195228399999998,10.675428615714287,6.148845745000001
6471,7.009911469714285,5.22470007,13.691174221571428,2.8539828191428573,2.7050571281428573,10.658591450000001,7.893031435857144
6472,7.1687972019999995,5.240588620714286,15.279556954285715,2.811771382714286,2.697705695285715,10.608554314285714,9.258262885285715
6473,7.3492628967142855,5.0975914389999994,16.391519728571428,2.677074249571429,2.640079987857143,10.641991521428574,10.143042872428571
6474,7.464751465428571,4.954594285428572,17.312819782857144,2.5421399624285717,2.582217126428571,10.57535434657143,10.817240057000001
6475,7.667034305,4.891039969857142,18.01167978857143,2.3989056832857147,2.6256142760000003,10.458680036571428,11.331365824285715
6476,7.883545702428571,4.811597103714286,18.393005455714285,2.255671404,2.625614276,10.325168672714286,11.516811554285715
6477,7.999034271142857,4.732154237571429,18.583668288571427,2.129274263,2.6545457137142856,10.225094403142858,11.584397232857143
6478,8.078477137285715,4.462048509571429,18.63133405285714,2.0536256901428573,2.6037971454285715,10.108420092857143,11.550723012857143
6479,8.157920003571428,4.4302713517142855,18.67899981857143,2.0031142617142854,2.639842848,9.991745783285714,11.525348757142854
6480,8.143454320142856,4.477937116714286,18.67899981857143,1.9945771157142858,2.683239997571429,9.891671401285715,11.491674424285716
6481,8.157920003571428,4.509714246285714,18.551891187142854,2.003114261714286,2.7266371471428568,9.908271441857142,11.40725157857143
6482,7.955637164,4.351065696,18.186454184285715,1.9777399775714284,2.639842862142857,9.841634266571429,11.238643014285714
6483,7.731774305571428,4.240082854142857,17.773351415714284,1.9692028315714285,2.5675142890000004,9.774997091142856,11.053197284285714
6484,7.515025726,4.144751437285714,17.328471545714287,1.9609028394285717,2.5096514277142856,9.77499709114286,10.884588721428571
6485,7.2117200014285725,4.081434303857142,16.788260147142857,1.9523656934285716,2.488071422857143,9.825034225714287,10.657168695285716
6486,6.980505681714285,4.033768623714285,16.327491612857145,1.9860399838571428,2.415980003571429,9.791597131714285,10.421211466571432
6487,6.872131391857143,4.272097165714286,16.359268941428574,2.3147199927142856,2.3796971470000003,9.708122903000001,10.631794326571429
6488,6.612222830857143,4.748754306285714,16.43871180714286,2.803471418857143,2.3218342857142855,9.608048633714287,10.994148583714287
6489,6.482268522142858,5.3046171310000005,16.661151741428572,3.191199988142857,2.4228571285714287,9.558011499000001,11.314291417999998
6490,6.3233827897142865,5.796925696571429,16.883591677142856,3.798048563285714,2.4807199900000003,9.541411458285713,11.803042815142858
6491,6.236825644714286,6.257694286571429,17.217251580000003,4.194077152857142,2.4951857017142856,9.458174242142858,12.098048519428572
6492,6.22947424,6.765891431,17.678020112857148,4.674528586857143,2.524117125285714,9.241425662714287,12.536288531285715
6493,6.070588564142858,7.401434332285713,18.250008614285715,5.247702899714286,2.516765706571428,9.124751352571428,13.395931388571428
6494,5.926168571857142,7.70331724642857,18.408894345714288,5.441448593142858,2.5022999948571427,9.074714217857144,13.68239989
6495,5.875420003571429,7.830425877571427,18.63133428,5.559308588142857,2.502299994857143,9.074714217857144,13.82587121
6496,5.7743971748571425,7.9098688002857145,18.774331348571426,5.896288589,2.437322868714286,9.12475135257143,14.053528362857145
6497,5.687602904,7.846314484714286,19.123879914285713,5.634957160857143,2.408391430857143,9.141351393285715,14.331696901428572
6498,5.5287171715714285,7.878091586000001,19.44141414,5.618119994571429,2.401040012142857,9.141351393285715,14.84558542857143
6499,5.398762862857143,7.909868743857143,19.870168332857144,5.634957161000001,2.3865743004285713,9.241425662714287,15.393148175714286
6500,5.377182843857143,7.560320121285715,19.758948365714286,5.272602847714286,2.422857157,9.324662765714285,15.055931048571429
6501,5.326671401285715,7.401434332428572,19.88605677142857,5.154742852714286,2.3939257192857144,9.324662765714285,15.325562497142856
6502,5.261694275142857,7.163105733857143,19.88605677142857,4.893648550285714,2.4155057241428572,9.258025590285715,15.477096768571428
6503,5.196717092571428,6.702337143857144,19.663616837142854,4.371222848,2.4010400122857143,9.15795132085714,15.350699627142859
6504,5.175137130142858,6.892999977571429,19.711045362857142,4.5061571350000005,2.3792228677142857,9.024439844285714,15.434885458571427
6505,5.146205706571429,6.924777135285715,19.55239687,4.598879999714285,2.336062857999999,8.991002750285713,15.384373960000001
6506,5.045182877857143,6.718225694428571,19.139531341428572,4.539831411142857,2.300017141285714,8.991002750285714,15.257976820000001
6507,4.979968569571429,6.765891402857143,19.39374860285714,4.6240171299999995,2.220574275,9.007839916714286,15.586656744285717
6508,4.886060019857142,6.686448593142857,19.187197331428568,4.539594285571429,2.1989942842857144,9.041277010714284,15.308725332857145
6509,4.936808588142858,6.638782828142857,19.329957388571426,4.539594285571428,2.1700628465714287,9.09131414542857,15.300425368571428
6510,4.994434309714286,7.020108495428572,19.61595175142857,4.8006885597142865,2.206345703142857,9.141351280142857,15.662779625714284
6511,5.073877119428572,6.877111426714285,19.31430619,4.716265715285714,2.220811429,9.258262716,15.401448141428572
6512,5.138854302,6.829445718285714,19.23486332285714,4.598168594571428,2.2639714387142855,9.258262716,15.283588202857143
6513,5.189365688142857,6.988331450714285,19.457303257142854,4.606468558285714,2.2710857318571422,9.258262716,15.300425368571428
6514,5.225648572857144,7.226660049285714,19.584174649999998,4.800214251714286,2.2997800157142856,9.224825622000001,15.469034045714285
6515,5.247228535285714,7.3219914661428565,19.901708875714288,5.128894232285715,2.3142457274285713,9.207988455571428,15.763802624285713
6516,5.182014227000001,7.433211490142857,19.695394617142856,5.196242841285715,2.300017155428571,9.207988455571428,15.671079817142855
6517,5.1893656880000005,7.321991522571428,19.61595175142857,5.103757102142858,2.278200010714286,9.291225671714287,15.401448368571426
6518,5.145968580857143,7.163105790142856,19.663617289999998,4.9773599328571425,2.350528569714286,9.241188537,15.384611202857142
6519,5.2109457070000005,7.24254865642857,19.82250302285714,4.960522766571429,2.386811426285714,9.207751329857143,15.494171177142855
6520,5.290388573142857,7.035997215571427,19.504731558571425,4.690891374714285,2.4157428498571427,9.174314235857143,15.165491252857139
6521,5.384297122857142,6.718225750857143,19.250751535714283,4.446634238714285,2.4664914322857143,9.19091416342857,14.760925572857142
6522,5.564999999857143,6.479897152285714,19.139768581428573,4.016931401142857,2.517002860714286,9.207751329857144,14.558879801428573
6523,5.7528171558571435,6.3051228692857135,19.34608284,3.7978113951428574,2.5819800151428574,9.124277101142857,14.634765442857145
6524,5.853839984571429,6.352788577714286,19.631839964285714,3.8397856917142863,2.603797159857143,9.091077019714287,14.853885391428571
6525,6.012725660428571,6.368677128428572,19.917597088571426,3.713388550571429,2.5748657362857146,9.241188423857144,14.887559722857143
6526,6.063237103,6.305122812857143,20.409905709999997,3.797574269285714,2.5385828797142858,9.391299941142858,15.190865504285716
6527,6.265519942571429,6.543451355,21.267651335714287,4.050368551285714,2.5675143032857144,9.391299941142858,15.78917687714286
6528,6.482031396428572,6.8929999209999995,22.061842758571434,4.269488557142857,2.5746285821428576,9.324662878857142,16.589771145714284
6529,6.604871369857143,7.035997102714285,22.347599882857143,4.412722836285714,2.6109114387142855,9.22458860942857,16.749842620000003
6530,6.706131380714285,7.290214195428571,22.617705582857145,4.699191394714285,2.646957141142857,9.358099972857143,16.909914094285718
6531,6.778459968,7.4808770291428575,22.76070265142857,4.766777129285714,2.6758885647142856,9.34126291957143,16.918214058571433
6532,6.792925707999999,7.782759943285714,22.649719922857145,5.061782862,2.6977057094285715,9.291225784857144,17.002636904285716
6533,6.915765681428572,7.671539975857143,21.807862735714284,4.9353857209999985,2.8134314038571433,9.324662878714287,16.11785691714286
6534,6.843437150571428,7.814537157571428,20.934228445714286,4.943922867142858,2.8784085441428573,9.524811417,15.384848327142858
6535,6.7279485818571425,7.5762086154285715,19.79048845571429,4.758477165714287,2.9218056795714284,9.758397050000001,14.18822547
6536,6.648505772142856,7.306102859142858,18.011442775857144,4.472008607428572,2.957851382,9.991745670857144,12.410128405999998
6537,6.634040032,7.083662924285714,15.628868505857142,4.252888629714286,2.993897112857143,10.108419980428573,10.101068450571429
6538,6.590642868285714,6.718225807571428,14.199371392999998,3.983020055571429,3.051522834285714,10.225331303285715,8.668488533428572
6539,6.634040032000001,6.321011476571428,13.150962820142855,3.806111471857143,3.094682844,10.358605654285714,7.404517122428572
6540,6.648505772,6.321011476571428,12.880857120142858,3.806111471857143,3.087331439428571,10.442079995714286,7.033625663285714
6541,6.778460024285715,6.098571428571428,12.452102927285713,3.671177184714286,3.1307286030000006,10.392042861428573,6.468988623
6542,6.893948593,6.0826828214285715,12.372660061571427,3.6038286040000003,3.145194314714286,10.425242942857142,6.292079981571429
6543,6.915528555428572,6.257457104428572,13.008202991428572,3.730225745,3.094682900428571,10.458680035714284,7.025088572
6544,6.836085745857142,6.130348529714287,14.247274284285712,3.671177156428572,3.0370571788571428,10.392042860857144,8.331271475428572
6545,6.763757215142857,6.019128505857144,14.390271352857143,3.553317161428572,2.9649657455714284,10.35860576657143,8.525254351142857
6546,6.612222887285713,5.765148510571429,14.056611338571427,3.2246371632857147,2.863942874428571,10.342005725142856,8.373482897714284
6547,6.395474307714285,5.495042754142857,13.675522684285713,2.9635428750000004,2.7629200032857137,10.358605653714287,8.247085756714286
6548,6.186077189285713,5.2090485037142855,13.548414165714288,2.6856114344285706,2.676125704285714,10.425242829428571,8.179737091285714
6549,6.005611438000001,5.161382795428572,13.310322805714287,2.668774296285714,2.62561429,10.475279963714287,8.095551373142856
6550,5.897237148285714,5.129605694142858,13.342099907142858,2.635100020142857,2.632728569,10.491880005142859,8.112388539571429
6551,5.846725705714285,5.240825661714285,13.294434255714288,2.6014257439999997,2.632728569,10.458442911142857,8.078714206714285
6552,5.846725705714285,5.304379977142856,13.405654335714287,2.8037085835714284,2.6471942808571427,10.441842870571426,8.289297066571427
6553,5.875420003714287,5.685468547,13.755202901428573,3.1323885817142854,2.733751440142857,10.42524283057143,8.659951343571429
6554,5.962214274571429,5.860242886571428,13.73931435,3.1997371482857138,2.820308599428571,10.42524283057143,8.491342780285715
6555,5.983794293571428,6.114460035857142,13.373877120000003,3.435694292285714,2.8563543019999997,10.392042749142856,8.196337132428571
6556,5.947748591000001,5.9237972021428575,12.627114223285714,3.384945724142857,2.8850485717142855,10.25876839857143,7.547277191571429
6557,5.940634312,5.780800020428572,11.65814851657143,3.2753857070000003,2.8850485717142855,10.25876839857143,6.662497147714285
6558,5.926168571857143,5.653691445714287,10.848068542428573,3.267085714857143,2.8921628507142856,10.392279874571427,5.904114301428572
6559,5.868542850285714,5.558360028999999,10.180985637285714,3.0225914389999997,2.8776971388571426,10.45891704942857,5.305802872428572
6560,5.810917128714286,5.367697195428572,9.847325621571429,2.9130314361428575,2.8271856962857145,10.475517089428573,5.002497204285715
6561,5.7459400025714285,5.224700013714285,9.529554270142857,2.9552428584285715,2.784025686571429,10.358842778857142,4.859262896857143
6562,5.717245704714285,4.970482864428571,9.656662901571432,2.828845717428571,2.7263999791428573,10.375442818857142,5.002497147714286
6563,5.832734273428571,4.922817156,10.276317166857142,2.7614971367142855,2.690354276571429,10.442079993714286,5.482948525285714
6564,6.049245727285714,4.970482864285714,11.499262896428572,2.896194284,2.7048199882857142,10.342005724142856,6.49412571057143
6565,6.388597154571428,5.018148629285714,12.912871573428571,2.8625199795714282,2.740865719,10.191894207428572,7.530677094571429
6566,6.699254227428571,5.145257203857143,14.374145788571429,3.0142914188571432,2.7479799980000004,10.075219897857142,8.685088473714286
6567,7.017025635714286,5.272365778428572,15.740325825714288,3.039428577285715,2.769797142714286,9.925108494285714,9.755314190714287
6568,7.327445639285714,5.304142936142858,16.995285782857145,2.9550057185714285,2.784262854571429,9.825034224857145,10.690842802999999
6569,7.659682787571429,5.320031486857144,17.964251488571428,2.879120006,2.827660004142857,9.691522862,11.339665674285714
6570,7.869079962571428,5.256477199571428,18.551891414285713,2.744185726,2.8350114369999995,9.574848552428573,11.71032000857143
6571,7.912477069714285,5.081702944857143,18.79022001285714,2.533602866142857,2.7845000085714284,9.474774169857143,11.87892857142857
6572,7.847499943571428,4.875151504000001,18.74255424714286,2.3986685789999997,2.719522854142857,9.407899868714285,11.887228648571426
6573,7.789637152857142,4.700377164428572,18.615445842857145,2.2468971397142856,2.6761257187142857,9.324425640000001,11.845254465714287
6574,7.688377198428571,4.525602824857144,18.36122858,2.1458742685714283,2.6253771504285717,9.374462774714285,11.710557361428572
6575,7.558422889714286,4.462048509285714,18.20234284714286,2.1627114208571423,2.5601628702857147,9.357625608285714,11.61783444
6576,7.428231455142858,4.430271351428572,18.043457115714286,2.1710114128571427,2.494948590142857,9.391062702285714,11.600997274285714
6577,7.269345722714285,4.462048481,17.932237148571428,2.2468971182857143,2.4515514405714285,9.34102556757143,11.660045862857142
6578,7.276697183857142,4.541491319,17.789240080000003,2.3142456848571427,2.4586657335714284,9.274388505285714,11.600997274285715
6579,7.240651481285715,4.589157027428572,17.678020112857144,2.3732942592857142,2.487597157285714,9.257788577714285,11.541948685714289
6580,7.247765760285715,4.573268476857143,17.487357278571427,2.3732942592857142,2.5165285808571425,9.207751442999998,11.339665788571429
6581,7.226185741428572,4.557379926285714,17.23314024285714,2.3396199831428572,2.5528114372857145,9.041039998142859,11.086871392857145
6582,7.139628596285715,4.557379926285714,16.89948034,2.3059456928571427,2.574628567857143,9.024440070571428,10.842377187142857
6583,6.973628585,4.6685999502857145,16.597597538571428,2.3818314054285716,2.574628567857143,8.974402935857144,10.66546866
6584,6.858140016285715,5.034037123428571,16.740594607142857,2.879119991714286,2.567277149142857,8.890928707142857,10.960474364285714
6585,6.561948570571429,5.081702831857143,16.83592591142857,2.9718428424285714,2.5167657207142855,8.890928707142857,11.35674008
6586,6.2802228648571425,5.065814224714286,16.86770301285714,3.0055171328571424,2.4373228685714285,8.890928707142857,11.651745784285714
6587,5.9769171401428585,5.256477114857143,17.02658851857143,3.1741257101428566,2.408391445,8.924365801142857,12.089985797142859
6588,5.724122858,5.558359972428572,17.48735705142857,3.384708555857143,2.343177150857143,8.957565769428571,12.839831667142857
6589,5.543420037428571,5.86024283,18.217994045714285,3.7050885301428567,2.321360020285714,8.940965728714286,13.699474524285717
6590,5.406114324142857,6.225679946571428,18.964519704285717,4.008394226571428,2.321360020285714,8.857491386857143,14.483231625714284
6591,5.268808610857143,6.352788464571428,19.393274124285714,3.8819970855714288,2.306894294428571,8.790854211428572,14.997120152857145
6592,5.31932005342857,6.734114188285715,19.98091405,4.328774243428572,2.3358257179999993,8.740817076714285,15.485871662857145
6593,5.297740034428571,7.194882778285715,20.409668242857144,4.842899981857143,2.3647571415714284,8.640742807285715,15.949486044285715
6594,5.326671457999999,7.639762761142857,21.013196832857144,5.306277123857143,2.393688565142857,8.457194309142858,16.564634695714286
6595,5.348251477,7.830425594714287,21.39428548857143,5.634957104428572,2.4155057097142856,8.307082905000001,16.733243145714287
6596,5.341137141571429,8.005199877714286,21.52139412,5.735979989571429,2.401039983857143,8.023460080857145,16.885014655714283
6597,5.341137141571429,8.021088428428572,21.537282782857144,5.837240000428571,2.386574258,7.873348676714286,17.07046049857143
6598,5.377182843999999,8.084642744000002,21.696168515714287,5.862377130571429,2.4010399838571423,7.823074416285714,17.112672034285715
6599,5.333785680428571,8.24352847642857,21.791500045714287,5.870677150857142,2.4081542770000004,7.756200115142859,17.31471757857143
6600,5.3624799784285715,8.402414208857142,22.077494410000003,5.878977114714284,2.408154277,7.739600074428572,17.56751186
6601,5.376945718428572,8.211751318714287,21.950386005714282,5.7106056771428575,2.357642848571429,7.823074303142858,17.432577515714286
6602,5.376945718428571,8.275305634285715,21.712057407142858,5.6095828484285715,2.357642848571428,7.8565115102857135,17.27250604142857
6603,5.391411458428571,8.179974217571429,21.29919165142857,5.525397129714285,2.364994281428572,7.906548644999999,16.910151558571428
6604,5.4492743055714294,8.259417083714286,21.362745854285713,5.559071406,2.379460007285714,7.789874391428571,16.943825665714286
6605,5.500022873857142,8.036977092285714,21.09287716714286,5.483422833285714,2.386811426,7.689800065571427,16.766917025714285
6606,5.485557190285713,7.750982785285714,20.48934857714286,5.239165640714286,2.423094282428571,7.556525771285714,16.000234215714286
6607,5.478442911285714,7.480877085428571,20.266908641428575,5.053719911,2.423094282428571,7.289502931285715,15.781114039999997
6608,5.435045747714286,7.528542793714286,20.187465774285716,5.112531317428571,2.4302085754285714,6.972442956571428,15.856999682857142
6609,5.420580007571429,7.417322769857143,20.346351505714285,5.061782749142857,2.4228571567142856,6.722257169857143,16.00023399142857
6610,5.449274305571428,7.401434219142857,20.473460137142858,5.154505613857142,2.437322868428571,6.505271464571429,16.244491297142858
6611,5.463740045571428,7.242548543285714,20.37812860714286,4.994434196571428,2.4517885802857142,6.171611449285714,16.00853418142857
6612,5.398762919428571,7.401434219142857,20.393780031428573,5.129131357857142,2.4373228685714285,5.704677167857143,16.016834144285717
6613,5.427694343,7.306102802285714,20.5367771,5.0447085415714294,2.3865743002857145,5.237505732571429,16.101019862857143
6614,5.514251488142857,7.274325644428572,20.45757124714286,4.918311428857143,2.3865743002857145,4.753734284857144,15.915574247142859
6615,5.535831507142857,7.131328519285715,20.267145425714286,4.699191479428571,2.3649942954285708,4.286562821285715,15.46903415857143
6616,5.680488681714286,6.940665685571429,19.80661390571429,4.598168622571429,2.408391430857143,3.8528285648571434,15.030794145714285
6617,5.788862971428571,6.734114244857143,19.63183951,4.168228617142858,2.4444371475714286,3.452531402428572,14.550579837142857
6618,5.933282963857143,6.734114244857143,19.64772817428571,4.066968634571428,2.473368571142857,3.30241997,14.432482659999996
6619,6.106634379857143,6.495785702857143,19.52085678142857,3.7382886258571433,2.5383457114285712,3.1523085658571426,14.179688378571427
6620,6.272871516857143,6.527562860714285,19.69539393857143,3.7382886258571424,2.574628568,3.035634284,14.449319714285716
6621,6.395711490142857,6.432231444,19.79048822857143,3.553080050142857,2.6180257175714283,3.1523085658571426,14.356596905714285
6622,6.706368619428571,6.321011476571429,20.060356917142858,3.3173600318571426,2.6974685697142857,3.3192571364285715,14.398571201428572
6623,6.90865140242857,6.273345768142858,20.55266553857143,3.2500114511428575,2.704820002571428,3.4193314058571427,14.744088405714288
6624,7.139865665571428,6.241568610285715,20.663885731428568,3.317597171571429,2.7408657051428564,3.5194057035714286,14.609154062857142
6625,7.269819917714285,6.019128618857143,20.39401727,3.2165743145714285,2.7626828498571427,3.4024942677142853,14.179451252857143
6626,7.450285669,5.892020044285713,20.060357368571427,3.149225733857143,2.7987285805714284,3.419094251857143,13.657025522857143
6627,7.536842814142857,5.876131437142857,19.695157377142856,3.0482028770000005,2.856354302,3.419094251857143,12.965991342857142
6628,7.551308554285714,5.907908538428572,19.091628788571427,3.2165743145714285,2.8708200138571427,3.2523828352857143,12.418191242857144
6629,7.442934264428571,5.86024283,17.868682945714284,3.275385749285714,2.9068657445714288,3.152308565857143,11.280617030428571
6630,7.218834336714286,5.796688514428571,14.660140081571427,2.988680037000001,2.928445735285714,3.152308565857143,8.06993987914286
6631,7.052597199714286,5.606025680857142,10.720959954285714,2.929631462571429,2.9573771871428574,3.202345700571428,4.379048532000001
6632,6.915291486428571,5.288491398285713,6.289234191428572,2.5755771732857147,2.978957177857143,3.419331434,0.0730086477142855
6633,6.6840771668571435,5.0660514068571425,1.8418568914285707,2.457717178142857,2.9934228897142856,3.736154311285714,-4.233031350857144
6634,6.496260010857144,4.986608597142856,-3.2251744471428574,2.6514628715714283,2.964728591857143,4.119851433,-9.086871449428571
6635,6.395237125714287,4.859500022428571,-8.355522977142858,2.4072057214285714,3.0152400061428573,4.637059974714285,-14.134457128
6636,6.323145720714286,4.748279998428571,-12.866454254285713,2.3230200025714285,3.0007742661428574,5.154031390857143,-18.642779965571428
6637,6.388122846857142,4.764168605571429,-15.661894208714285,2.5253028704285714,2.993659987285714,5.671002807,-21.432054158571425
6638,6.409939991571428,4.986608597,-17.440940001428572,2.4240428665714284,2.936034265714286,6.138174242285714,-23.2775
6639,6.323382846428571,5.288254329,-18.69566283142857,2.634862862571428,2.8637057067142857,6.505034226142858,-24.490960137142853
6640,6.280222864999999,5.447140061428572,-19.91884568714286,2.769559995714286,2.7842628404285716,6.4718342012857155,-25.68758310857143
6641,6.215245738857142,5.304142879714285,-20.919351370000005,2.432580009,2.7769114075714287,6.555071360857143,-26.64824851142857
6642,6.077940025428572,5.177034305142857,-22.063091132857146,2.4745542914285714,2.6830028437142857,6.621708536285714,-27.684799781428573
6643,5.962214274571429,5.049925730571429,-21.47545120714286,2.297645714857143,2.6614228530000004,6.521634266714286,-26.79171983
6644,5.846725705857142,5.097591439,-21.50722830857143,2.3061828608571426,2.6830028437142857,6.221411458285715,-26.581137082857143
6645,5.709419992428571,5.081702888285714,-22.158422437142857,2.3906057265714287,2.690117122714286,6.1713743235714285,-27.095262624285713
6646,5.637091461714285,4.970482864285715,-19.648739650142854,2.424280017,2.740865691,6.238248624571428,-24.466296805714286
6647,5.58634289342857,4.843374261428571,-17.933248173,2.314720028285714,2.791377105428572,6.855531464000001,-22.629388165714285
6648,5.557411469857143,5.065814252857143,-17.80637678014286,2.28934573,2.7987285382857143,7.272665764714285,-22.54496554714286
6649,5.550297190857142,5.192922827428572,-16.869188514428572,2.1883228729999997,2.834774255,7.48965147,-21.660185787142858
6650,5.521365767142858,5.5742485511428566,-17.806377233,2.491628590571429,2.8421256878571435,7.823311428857143,-22.696500045714284
6651,6.005374368857143,5.764911384857143,-15.773351642714283,2.702211450428571,2.892637130428571,8.207008522428572,-21.28905708857143
6652,6.510962989571428,5.907908510142858,-13.184463114714285,2.7780971630000004,2.972079996571428,8.490631346571428,-19.29183996142857
6653,7.0528344384285715,6.035017084714285,-13.597565996285713,2.6263257307142855,3.022591410857143,8.540668537857142,-20.22713144857143
6654,7.587354426142858,6.416342780142857,-12.644488840571427,2.895957165,3.0444085554285714,8.390557133714285,-19.814028454285715
6655,8.186851596571428,6.289234205428571,-8.657643146000002,3.039191444142857,3.1164999887142852,8.240445729571428,-16.249534136285714
6656,8.800814394,6.2256799464285715,-4.146711643142858,3.1065400107142858,3.210408566714286,8.106934309571427,-12.238262645571428
6657,9.48710583542857,5.971462797285715,0.840877056857143,2.9296314412857143,3.3040799907142855,8.056897174857143,-7.873174059142857
6658,9.588128607571429,5.701357097428572,3.6842199722857143,2.7022114150000003,3.2824999717142864,7.990260112571428,-5.083899867000001
6659,9.674922822428572,5.621914231285715,7.051648498571429,2.811534264,3.3258971071428576,7.823311542000001,-1.6711771157142858
6660,9.840922777714285,5.542471365142857,10.450854126,2.9464685581428576,3.296965683571429,7.823311542000001,1.6573600875714287
6661,9.494219889428573,5.240588507571429,13.16685128457143,2.727348552285714,3.1812399751428573,7.6729629557142855,4.733102895571428
6662,9.089891279571429,5.129368540142857,15.025339915714286,2.668299992,3.0152399638571423,7.63952574857143,6.974577214714286
6663,8.699791340714286,4.986371386714285,15.898974204285713,2.6599999999999997,2.812957110142857,7.756200002142856,8.247085756857144
6664,8.266531363571428,4.843374233285714,16.42305992857143,2.6514628540000005,2.6180256894285714,7.672725717,9.123328654714287
6665,7.890897108142858,4.6685999502857145,16.96303409,2.541902865285714,2.4662542784285715,7.705925685285714,10.050320064000001
6666,7.522377131142856,4.3826056715714286,17.137808485714288,2.364994295857143,2.249505713,7.705925685285714,10.606657197
6667,7.0312543065714275,4.176054259,17.12192004857143,2.314482867428571,2.1195514324285716,7.672488478142857,11.061734262285714
6668,7.053071451285715,4.144277157714286,17.503245715714286,2.306182861142857,2.097971441714286,7.722525612857145,11.415551429999997
6669,7.074651470285715,4.096611449285715,17.614465682857144,2.264208578714286,2.090620023,7.689088462428572,11.499974274285714
6670,7.219071462571428,4.112500028142857,17.75746275142857,2.2725085707142854,2.177414308,7.622451400142858,11.575622904285714
6671,7.291162867714285,4.207831473142858,17.852794054285717,2.281045716714286,2.1918800197142856,7.605851415857144,11.63467149285714
6672,7.320094291285714,4.3190514971428575,17.93223692,2.281045716714286,2.242391448142857,7.5057770900000005,11.659808622857144
6673,7.248002829714285,4.3190514971428575,17.805128288571428,2.255908572285714,2.2568571598571427,7.4723399395714285,11.592222944285712
6674,7.349262783999999,4.350828626714286,17.789239624285717,2.247371426285714,2.300017169571429,7.538977115000001,11.474363005714286
6675,7.341911379285714,4.334940047857144,17.61446545571429,2.205160004142857,2.364994309714286,7.572414265428571,11.289154401428572
6676,7.435819928999999,4.319051469000001,17.40791395857143,2.17978572,2.386574300428571,7.539214296999999,11.06149725
6677,7.363491341714286,4.430271493,17.10603115857143,2.1292742915714284,2.3936885792857145,7.439139971000001,10.783565837285712
6678,7.2406513118571425,4.223957206142858,16.740594155714284,1.808894289,2.466017152428571,7.422539986857143,10.556145811142857
6679,7.1972542047142865,3.9064228952857145,16.327491387142857,1.581237144142857,2.5454600185714282,7.422539986857143,10.328725898428571
6680,7.283811349714285,4.176528623285714,16.581708424285715,1.6149114345714286,2.60332288,7.339302883714287,10.573220104142857
6681,7.247528521571428,4.367191456857142,16.93125699,1.783520012,2.697231458,7.206028589428572,10.910200104142858
6682,7.218597097999999,4.3989685864285715,17.280805555714284,1.7920571580000002,2.7406285934285717,7.10595432,11.204968682714286
6683,7.110222808142857,4.430745716,17.61446568428571,1.8257314341428572,2.849002897285714,7.089117153714286,11.474600131285715
6684,7.074177105714286,4.557854290571428,17.99579135142857,2.1880857191428573,2.885048599857143,7.122317122142857,12.013862915428572
6685,7.052597143285714,4.8118342858571435,18.297674152857137,2.5758142882857142,2.9426743214285715,7.0388428368571425,12.418191468714285
6686,7.023902845428571,5.288254272571429,18.901439981428574,3.0057542867142857,2.899514311714285,6.972205717857142,12.78884569
6687,6.886597132142858,5.272365722000001,18.821997114285715,3.2248742784285716,2.9571400331428572,6.8887314325714275,12.763471434285714
6688,7.363491454857143,5.764911469857144,19.457302805714285,3.5786914174285718,3.0078886014285717,6.805257147285714,13.075314305714285
6689,7.876431423142857,6.336900027285715,19.981388528571433,3.907371383857143,3.0944457465714286,6.738620028428571,13.463042931428571
6690,8.367554303571428,6.877111483428571,20.55313979,4.0591428231428575,3.130728603,6.638545759,13.724374302857141
6691,8.779234261428572,7.051885766428571,21.220222807142854,3.9664199865714282,3.2464543255714284,6.555308655857142,13.699000047142858
6692,9.328219988571428,7.242548600142858,21.855528497142853,4.050605705428572,3.296965739857143,6.505271521142858,13.749748671428572
6693,9.869854255714285,7.433211490285715,22.427279759999998,4.075742863857142,3.3908743178571426,6.538708671714287,13.977405822857142
6694,10.317817098285714,7.464988591571429,22.887811281428572,4.008157157428571,3.4847828675714285,6.505271521142858,13.994242988571429
6695,10.158694240285714,7.290214308571428,22.633594245714285,3.738525737142857,3.470317155714286,6.438634345714285,13.791960092857144
6696,10.129762873142855,7.131328632714285,22.458819849999998,3.637265754571428,3.463202876857143,6.3385600197142855,13.404231467142859
6697,10.079251374285715,7.020108608714286,22.01417699285714,3.637265754571428,3.520828570142857,6.271922900714286,13.008202877142855
6698,10.086602835999997,6.924777135428572,21.680516864285714,3.5362428977142857,3.4703171558571424,6.2550857344285715,12.822994272857143
6699,10.028739988857144,7.115440025571429,21.75995973,3.6543400465714284,3.456088598,6.255085734428571,12.957691378571427
6700,9.963762918857144,6.988331451,21.696405527142854,3.519642885285714,3.5137142912857144,6.155011408428572,12.721734262857142
6701,10.01427441742857,7.290214365142857,21.998288328571427,3.6714143387142855,3.477668588857143,6.188448559,12.957691378571429
6702,10.057671467999999,7.226660049571429,22.045954092857148,3.8063485975714286,3.5137142914285713,6.255085734428571,12.848131402857144
6703,10.093717170857143,7.258437150857143,22.395502658571434,3.8400229020000003,3.5208285702857145,6.2216485839999995,13.117999864285713
6704,10.144228669714286,7.290214308714285,22.887811281428572,4.042305741571429,3.557111426857143,6.205048543285714,13.539165584285714
6705,10.15869435257143,7.623874380571428,23.253248511428573,4.193840012857143,3.585805696571429,6.104974273714285,13.72437418857143
6706,10.187625719714287,7.528542963714285,23.12613988142857,4.151628562428571,3.6000342544285715,6.021499988428571,13.522091292857143
6707,10.20920562542857,7.735094347857142,22.96725414857143,4.278025703428571,3.549522840142857,5.9045886091428565,13.623114177142856
6708,10.252602789714286,7.528542850428572,22.55415138,4.202139976714286,3.571102830857143,5.771077189142857,13.269297009999999
6709,10.202091403714288,7.607985716571429,22.57003981714286,4.008157129285713,3.5350571282857146,5.687602903857142,13.244159879999998
6710,10.057671355142856,7.576208615285715,22.299934117142858,4.050368551571428,3.455614262142857,5.704202944428571,12.923780032857142
6711,9.956648470285716,7.433211433428572,22.013939752857144,3.7721999852857144,3.3617057122857146,5.704202944428571,12.603637198571429
6712,9.891434275142856,7.131328519285716,21.584948321428577,3.5869914095714286,3.3185457307142863,5.6710029195714275,12.33400575
6713,9.826457206142859,6.972442786857144,21.648502750000002,3.4605942684285718,3.3114314518571435,5.704440070142858,12.300331529999998
6714,9.739900117714285,6.845334268857143,21.727945617142858,3.443757130285715,3.29696574,5.771314314714284,12.359380005714286
6715,9.689388619142859,6.702337143714286,21.807388482857146,3.1909628341428578,3.2393400184285714,5.871388584142857,12.409891504285715
6716,9.761717149714286,6.622894277571428,21.83916581142857,3.2248742642857144,3.2609200092857145,5.8381885592857135,12.418191468571427
6717,9.956885709714285,6.702337087142857,22.23638014285714,3.1321513994285715,3.3403628754285717,5.905062803857143,12.67952284
6718,10.123122903142857,6.765891402714286,22.935240262857143,3.2585485405714287,3.354828587285715,5.855025669142857,13.252459955714286
6719,10.347222831142856,7.035997102571428,23.93598295714286,3.3764085355714286,3.376408578142857,5.871625653428571,13.817097221428572
6720,10.650528498714285,7.401434219285713,24.809617019999997,3.4945056845714286,3.434271425285715,5.888225637571429,14.423945682857143
6721,10.9249028,7.528542737285713,25.302162654285716,3.5533171192857145,3.5137142631428575,5.838188502857143,14.676740078571429
6722,11.16323139857143,8.036976979142857,25.905928257142858,3.9073713981428573,3.5931571292857143,5.771551327571428,14.971745782857143
6723,10.83099425042857,8.132308395857143,25.04818240428571,3.974719978857143,3.5352942819999997,5.788151311857143,14.668440001428573
6724,10.397497148428572,8.227639812714287,24.063328147142858,4.202377130714285,3.499248579428571,5.854788487285714,14.29754854142857
6725,9.949534249285716,8.386525545142856,22.840382304285715,4.244588581142858,3.4558514157142852,6.021499932142857,13.412768554714287
6726,9.39319711642857,8.275305577714287,20.648470981428574,4.253125727142857,3.4269199919999997,6.2550856779999995,12.064611312285715
6727,8.641928549571428,7.750982728714285,16.947619721000002,4.109891448,3.2967285575714285,6.422034248571428,9.249962807571427
6728,7.934057089142857,7.480877029,14.34260551657143,4.0171685831428565,3.173888584285714,6.622182844,7.379142751428572
6729,7.240651368428571,6.9247770787142855,8.862708419428573,3.8148857435714283,3.029468592,6.888968558285716,2.769559959999999
6730,7.016551440714285,6.813557111285713,3.621139922285713,3.873934304,3.000774294142857,7.139154288285714,-2.4634714471428576
6731,6.850551429428571,6.336900027285714,0.015382797571428622,3.528417157142857,2.979194275142857,7.305865733142858,-5.952079897142858
6732,6.684551418142858,6.1621257442857145,-4.511437142428572,3.6211400219999996,2.9286828608571427,7.672962842571429,-10.266657097571429
6733,6.554597165857144,6.130348586428572,-9.085922735285715,3.7390000452857137,2.834774282857143,8.006622801428572,-14.884777092285715
6734,6.619811474142858,6.225680003142857,-9.228919874714284,3.739000045285714,2.820545725,8.323445707000001,-14.910151404714286
6735,6.6126971952857145,6.416342893285715,-13.152211226,3.806585751714285,2.827897129571429,8.657105665857143,-18.96339727571429
6736,6.590880050571428,6.511674310142857,-14.20061968457143,3.9076086085714286,2.8423628414285713,8.907528521571427,-20.075597175714286
6737,6.569300031571428,6.305122869428572,-14.629611116000001,3.469368610857143,2.7844999799999997,9.191151402285714,-20.45478837285714
6738,6.5259029244285705,6.511674253571429,-17.28205407271429,3.503042887,2.690591416142857,9.441574201571427,-23.016642538571432
6739,6.403062951,6.0352542385714285,-15.947888319285715,3.0899400125714287,2.6543085597142855,9.524811417714288,-21.474502477285714
6740,6.280222921285714,5.701594223285714,-14.74083125357143,2.9635428432857145,2.647194266714286,9.524811417714286,-19.999711081571427
6741,6.121100063285715,5.669817122142857,-15.074491269000001,2.8876571307142855,2.6398428338571427,9.558248511714286,-20.370365302142854
6742,5.947748647285715,5.272602791142857,-14.16907987757143,2.7022114292857142,2.5893314195714288,9.674922821714286,-19.18227953357143
6743,5.868305781142858,5.542708490857144,-14.677514176142859,2.735885705571429,2.5893314195714288,9.908271441714287,-19.61221992071429
6744,5.81779433857143,5.7333713809999995,-14.470962906142855,3.0982400047142855,2.6543085598571428,10.225331416714287,-19.22472876071429
6745,5.767282895999999,5.7333713809999995,-13.994542947571428,3.148751447285714,2.740865719142857,10.642228647714285,-18.643254555
6746,5.817794282142857,6.003239955142858,-15.773588571000003,3.4691314568571423,2.8347742971428573,11.025925797285714,-20.547748873428567
6747,5.8901228692857135,6.193902845285714,-16.424782811,3.3764086202857135,2.9431486010000003,11.442823028285716,-21.272457386285712
6748,5.8901228692857135,6.336899970428571,-18.219479887142857,3.646040054571428,2.986545736285714,11.809920137142857,-23.143277371428574
6749,5.940634255428571,6.4798971521428586,-17.75894848,3.654577200571428,3.037057150571428,12.07694297714286,-22.932457160000002
6750,5.933519976428571,6.098571485000001,-15.725685650714286,3.435457194714286,3.087568564857143,12.06034293714286,-20.968914140000003
6751,6.005611438,5.749022862428572,-13.629105518000001,3.258548611142857,3.102034276714286,12.01030580142857,-18.938022679999996
6752,6.070588564142858,5.383585745857142,-10.912871120142858,3.1489886082857135,3.094919969571429,11.810157149999998,-15.912791371714283
6753,6.085054304142857,5.463028612142858,-7.291225444714286,3.0140543212857147,3.0299428151428573,11.660045632857145,-12.019617016285713
6754,6.106634323142857,5.367697195285714,-3.3043797790000005,3.0477285974285713,2.9720799397142863,11.526771282857144,-7.991508487142858
6755,6.142917151428572,5.367697195285714,0.6983544381428575,2.9213314564285717,2.9360342372857144,11.426697014285716,-4.039285656571429
6756,6.309154344857143,5.367697195285714,4.2246685838571425,2.9464685865714286,2.9576142562857144,11.443297055714286,-0.4833286542857143
6757,6.4896200397142865,5.288254329,7.8619656845714285,2.971842870714286,2.885285697285714,11.593408459999997,3.0643284970000004
6758,6.706368619285714,5.304142936142858,11.149951344714285,2.9042571501428576,2.8347742830000002,11.743519864285714,6.156908584142857
6759,6.930231477714286,5.415362960142858,14.024834236857142,2.8620457137142856,2.755331430857143,11.89363126857143,8.449131414428571
6760,7.197491443428571,5.129368653142857,15.295445731428572,2.68513713,2.7626828637142853,11.910468435714284,9.317311360428572
6761,7.428705706571429,4.843374346142857,16.073748604285715,2.4745542701428573,2.7266371612857143,11.810157040000002,9.78068855842857
6762,7.681500045142856,4.589157197,16.534280124285715,2.314482824571429,2.7266371612857143,11.559734240428572,10.092531429285714
6763,7.7969885574285716,4.446160015285714,17.04247741,2.1966228295714285,2.654545728,11.376185629000002,10.46342288842857
6764,7.898248624857144,4.605045747714286,17.407914639999998,2.1038999788571426,2.762920017857143,11.159437049,10.657168694285714
6765,8.021088541714285,4.6050457477142865,17.61446613714286,2.0619256964285713,2.820545739285714,10.842377074714287,10.783565834285714
6766,8.114997091428572,4.620934298285714,17.852794735714287,2.0282514202857143,2.9433857550000004,10.592191400428572,10.918263052857142
6767,8.122111426857144,4.652711456,18.01168024142857,2.0536257044285713,2.9938971692857144,10.475279964714288,10.985611605714285
6768,8.107645743285715,4.779820030571429,18.075234442857145,2.0789999885714283,2.9938971692857144,10.375205696142858,11.061497248571428
6769,8.071599927714285,4.779820030571429,18.011680014285712,2.0872999948571427,2.972080024571429,10.492117131428571,11.044660081428573
6770,8.028202820571428,4.748042929285714,17.868682945714284,2.0787628488571426,2.979194303571429,10.308568632857142,10.943637195714286
6771,7.955874176714285,4.541491488428572,17.646242784285715,2.0536257044285717,2.906865716285714,10.208494363285714,10.817240055714285
6772,7.796988500857141,4.525602881285715,17.439691287142857,2.0367885662857144,2.878171418428572,10.158457228714285,10.674005748571428
6773,7.630751363857142,4.414382885571429,17.09014272,2.003114275857143,2.762445695857143,10.10842009442857,10.438048519857144
6774,7.551308497714286,4.4302714362857145,16.740594154285713,1.9862771377142858,2.7190485605714287,10.141857301571429,10.227465660285715
6775,7.392422765428571,4.271622857857143,16.422822689999997,1.9103914251428573,2.7550942629999997,10.208731601571428,9.957834211285714
6776,7.226185684999999,4.160640015999999,16.263936957142857,1.8430428514285715,2.7984913984285718,10.058620084857141,9.814599904428572
6777,7.052834269,4.0655457248571425,15.882848302857141,1.767157145857143,2.7984913984285713,9.958545702285715,9.586942753142855
6778,6.9228800168571425,4.113211433285714,15.62863126714286,1.7754571380000002,2.784262840571429,9.891671401142858,9.561805508857145
6779,6.872368630714286,4.065545753142858,15.311097041428571,1.851105710857143,2.784262840571429,9.958308577142859,9.401734035428571
6780,6.901300054285714,4.287985772857143,15.231654175714285,1.9352914297142856,2.8999885631428577,9.991745671428573,9.342685559857143
6781,6.850788611714286,4.558091472714286,15.533537202857143,2.1963857040000003,2.957851410285714,9.858234194285714,9.73871414942857
6782,6.923117198857144,4.764405759571429,15.97841729857143,2.3818314195714287,2.9649656892857137,9.641248376428573,10.151579905571428
6783,6.865254351571429,5.097828592857143,16.089637492857143,2.6346257087142857,2.928919986714285,9.607811282428571,10.648631379571428
6784,6.858140072714286,5.510694292285715,16.756720284285716,2.9464685582857135,2.907339996,9.691285624285715,11.322828506571428
6785,6.764231466428571,5.828465700571429,17.28104302,3.3173599894285712,2.8494771345714285,9.64124848957143,11.929439956571429
6786,6.619574292,6.479897152428571,18.186217171428574,3.7387628348571433,2.8205457110000003,9.391062702285717,12.932317121428571
6787,6.36678001,6.734114245142857,19.05985146142857,4.193839956428571,2.697705695285714,9.124039862142856,14.002542725714287
6788,6.15738289142857,6.924777135285715,19.409400027142855,4.404659970142857,2.6398428481428566,8.907291282714285,14.55864278857143
6789,5.926168571857143,7.369657174714286,19.726934252857145,4.876574258142857,2.5893314337142854,8.840654220428572,15.207465547142858
6790,5.8251456867142855,7.401434332428572,19.949374187142862,5.053482841857142,2.5748657219999997,8.740579950999999,15.291888392857143
6791,5.702305656857143,7.671540032285714,20.155688445714283,5.398999988857143,2.610911424428571,8.607068474428571,15.679617132857143
6792,5.629977126142856,7.893980023714286,20.13980000714286,5.4158371551428575,2.661422853,8.590468546857142,15.713528478571428
6793,5.507374278428571,7.703317133571429,19.75871157857143,5.2726029041428575,2.6903542765714286,8.423757158571428,15.342637018571429
6794,5.4857943158571425,7.798648606857142,19.45706579,5.213791497714287,2.733751426142857,8.290245738714287,15.039331462857144
6795,5.500259999428571,7.830425708,19.441177127142858,5.188417185428571,2.7482171378571425,8.139897152428572,14.912934322857144
6796,5.608634289285716,7.830425708,19.29841729857143,5.154505727,2.748217137857143,7.956348541142857,14.744562884285715
6797,5.709657174428571,8.116420015000001,19.52085723428571,5.221854279428571,2.8058428592857143,7.722762795142858,14.896097041428574
6798,5.738588597999999,8.116420015,19.42576294285714,5.070082825857143,2.791377147571428,7.539214240571428,14.803374005714288
6799,5.760405742571429,8.195862881142856,19.790962934285712,5.2723656654285715,2.798728580428571,7.472577065142857,15.064468477142855
6800,5.832497147714286,8.259417140142856,19.838628699999997,5.263828519428571,2.7913771475714286,7.539214184,15.030794257142857
6801,5.810680003142856,8.354748556999999,19.822740035714286,5.331177071857143,2.776911435857143,7.572651334428571,15.047631197142854
6802,5.8756571858571425,8.513634289428571,19.933722990000003,5.499785691571428,2.812957166714285,7.606088484857141,15.37631112
6803,5.825145743142857,8.402414265428572,19.71128282857143,5.306039997999998,2.8347743114285713,7.689562826714286,15.039094107142857
6804,5.818031464285714,8.481857131571429,19.72717149142857,5.306039998,2.8203085714285714,7.856511397285714,15.089605607142857
6805,5.926405754142857,8.275305747285715,19.72717149142857,5.398762862857143,2.8926371585714286,7.939985682428571,14.920997157142859
6806,5.962451456714286,8.195862881142856,19.56852299857143,5.137431434714286,2.899751437428571,7.706399993000001,14.65136570857143
6807,5.984268601285714,8.164085779999999,19.901945661428567,5.280902867857143,2.8997514374285713,7.556288588857142,15.022257055714286
6808,6.035017169571427,8.036977148857142,20.060831394285714,5.171342893285714,2.942911418857143,7.422777169,15.06446859142857
6809,5.9916200058571425,7.592097166,19.711519841428572,4.80898858,2.9068656880000003,7.422777169,14.415645832857141
6810,6.0132000248571424,7.560320008142857,19.918071338571426,4.851200002285714,2.913979967,7.305865676714285,14.634765895714285
6811,6.0132000248571424,7.337879960285713,19.997276967142856,4.741640027571429,2.892399976285714,7.205554225142856,14.719188739999998
6812,5.947985772999999,7.337879960285713,20.076719834285715,4.387822916857144,2.805605677285715,7.1389171062857155,14.710651537142857
6813,5.984031475571428,6.972442843571428,19.933722538571427,4.219214353571429,2.791139965571429,7.12207994,14.500068677142858
6814,6.056122937142858,6.829445661714286,19.838628474285713,3.957882897142857,2.7766742537142863,7.005405629857142,14.339997202857143
6815,6.243940093,6.543451411285715,19.901945664285712,3.8651600322857145,2.755094263,6.9053313602857145,14.255811371428573
6816,6.446222932571429,6.654671378714285,20.029054295714285,3.8397857481428574,2.740628551285714,6.705182821428572,14.28094850142857
6817,6.619574348571429,6.495785646428572,19.552397098571426,3.4942686152857148,2.733514272285714,6.722019987714285,13.716311235714285
6818,6.785574303285713,6.257457104285714,18.93298007142857,3.351034307857143,2.7550942629999997,6.7720571788571435,12.873505544714286
6819,6.987857142857142,6.146237080285714,18.488100201428573,3.410082868142857,2.8200714174285713,6.938768567142858,12.300568428999998
6820,7.118048577285713,6.432231330714286,18.392768898571425,3.6882514061428573,2.87058286,7.2558285982857145,12.232982639
6821,7.248002829571427,6.321011363285715,17.535023045714286,3.8146485754285715,2.942911419,7.522614312571428,11.078334134428571
6822,7.233537089571428,6.368677071714286,15.438443082714286,3.696551426428571,3.0078885732857144,7.789637209142858,9.055742815285713
6823,7.132277078714286,6.289234262142857,12.309343098,3.780737145285714,3.0584000158571425,8.189934286857142,6.047348448
6824,6.987857086428572,6.241568553714286,9.482125971285713,3.780737145285714,3.1233771420000003,8.356645675142856,3.418145615571429
6825,6.720597120857143,6.178014238285714,8.036740136714286,3.7470628691428565,3.0873314394285716,8.506994205,2.187848492
6826,6.496734262285714,6.225679946714285,4.637534396000001,3.4940314402857138,3.0946828440000003,8.573868506142857,-0.8795943522857141
6827,6.431519954,5.860242830142858,1.6673200304285716,3.241237186428571,3.080217132142857,8.607305600142857,-3.8372400961428568
6828,6.316031385285713,5.955574247,-1.1283570637142857,3.030654298428572,3.0439342757142853,8.874328440142857,-6.449605818714287
6829,6.258168538142856,5.876131437285714,-1.7795513687142857,2.955005725714286,3.0439342757142858,9.207988342571428,-7.10696584342857
6830,6.316031441857143,5.907908538571428,-3.622151421142857,2.8539828687142856,3.0512856802857145,9.441574089,-9.045134269
6831,6.344962865428572,5.828465672428572,-4.734114308714285,3.030891438285714,2.9789571212857147,9.525048430857144,-10.384991320857143
6832,6.460688559857144,6.035017113142858,-7.815548641285715,2.853982854571428,3.0294685638571432,9.374699901,-13.51978267057143
6833,6.417291396285715,5.939685696285714,-9.626134296285715,3.241711416571428,2.993185707428571,9.407899869285714,-15.35669131057143
6834,6.236825701428572,6.003240011857143,-12.326480086428573,3.064802832857143,2.964491409571429,9.507974138714287,-17.851197038142857
6835,6.077940025571428,5.828465728857141,-14.454837263714285,2.946705698,2.9284457070000003,9.491137085428573,-19.873551408142855
6836,5.947985716714285,5.812577121714285,-17.63160294857143,2.9044942757142853,2.906865688,9.407662856571429,-22.789222854285715
6837,5.738588541714285,5.892019987857142,-18.15568867142857,2.6348628414285713,2.8995142834285708,9.257551452000001,-23.10106583714286
6838,5.6157485682857144,6.003240011714285,-19.251525657142857,2.5001657082857145,2.978957149571429,9.407662856,-23.87628585
6839,5.5434199809999996,6.019128562285715,-19.632851324285717,2.6856114379999996,3.000774266,9.908271442,-24.30598877285714
6840,5.615748568142856,5.971462853857143,-19.061100062857143,2.3232571529999997,3.123614267571429,10.258768624142858,-23.88482305285714
6841,5.774634300428572,6.082682821285714,-17.726934252857145,2.592888573285714,3.2680342598571426,10.525554338000001,-22.881945887142855
6842,5.904588552714285,6.416342836714286,-16.059108539857142,2.8793571457142852,3.4124542521428576,10.675665742285714,-21.213408684285717
6843,6.056122824,6.607005726857143,-14.407171378714285,3.1153142897142865,3.462965694857143,10.842377186857144,-19.81450293142857
6844,6.193428537428572,6.511674309999999,-12.818788532571428,3.3764085780000004,3.513477109142857,10.875814280857144,-18.306037202857144
6845,6.236825644571428,6.654671435285714,-10.86520580842857,3.334197141571429,3.527942821,10.742302804428572,-16.494265806285714
6846,6.2946885482857144,6.432231444,-8.720722955285714,3.207799986428572,3.5568742728571427,10.492117017714287,-14.235954433571427
6847,6.287337143714285,6.543451411571428,-6.798680036857142,3.2414742768571427,3.4992485795714288,10.158457002,-12.154314462571426
6848,6.323382846285715,6.273345711714286,-4.463771476285715,3.005517147,3.4124543087142856,9.808197059428574,-9.668345854
6849,6.345199991,5.923797145714286,-1.9540885757142852,2.811771425285715,3.369294327285714,9.641485614428571,-7.115028663714287
6850,6.330734307428571,5.749022862714286,1.047902834571429,2.676837138142857,3.4053400297142855,9.341262693285714,-4.1066343515714285
6851,6.366780009857143,5.733134312142858,4.081671458428572,2.5758142812857145,3.3692943271428573,9.191151289142857,-1.174125795142857
6852,6.670085791142857,5.574248636285715,7.083662868571429,2.6431628478571425,3.3837600389999998,9.191151289142857,1.5392627555714284
6853,6.857902890571428,5.637802951714286,9.847325849714286,2.735885698571429,3.3837600389999998,9.174314235857143,4.117954201428572
6854,7.139628596285713,5.574248692571429,12.674543032714286,2.8371456952857144,3.3330114707142857,9.257551452,6.5785485832857145
6855,7.349262897,5.669580109428572,14.62836305214286,2.8454456872857143,3.2896143071428567,9.407662856,8.331271420428573
6856,7.544194331857143,5.574248635999999,15.978417300000002,2.8454456872857143,3.2243999988571423,9.591211466714284,9.426871392999999
6857,7.7682943159999995,5.4789171627142865,16.899717354285716,2.668537117857143,3.123377142,9.874834347857144,10.16841712942857
6858,7.891134345857142,5.320031430285715,17.58268881,2.6770742638571434,3.0657514205714285,10.15822010257143,10.749891391571428
6859,7.717782873428571,5.097591410571428,17.82101740857143,2.576051421142857,2.9068657022857143,10.358368754714288,11.087108518571428
6860,7.645454342714285,4.843374261428571,18.01168024142857,2.4579542862857147,2.7335142581428573,10.508480159000001,11.280854211428572
6861,7.558897197571428,4.589157112285713,18.01168024142857,2.348394297428571,2.646957098857143,10.541917252857145,11.390414185714286
6862,7.508385698428571,4.446159987,18.059346007142857,2.323257167285714,2.6037971174285715,10.558517294285716,11.46629994
6863,7.486805679428571,4.462048594142857,18.05934600714286,2.247371454714286,2.5606371360000004,10.475042952857143,11.508274237142858
6864,7.436057167714286,4.414382885714286,17.868683172857143,2.2642085928571425,2.510125721714286,10.391568724285715,11.466062814285715
6865,7.399774282999999,4.3349400195714285,17.77335164285714,2.1797857342857143,2.517240000571429,10.30833150857143,11.381877095714286
6866,7.471865688,4.414382857571429,17.725685877142855,2.171248588285714,2.6037971315714286,10.241694332857142,11.289154287142859
6867,7.544194218714286,4.509714274428572,17.58268858285714,2.171248588285714,2.65430856,10.175057157142858,11.145920092857143
6868,7.616285680285715,4.557379982857143,17.312582882857143,2.1458742899999996,2.762682835714286,10.158457116571428,10.884588608428572
6869,7.644980034714286,4.589157084142856,16.978922754285716,2.1121999995714282,2.8276599617142857,10.108419981285715,10.589582904285711
6870,7.536605745000001,4.335177089,16.645262851428573,1.8594057174285712,2.8926370877142853,9.991745671285715,10.26090298
6871,7.464514283428572,4.065308543142857,16.518154220000003,1.6739600054285713,2.9720799255714287,9.808434185142858,10.126205762857142
6872,7.4358200420000005,4.208305668285715,16.597597085714288,1.884780005,2.9576142138571435,9.641485614428571,10.429511544285715
6873,7.349262896857143,4.319525692142857,16.835925684285716,1.9692028635714285,2.9289199441428573,9.491374210428573,10.741354414285713
6874,7.2624686259999995,4.557854290714286,17.074254282857144,2.0787628522857142,2.9649656608571426,9.34126280642857,11.129082927142857
6875,7.146980000857143,4.764405731428572,17.535022817142856,2.238834297857143,2.972079968,9.241188537,11.592697307285714
6876,6.973628528428572,5.225174321428571,18.107011544285715,2.6348628874285716,2.9286828327142858,9.191151402285714,12.393291575714287
6877,7.002560008428572,5.765148567,18.90120296857143,3.165825749857143,2.921331428142857,9.207751442999998,13.177048564285716
6878,6.872605699714286,6.416342836571429,19.71128283,3.679951456428572,2.841888590285714,9.240951411285712,14.044991498571429
6879,6.800277112571429,6.7023371435714285,20.410142949999997,3.8231857357142855,2.834774311285714,9.224351483714287,14.52544282
6880,6.800277112571428,7.274088575428571,21.31555434142857,4.3792857142857144,2.8852857255714284,9.174314349000001,15.393385528571429
6881,7.327682821571428,7.814062792857143,22.888048524285715,4.960760005285715,3.029705717857143,9.140877141857143,16.19397991
6882,7.818805645428571,8.767139947999999,24.50820869714286,5.668631409,3.1020342768571427,9.124039975428571,17.39060276857143
6883,8.324394265857142,9.338891436142857,25.68348854857143,5.997311389571428,3.253805702,9.090839894,18.03942564
6884,8.765005704428573,10.005974341,26.588899938571426,6.3511285285714285,3.33324854,9.074239853285714,18.477665765714285
6885,9.227197104857144,10.450617254714286,27.367202924285714,6.637597086999999,3.4703170994285713,9.057639925714286,18.77267135714286
6886,9.667808486285713,11.070034451285716,28.209059885714282,6.940902811571427,3.5784542352857147,9.14111415442857,19.269722944285718
6887,10.043442798285714,11.387805915857143,28.47892857285714,7.033625676428571,3.621851399,9.224588383142857,19.31169724
6888,9.913251420285714,11.387805915857143,27.891288647142858,6.974577087857142,3.5713399847142857,9.274625517857144,19.016691422857143
6889,9.804877187285715,11.149477317285717,27.366965685714288,6.730319951714286,3.5208285704285713,9.308062725000001,18.544777191428572
6890,9.739900004857143,11.133588654428573,27.57351718285714,6.780831394285714,3.470080002142857,9.408136994428572,18.747059974285715
6891,9.674685696142857,10.895260056142856,27.494074317142857,6.671271363142858,3.455614290285714,9.37469990042857,18.822945615714286
6892,9.667334348142857,10.831705740428573,27.41463145,6.637597086857143,3.4269200205714285,9.424737035142856,18.856619948571428
6893,9.638402981142857,10.577488591857144,27.271634608571425,6.7639942280000005,3.4198057417142858,9.357862734,18.78073408
6894,9.681563019142857,10.434491410428572,27.49407476857143,6.637597086857143,3.383522885285714,9.357862734,18.88199409142857
6895,9.667334348142857,10.656931458857143,27.970494725714286,6.763994227857142,3.3619428944285716,9.37469990042857,19.278022681428574
6896,9.645754329142857,10.434491411285714,27.795957568571428,6.679571383428571,3.3761714522857145,9.424737035142856,19.11771396857143
6897,9.616822962142857,10.386825758428571,27.637071835714284,6.679571383428572,3.333011442571429,9.391299941142858,18.915431185714286
6898,9.588128607571429,10.57748859242857,27.780068904285713,6.8818542794285715,3.29696574,9.507974251285715,19.185062634285714
6899,9.653342802714286,10.799928528142857,27.923066199999997,6.87355431557143,3.2896143071428567,9.574611426714284,19.252411298571435
6900,9.674922821714285,10.958814146714287,27.859511771428572,6.797668616999999,3.2825000281428567,9.708122903142856,19.193600062857143
6901,9.703854188714287,10.704834123,27.367202924285714,6.704945752142857,3.3043171727142857,9.941471523142857,18.982780077142856
6902,9.754365687857144,10.434728422714285,27.30364872285714,6.502662912571429,3.3258971635714287,10.10818296742857,18.87322010142857
6903,9.718319985285714,10.720722786,27.76418001714286,6.730320064428573,3.275385749285715,10.241694443428571,19.353671535714284
6904,9.689625630857142,10.403188447142858,27.28776005857143,6.4521514699999996,3.275385749285714,10.358368753714286,18.991317278571426
6905,9.754602814142856,10.212525613142857,27.20831741857143,6.25840572,3.297202894,10.458443023285714,18.75536016285714
6906,9.776182832714285,10.053639993142857,27.30364849571428,6.115171412571429,3.326134317571428,10.425242941857144,18.730223032857143
6907,9.913488546428571,9.942420025999999,27.923065748571425,5.997311417571429,3.347714308285714,10.391805848,19.100877252857142
6908,9.942420025999999,10.101068632571428,28.526594564285713,5.997311417571427,3.3332485682857143,10.208494362714285,19.34537157142857
6909,10.057908594428572,10.180511498571429,28.876143355714284,6.031222876000001,3.3116685774285712,10.125020134571429,19.572791485714284
6910,10.332282896142857,10.212288599999999,29.33667465,6.090271408142857,3.376645703571429,9.99150865857143,19.9097716
6911,10.650054361428573,10.196400049428572,30.194420275714286,6.065134277857142,3.434271425142857,9.808197172857144,20.356311462857143
6912,10.924428661428573,10.355285782,30.845614177142856,6.141020032857143,3.4703171277142855,9.691522862571428,20.70182855285714
6913,11.112245874285716,10.371174331999999,30.89327994142857,6.208368585285713,3.470317127714286,9.624648561428572,20.60056854285714
6914,11.285597290000002,10.323508680571427,30.16264272,6.0229228557142855,3.5137142631428566,9.608048520714286,19.741162698571426
6915,10.953360142285716,10.387062996285715,29.018902504285712,6.149319996857143,3.5063628585714284,9.741322871714287,18.97424265
6916,10.389908674714283,10.164860074142856,27.462296532857142,6.123945684571429,3.4484999831428573,10.074982774142857,17.996739854285714
6917,9.710968637428573,9.751994431428571,25.079722489999998,5.854077110428571,3.3619428380000005,10.458679924428571,16.286228354285715
6918,8.959700069428573,9.51366588942857,21.553408231714283,5.845539964428572,3.304317116428572,10.909014250142858,13.615051296857144
6919,8.15792006,8.798917332285715,16.963034145714282,5.424137090714287,3.217522845571428,11.276111359000001,9.738714221285715
6920,7.478980023571429,8.163611585571429,13.103297125285712,5.145968524571429,3.167011403,11.676645675428572,6.410177018285713
6921,6.735062860714285,7.6077487040000005,8.767139906142857,4.926848518571428,3.0731028250000003,12.093779920000001,2.769559932285715
6922,6.540131425857142,6.893000090428572,4.526314216000001,4.505445673142857,3.087568536714286,12.394239854285715,-1.4186199019999999
6923,6.489620039714285,6.670560155571429,0.26936285028571455,4.176765664285714,3.138079979285714,12.461114155714284,-5.530914093428572
6924,6.525665742285716,6.432231557000001,-3.6380400625714286,3.865159975714285,3.1596599982857145,12.444514114285713,-9.609534177714286
6925,6.554597166,6.289234375285715,-6.2748314814285715,3.637739977714286,3.1741257382857144,12.561188424285715,-12.339997091714286
6926,6.619574292142857,6.543451468000001,-8.133082845428572,3.8736971217142857,3.138080007571429,12.777937004285715,-14.092719900428571
6927,6.583291407428571,6.479897209000001,-10.372659947857144,3.8736971217142857,3.065751448571429,12.978085542857142,-16.08139982457143
6928,6.525428560142857,6.670560042571429,-12.040485547285714,3.974719978714286,3.043934332142857,12.978085542857142,-17.783611247142858
6929,6.474679991857143,6.622894334285713,-13.08889412,3.7472999807142853,2.9210943305714285,12.978085542857142,-18.609342758571426
6930,6.351839962142857,6.273345711714285,-12.53303129542857,3.620902839571429,2.863468609142857,12.978085542857142,-17.97735716714286
6931,6.1353285647142854,6.066794270857143,-13.755976912571429,3.3090599830000005,2.8058428875714285,13.04472271857143,-18.92118563
6932,5.911465706142857,5.971462854,-14.994811305428572,3.1404514055714285,2.7335143004285714,12.94464844857143,-19.923825555714284
6933,5.745465751285714,5.494805741571428,-15.836668493999998,2.6685371175714283,2.769560031142857,12.76109995,-20.614859962857143
6934,5.586580075428571,5.4630285837142845,-16.71030278257143,2.550677122571429,2.784025743,12.827737125714284,-21.40715438
6935,5.456625766714285,5.288254300714286,-16.53552861257143,2.2810456882857144,2.755331445142857,13.127959932857143,-20.968914254285714
6936,5.326671458,5.335920009,-14.248285731285716,2.3989056832857143,2.8060800134285713,13.42818274,-18.643017090571426
6937,5.2545800528571425,5.590137158285715,-15.646005630142856,2.6348628272857146,2.7916143015714283,13.778442795714286,-19.982874256285715
6938,5.261694331857143,5.733134283571429,-14.645262935857142,3.005517118571429,2.8060800134285713,14.11210281142857,-19.089557066285717
6939,5.3771829005714284,5.653691417428571,-13.326985677285714,2.9296314059999995,2.8421257441428573,14.462599994285712,-17.951982796285712
6940,5.406114324285714,5.892019987714285,-11.865711461571427,3.0560285471428577,2.813431446285714,14.713022907142856,-16.654337052
6941,5.4568628925714275,5.876131380571429,-9.848574309,2.8874199838571433,2.820782879142857,14.66298577285714,-14.80889132342857
6942,5.572351461285715,5.780799963714285,-8.53029716257143,2.887419983857143,2.820782879142857,14.512874482857143,-13.401448593428572
6943,5.666260011,5.6060256807142865,-8.943162890142856,2.7778599951428578,2.842362869857143,14.379363119999999,-13.814551475000002
6944,5.789099984285714,5.240588564,-6.385814380857142,2.3901314331428574,2.8568285817142853,14.162377414285714,-11.151674281714287
6945,5.868542850428571,4.938705706428571,-3.2408256764285706,2.1204999988571425,2.8568285817142858,13.94539170857143,-8.050794372714284
6946,5.904588553000001,4.732391447714286,-0.07994853357142898,2.0782885695714284,2.813668572,13.678368754285714,-4.890628664285714
6947,5.998497102714287,4.430508590142856,2.9061543249999997,1.9182171451428573,2.7847371484285715,13.511420070000002,-1.8148858007142852
6948,6.1355656338571425,4.208068627,5.876605645285714,1.909679999,2.755805724857143,13.394745760000001,1.1261599022857138
6949,6.258405663714285,3.953851477857142,8.910374268857142,1.8337942862857144,2.7124085752857146,13.261234282857144,3.8646856965714287
6950,6.439108540714285,3.8744086117142857,11.769368553714287,1.7496085674285713,2.647431435,13.161160012857144,6.409702810142856
6951,6.677437139285714,3.779314320571429,13.913614380142857,1.665422852142857,2.582217154857143,13.027885662857145,8.187799959714285
6952,6.800277112571428,3.541222904142857,14.961785714285716,1.497051425,2.495422869857143,12.827737011428571,9.148465730714287
6953,6.923117142428572,3.5253343252857143,15.835420002857143,1.4550771425714288,2.4446743015714287,12.677625608571429,9.92368568657143
6954,7.118048577285713,3.4779057425714277,16.613722988571432,1.3791914282857145,2.4662542922857145,12.510914164285714,10.420974230142857
6955,7.211957183571428,3.414588581,17.010700081428574,1.3118428582857145,2.4444371475714286,12.343965592857144,10.741117177142856
6956,7.298751454285714,3.367159998285714,17.249028680000002,1.2444942882857142,2.4878342971428573,12.093779920000001,10.892888574285715
6957,7.320331473285714,3.3356199944285714,17.28080578,1.2359571492857142,2.4878342971428573,11.810157040000002,10.985611495714286
6958,7.233537202571428,3.367397124,17.36024842,1.2527942908571428,2.473368571285714,11.57657140714286,11.086871505714287
6959,7.211720058,3.4309514112857142,17.535022815714285,1.2947685768571426,2.466254278285714,11.476497137142859,11.238642902857142
6960,7.103345768142858,3.3197314155714284,17.439691285714286,1.303068576,2.401277124,11.37642286714286,11.25548007
6961,6.8794829097142856,3.224399998714286,17.217251124285717,1.3284428618571429,2.2784371224285715,11.242911504285715,11.25548007
6962,6.713482898428572,3.1608457114285717,17.010699852857144,1.3538171460000001,2.1989942562857143,11.176274442857144,11.221805738571428
6963,6.503848597857144,3.2559400025714287,16.677039724285716,1.455077146142857,2.068802821857143,11.142837235714286,11.112245762857142
6964,6.409939991571428,3.319257136,16.343379822857145,1.5646371421428573,2.0254056865714287,11.042762965714287,10.893125699999999
6965,6.279985682714285,3.4143514271428574,15.97794282,1.699571429285714,1.9967114027142858,10.99272583,10.65716858442857
6966,6.200542872999999,3.541222847857143,15.612742828571431,1.9103914290000001,2.0038256957142857,10.775977250857144,10.446585724
6967,6.0995199878571436,3.811091422,15.390540132857144,2.154885704857143,2.0256428402857143,10.592428639428574,10.328488659714283
6968,5.991145698000001,4.4463971128571425,15.469983000000001,2.601425729857143,2.047459984857143,10.558991432285714,10.589583018285714
6969,5.832259965571429,4.922817099571428,15.469983000000001,3.0565028691428573,2.047459984857143,10.47551708942857,10.825540133999999
6970,5.651794270714285,5.0817028319999995,15.581202967142858,3.283922867142857,2.047459984857143,10.442079995142857,11.213268646857143
6971,5.4061142675714295,5.3359200094285715,15.819531565714286,3.5030428588571425,2.0185285471428576,10.425479955142858,11.525111516857143
6972,5.247228535285714,5.685468603714285,16.216745895714286,3.7304628708571426,2.0040628354285714,10.325405573142858,11.98018858242857
6973,5.095694207571428,5.971462910714286,16.629611425714284,3.8400228737142856,1.968017118857143,10.358605655142856,12.536288532857142
6974,5.016251341428572,6.050905777,17.16958558714286,3.991557173285714,1.960665700142857,10.342005614571429,13.02503993
6975,4.922342791714286,5.987351517857143,17.48735705142857,4.008394283142858,1.9461999884285712,10.19189421,13.328582724285713
6976,5.420579951285715,6.162125800857142,18.80587121142857,4.0252314494285715,2.0619257109999998,10.008345599285715,13.901756965714286
6977,6.056122767714285,6.718225750999999,20.25125699,4.438097177142857,2.2208114432857142,9.741559884857143,14.575954207142859
6978,6.684551361714286,7.131328632571429,21.17255681857143,4.598168622571428,2.387048580142857,9.558011386571428,14.98028276142857
6979,7.276697127571429,7.321991466142857,22.09385664714286,4.749940047857143,2.646957141142857,9.424500023142857,15.409985682857142
6980,7.876194241428572,7.8301885822857145,23.07871113,5.204780072142858,2.7840257005714286,9.224351370571428,15.746965682857143
6981,8.425179969285715,8.417828508000001,24.00001118428571,5.331177184857142,2.9068656880000003,9.0574028,16.092482772857146
6982,8.959699900571428,8.767377017571429,24.651205538571425,5.5417600447142865,3.015239977714286,8.890691355142858,16.244017044285716
6983,8.945234217000001,8.926262806428571,24.428765602857144,5.592271430857143,3.0802171038571435,8.707142857,16.193268532857143
6984,8.836859983714286,8.608491398285713,23.984122745714284,5.331177128428571,3.0152399494285715,8.373482841571429,15.755028407142857
6985,8.757417117571428,8.624379948857143,24.000011408571424,5.516622858142857,2.9863085258571433,7.956348540857143,15.864588381428572
6986,8.656394232285715,8.735599916285713,24.000011408571428,5.676694275428571,2.8058428168571434,7.5226142560000016,15.898262714285712
6987,8.540905663571428,8.624617074571429,23.809348575714285,5.4661114155714285,2.7626828354285715,7.0888800277142865,15.881425548571428
6988,8.526439980000001,8.402414265428572,23.475688672857142,5.449274305714286,2.748217123714286,6.6219457745714285,15.645468432857143
6989,8.483042929428573,8.148197172714287,23.332691604285717,5.264065758285715,2.733751412,6.104737204571428,15.409511317142858
6990,8.446997227,8.052865642857144,23.316802941428573,5.230391482,2.654308574142857,5.620965728571428,15.350699854285713
6991,8.410951524571429,8.17997421742857,23.15791720857143,5.230391482,2.676125718857143,5.370779998571429,15.384374187142855
6992,8.331508658428572,8.084642800714287,22.840145744285714,5.019808622142857,2.6256142904285715,5.2372685787142865,15.190628607142857
6993,8.295462956,8.00519993457143,22.395265874285712,4.741640055857142,2.640080016428571,5.070320008285714,14.828274237142859
6994,8.273645811285714,7.862202752714286,22.268157242857146,4.665754300857143,2.647194295285715,4.920208547714286,14.693577132857143
6995,8.215782964142855,7.973422720142858,22.25226858,4.623780004428572,2.625614304571428,4.686622830142857,14.845348642857143
6996,8.230248647571427,7.909868461142858,22.22049125285714,4.5815685821428564,2.6256143045714286,4.569711422571429,14.845348642857143
6997,8.317042861714286,7.941645675428572,22.09338284714286,4.615242858428571,2.668774286,4.486474291285715,14.786300167142857
6998,8.425417094857142,7.814537100857143,22.109271511428574,4.488845717285715,2.690354276714286,4.369562855428571,14.727251691428572
6999,8.562722808142857,7.719205627428571,22.427042975714283,4.4971456811428565,2.776911436,4.152814275857142,14.845348641428572
7000,8.707142743857142,7.687428526142858,22.52237428,4.598405663714286,2.834537157428571,3.9861028309999997,14.862185808571429
7001,8.880494272857144,7.7350942911428575,22.776591315714285,4.547894277571429,2.9284457354285713,3.7859542638571426,14.862185808571429
7002,9.068311372285713,7.687428639285714,22.935477047142854,4.522520021571429,2.993422861428571,3.6858799944285714,14.870722785714287
7003,9.285059951857141,7.639762874285714,23.04669724142857,4.345611438000001,3.036582842857143,3.569205684285715,14.90463413142857
7004,9.436594223142857,7.369657118,23.396245807142854,4.143328598428572,3.0655142947142857,3.4522942767142863,14.980519772857141
7005,9.595479955714284,7.560320008142858,23.888791441428566,4.269725739571428,3.079980006571429,3.335619994857143,15.21647688857143
7006,9.747251352571427,7.544431457571429,24.25399143285714,4.278262885571428,3.0510485547142854,3.218945713,15.486108337142857
7007,9.963999931571427,7.607985773142857,26.128368868571425,4.252888629714286,3.036582814714286,3.16890855,17.205156925714284
7008,10.21679421357143,7.957297212857142,27.732640152857147,4.455171469285714,3.0150027957142855,3.152308565857143,18.78097132
7009,10.426191331285716,8.338385753999999,29.543462934285714,4.9185485547142855,3.029468507571429,3.1855085624285713,20.36508567857143
7010,10.57772560257143,9.14846572742857,31.274842622857143,5.516859983714285,3.087331383,3.202108574857143,21.923825892857142
7011,10.166045644714286,9.751994373428571,31.65593105142857,5.896051406857142,3.065751364,3.2021085748571427,22.774931548571427
7012,9.624411377857143,9.879102891428573,31.592376848571426,6.207657151857143,3.0297056614285713,3.2355457254285716,23.255382982857146
7013,9.104357130285715,10.196637174000001,31.386062589999995,6.3760285894285715,3.008125670714286,3.368819991428571,23.432291624285714
7014,8.403600006142858,10.307857141428572,28.828713924285715,6.510962876428572,2.98654568,3.4354571385714285,21.485823008571426
7015,7.580239977285714,9.879102835571429,25.143514159,6.451914287857143,2.9286828328571426,3.5521314204285708,18.54477719242857
7016,6.785811429142858,9.212019987428572,20.61645703657143,5.988537202428572,2.8852856974285714,3.6356057057142857,14.761162924285713
7017,6.005848563857143,8.481382880285715,16.121177240999994,5.634482909428571,2.813194264142857,3.7691171257142857,10.876525687285715
7018,5.846962831428571,7.861965683571428,12.26144018485714,5.288965790714286,2.7916142734285714,3.9360656961428573,7.076074309142856
7019,5.753054225142857,7.401197150142857,8.433242984285714,4.892937201142857,2.8060799852857143,4.1862513980000005,3.334434224999999
7020,5.731237080428572,7.115439968857143,4.6211715441428565,4.598168622571428,2.885522851428571,4.386399993428571,-0.43234287685714295
7021,5.897474217428572,6.988331450857143,2.047934299714286,4.5137457215714285,2.9505000057142854,4.6868599838571425,-3.2216171818571424
7022,6.077939912285714,7.0677743170000005,0.23734853114285695,4.3790485601428575,2.972079996428571,4.987082848571428,-5.362068615857142
7023,6.200779942142858,7.2743257578571425,-1.0491514575714287,4.446397112571428,2.957614284714286,5.237268578571428,-6.803185792285715
7024,6.258642789285714,7.194882891571429,-2.573980044857143,4.4632342224285715,2.950262851857143,5.353942888714286,-8.480259999571429
7025,6.222597086714286,7.115440025428571,-4.082920003714285,4.412722779857143,2.9357971399999996,5.537491443428571,-10.081448592857143
7026,6.193665663142858,6.893000033999999,-5.734619898857143,4.218977058142857,2.9357971400000005,5.570691468285714,-11.775122813
7027,6.078177094428573,6.511674366714287,-7.497777084428571,3.9408084918571427,2.8924000045714284,5.604128618714285,-13.342637016857143
7028,5.883008533857143,6.114460035714286,-9.276585610000001,3.603828519285714,2.849002841,5.554091484,-15.087059861857142
7029,5.738588541571429,5.796688571,-10.293216967571428,3.351034265428571,2.8708199855714285,5.504054349285715,-15.929628314571428
7030,5.6302142517142855,5.574248579571429,-11.452845507857143,3.300522822857143,2.9213314281428566,5.637565769285714,-16.999616792857143
7031,5.5868171445714285,5.431251454428571,-12.072262647857142,3.2585485828571428,2.9647285634285714,5.954625743857142,-17.37027124
7032,5.579465740000001,5.764911413285715,-12.771122654285714,3.4776685605714284,3.000774266,6.171374323428572,-17.757999865714286
7033,5.586580019,5.892019988,-10.483879886142857,3.5450171412857148,3.0078885448571424,6.505034282285714,-15.423802794285715
7034,5.593694298,6.082682821571429,-9.388042674857143,3.713625732857143,3.007888544857143,6.722019987571429,-14.345039988571429
7035,5.637091461571429,6.352788521428572,-6.17949988142857,4.025468575285715,3.0368199967142857,6.972205717714284,-10.923779977285715
7036,5.680488568714287,6.400454229857144,-4.988094212571427,4.117954286142857,3.0512857085714287,7.122317121999999,-9.794742909714286
7037,5.716534271285715,6.384565622714286,-3.304379948857143,3.949345722857143,3.0586371131428574,7.122317122,-8.10106869
7038,5.738114233857142,6.448119938285715,-0.9535827807142859,3.7807371312857145,3.0731028250000003,6.972205717857142,-5.707822902714286
7039,5.7886256764285715,6.066794271,1.762414322,3.468894288714286,3.0802171321428573,6.9055685989999995,-3.061782805857143
7040,5.8175571,6.019128562571429,2.651937133571429,3.4352199841428575,3.123614267571429,6.772294361142859,-1.9915570888571428
7041,5.860954263571428,5.844354279571428,5.908145692285714,3.3171228210000003,3.123614267571429,6.805494329571428,1.3033056682857145
7042,5.882534282571428,5.5583600291428565,7.178757073142857,3.047491400857143,3.1091485557142855,6.738620028571428,2.609488501285714
7043,5.933045725142857,5.494805769999999,10.45061714142857,3.0138171247142855,3.0657514202857143,6.688582893857143,5.971937049428571
7044,6.077465717428572,5.335920094142856,13.770380016285714,2.9296314059999995,3.022354284857143,6.738620028571428,9.207988569714285
7045,6.279748613428572,5.3200314870000005,16.61372281957143,2.811771411,2.986071428428571,6.80525714757143,11.938214329571426
7046,6.474917174,5.590137186857143,20.028816941142857,2.879119991714286,2.978957121285714,6.838457116,15.123754364142858
7047,6.727711456,5.733134311999999,22.69714844857143,2.9296314344285714,2.913979995142857,6.888494250714286,17.474788601428575
7048,6.994971478142857,5.876131437285714,24.349085497142855,2.963305724857143,2.892399976142857,6.905331417,18.840020135714287
7049,7.240651481285715,5.860242830142858,25.842136814285713,2.878882866142857,2.8637056782857147,6.972205718,20.070317325714285
7050,7.356377232142857,5.764911413428571,26.90643371142857,2.8029971394285718,2.8058428311428574,7.055680003142856,20.95509731285714
7051,7.399774395857143,5.447377102571429,26.28701645714286,2.558739999714286,2.7913771194285713,7.022242852714286,20.247225852857145
7052,7.385308655857144,5.066288532714286,25.222719334285717,2.3479199965714286,2.733751412,6.955605733714286,19.075977249999998
7053,7.370842915857144,4.526314258714286,23.71377958,2.044614282571428,2.6543085598571428,6.788894288857143,17.55897431857143
7054,7.363728637,4.192891397285714,22.31605956714286,1.766682849,2.661422838857143,6.6053456777142845,16.10955717857143
7055,7.2771714918571435,3.7959142767142855,20.870674015714286,1.5729371378571426,2.6109114104285713,6.38835997242857,14.735788554285715
7056,7.132751442999999,3.526045730714286,19.250514294285715,1.4045657161428569,2.5601628421428577,6.104737091857143,13.12629994142857
7057,7.053071394714285,3.240288577571429,17.61446590857143,1.210820005,2.553048549,5.854551361857142,11.567322827142858
7058,6.966277067428571,3.3356199944285714,17.423803075714286,1.2444942918571429,2.5025371204285713,5.637802782285713,11.44922565
7059,6.850788498714286,3.3038428648571427,17.169586038571428,1.2361942908571426,2.4736056968571427,5.454254171142857,11.314291307142856
7060,6.648505659142857,3.240288577571429,16.851814574285715,1.2193571474285714,2.4375599802857146,5.387379926571429,11.196431368571428
7061,6.388359972428572,3.1608457114285713,16.43871158,1.210820005,2.387048551714286,5.237268522428571,11.010985751428572
7062,6.258168538,3.1608457114285713,16.07327435,1.202520004,2.387048551714286,5.087157061857143,10.758191469714285
7063,6.1353285647142854,3.2243999987142855,16.07327435,1.421640008142857,2.372582839857143,4.987082792428572,11.061497249714284
7064,6.005374312428572,3.4148256784285715,16.295714285714286,1.7417828602857142,2.379697133,4.937045657714286,11.339665786857141
7065,5.832022896428571,3.6052514145714283,16.34338005,1.935528575,2.3723457142857143,4.903608507142858,11.55878573542857
7066,5.673137164000001,3.9386742477142858,16.59759708714286,2.281045720142857,2.3723457142857143,4.836971388285714,11.980188579714286
7067,5.564762874285715,4.415094234428571,16.994811418571427,2.626562861714286,2.487834283,4.753734228714285,12.258119992571428
7068,5.535831450714285,5.145731426857142,17.932000135714286,3.132151415285714,2.509414287857143,4.753734228714285,13.109225761142858
7069,5.4274571609999995,5.876368562714284,18.996297258571428,3.8400228455714287,2.530994292714286,4.703697094,14.314385708571427
7070,5.384059997428571,6.686211354285716,19.90170864857143,4.337074292,2.581742861,4.686859927571429,15.064468478571428
7071,5.304617131285715,7.242311361142856,20.282797302857144,4.522519993428572,2.5962085727142856,4.56994852,15.687916981428572
7072,5.290388573428571,7.893742728285714,21.20409735714286,5.0027342734285725,2.639605708142857,4.436437128285713,16.61490839142857
7073,5.275922889857142,8.386288476142857,22.157174511428572,5.407062855142857,2.668537131714286,4.402999977714286,17.533362825714285
7074,5.254342870857142,8.958039907857142,22.951365934285715,5.887277135285714,2.6180257174285715,4.386162811285715,18.75535994
7075,5.218297168285714,9.259685583857143,23.14202876857143,6.258168594571429,2.6180257174285715,4.352725660714286,19.159925505714288
7076,5.1462057067142855,9.418334190571427,23.157917432857143,6.224257136142858,2.618025717428572,4.3527256607142855,19.100877030000003
7077,5.045182877999999,9.513665720999999,23.205582972857144,6.300142834571429,2.610674284571428,4.319525692285715,19.294622837142857
7078,5.001785714285715,9.434222854714287,23.459800008571428,6.451914288,2.6106742845714286,4.319525692285715,19.51374301285714
7079,4.893411424571428,9.354780101571427,23.348580041428573,6.367728569285715,2.610674284571428,4.269488529285715,19.45469453714286
7080,4.821082837285715,9.259448684714284,22.999031475714286,6.325754272714286,2.588857154,4.186014244,19.370508704285715
7081,4.748754306571429,9.195894369142858,22.95136571,6.300617142428571,2.552574297428571,4.085939974571429,19.218737194285715
7082,4.640380016857143,9.148228603571429,23.12613988,6.401639971142856,2.5236428738571424,3.9524285545714286,19.421020202857143
7083,4.524654322428572,8.846582871714286,22.824256852857143,6.250105699857143,2.4586657335714284,3.8857914074285715,19.294623061428574
7084,4.416280032571429,8.767140005,22.87192261714286,6.325991398428571,2.3792228815714287,3.785717109857143,19.41272023857143
7085,4.329722915714286,8.97345426357143,22.919588382857143,6.3511285285714285,2.343177165,3.7024799502857135,19.395883071428575
7086,4.3441886557142855,8.973454263571428,22.983142585714283,6.519737091857143,2.2997800295714286,3.685879966142857,19.572791485714284
7087,4.279211529571429,9.147991420857144,23.062585452857146,6.5197370918571425,2.256620019857143,3.6026428348571433,19.64867712857143
7088,4.293677213,8.814568587714286,23.110251218571428,6.502899925571429,2.213460010142857,3.5526057001428577,19.631840188571427
7089,4.2936772130000005,8.655920094,22.697148449999997,6.216431367285714,2.1989942842857144,3.5860428507142856,19.227274397142857
7090,4.351540060142857,8.624142936142857,22.71303711428572,6.216431367285714,2.249505712714286,3.519168577857143,19.176762898571432
7091,4.416517186285714,8.576714296857142,22.49059718,6.047822804,2.285551429285714,3.5692057125714283,18.991317055714287
7092,4.560937206857142,8.402177252714285,22.522374281428572,6.1237085025714295,2.321597145857143,3.6358428597142853,18.92396839142857
7093,4.6548457565714285,8.433954353999999,22.379377212857143,6.098334246714287,2.3723457141428566,3.685879994428571,18.662874145714287
7094,4.835311451428571,8.148197172714287,22.22049148,6.056122824428572,2.4662542921428567,3.752517141571428,18.33419422142857
7095,4.885822894,8.307082961571428,22.077494184285715,6.064422844714286,2.5456971584285712,3.8193914144285706,18.140448414285718
7096,5.001548588285714,8.275305747285714,22.204602815714285,5.904351427428572,2.596445740857143,3.7859542638571426,18.15728558
7097,5.1459685807142845,8.465968581,22.442931414285717,5.963400016,2.603797173857143,3.785954263857143,18.351031387142857
7098,5.290388573142857,8.275305747428572,22.77659131571429,5.887514317428571,2.640080030428572,3.752517141571429,18.367868552857143
7099,5.391648527428571,8.370637164142858,22.903699945714287,5.769654322285715,2.654545742285715,3.6358428597142862,18.418380051428574
7100,5.405877085285714,8.068754306428572,22.967254147142857,5.500022873714286,2.6182628858571424,3.519168577857143,18.367868778571427
7101,5.478205672571428,8.291194297857142,23.443911344285716,5.601045702428571,2.6758886074285715,3.469131414857143,18.67117456
7102,5.694954252142857,8.068754249857143,23.58690864,5.264065701571428,2.711934309857143,3.4022571420000003,18.54477741857143
7103,5.904351370571428,8.116420014857143,24.01590007142857,5.331414254,2.7335143005714286,3.3856571295714284,18.63750022714286
7104,6.150031373714285,8.322734273428571,24.73064862714286,5.491485671285715,2.791140022,3.352457133,18.907131675714286
7105,6.417291395857142,8.513397107,24.651205761428574,5.500022817285715,2.841651436285715,3.268982847714286,18.738523225714285
7106,6.604871426142857,8.545174208285713,24.222214329999996,5.508322837714284,2.885048571714286,3.2355456971428573,18.342494635714285
7107,6.785574303285713,8.688171333571429,24.031551497142857,5.601045702571428,2.9934228614285714,3.2355456971428573,17.912554474285717
7108,6.901062871999999,8.561062815571429,23.39624580571429,5.457811451571429,3.000774266,3.2021085748571427,17.120497294285716
7109,7.016551440714286,8.910374256,22.665608584285717,5.702068587571429,3.0512857085714287,3.118871443571429,16.463137332857148
7110,7.045482864428572,8.846819940428572,21.267651332857138,5.541997170285714,3.1236142957142863,3.135471456,15.266514474285716
7111,7.016551440857143,8.561062815571429,19.28229128142857,5.314340018428571,3.2175228454285714,3.218708587285714,13.657025859714285
7112,6.922642834571429,8.275068565142856,17.43969139857143,5.027871431857143,3.3114314234285716,3.3021828725714286,11.853791495857141
7113,6.879482796714286,8.036740023142857,16.216745668571427,4.817288572000001,3.3764085778571427,3.4522943049999997,10.539071461
7114,6.9010627591428575,7.734857165571428,15.009688489999998,4.555957143857143,3.3764085778571427,3.568968586857143,9.410034393857144
7115,6.922879903857143,7.655414242857143,14.310591358571429,4.286325695428572,3.3545914614285715,3.7525171415714285,8.651651548
7116,6.865254182428571,7.337879960285714,14.088151424285712,4.050368579714286,3.3906371639999997,3.985865677,8.280997215142857
7117,6.915765625,7.226659992857143,14.40592289,4.176765720714285,3.383285731142857,4.102777112714286,8.424231523714285
7118,6.988094212142856,7.242548543571429,15.136559998571428,4.050368607857143,3.354354307571429,4.152814275714285,8.736074281142857
7119,7.125399982,7.1789942280000005,15.930751421428571,4.142854318857142,3.2964914602857145,4.202851410428571,9.452245649285715
7120,7.161445741,7.004219945000001,16.216745671428573,4.050131454,3.224162873,4.252888545142857,9.688202765000002
7121,7.212194365714287,6.988331394285715,16.264411435714287,3.864922878285714,3.1736514304285715,4.302925679857143,9.705039931428571
7122,7.154331518428571,6.559339962,15.549662765714285,3.5867543120000005,3.1449571325714283,4.3363628304285715,9.089891336142857
7123,7.053071507571429,6.050905663571428,14.05661127942857,3.224400005857144,3.0583999874285714,4.319762846285714,7.8510570557142865
7124,7.009674400428572,5.526582786285714,12.071014158142855,2.6683000061428572,3.0944456900000006,4.386399965285714,5.971937021
7125,6.872368687142857,5.288254244285715,10.927274280999997,2.6346257017142856,3.087331411142857,4.453274238142858,5.137668476571428
7126,6.699017214714284,5.256477143142857,10.133082858142858,2.5336028447142853,3.109148555857143,4.619985683,4.497382807
7127,6.55459722242857,5.335919952714286,9.688202876714286,2.4745542844285713,3.1525457194285713,4.670022817714286,4.168940008571428
7128,6.402825768999999,5.2246999288571425,8.957565769285713,2.6597628601428567,3.1814771429999995,4.753497103000001,3.469368554571428
7129,6.438871471571429,5.5265827864285715,8.560588620571428,2.870582874,3.224637152714286,4.8367342625714285,3.0648028472857143
7130,6.475154356285714,5.717245620142857,8.957565769428571,3.005517154,3.2462171717142856,4.920208547857143,3.578928557571429
7131,6.431757192571427,5.971462797571428,10.101305815000002,3.1992628687142854,3.217522902,4.903608563714286,4.606942880571429
7132,6.3667800664285705,5.987351404714285,10.196637232142859,3.0814028737142856,3.1814771711428578,4.903608563714286,4.581568624571429
7133,6.388360085428571,5.923797089142857,9.656662901999999,2.980380016857143,3.1525457192857145,4.8535714290000005,4.000094333571428
7134,6.366542940714285,5.796688571142857,9.354780100285712,2.955242858285714,3.123614295714286,4.853571429,3.738762905428572
7135,6.3736572197142864,5.764911413285715,10.005974342,2.8373828632857143,3.145194314714286,4.853571429,4.463471489571429
7136,6.279748670000001,5.478917162857143,10.625391539285713,2.7278228461428573,3.138080007428571,4.770334269428571,5.297740062571429
7137,6.229000101714286,5.431251454428572,11.181491489571428,2.668774271571429,3.123614267428571,4.753497159571429,5.718905838857142
7138,6.156908696714285,5.320031430428572,11.626134233857142,2.609725697142857,3.0586371131428574,4.803534294285714,6.317217267857144
7139,6.156908696714285,5.034037123428571,12.181997058142857,2.5253028385714282,2.971842842285714,4.770097143714286,7.151485812571429
7140,6.171374380285714,4.843374289714285,13.53205147542857,2.449417126,2.885048571428572,4.736897118857143,8.491342950285715
7141,6.323145777285715,4.557379982714285,14.771122881428571,2.306182846857143,2.82742285,4.770334269428571,9.595242943142855
7142,6.460451490714286,4.446160015285714,15.628868507142858,2.196622844,2.711934267142857,4.7202971347142855,10.379000045142858
7143,6.597757204142858,4.239845728428571,16.55016856142857,2.078525702142857,2.574628568,4.736897118857144,11.061497136285714
7144,6.69901715842857,4.033531441571428,17.15369715142857,1.960665707142857,2.4591400134285712,4.686859927571429,11.575622790142857
7145,6.800039986999999,3.8113285758571425,17.550911482857142,1.8596428501428572,2.415742863857143,4.636822792857143,11.921139879999998
7146,6.9373457002857135,3.668568576285714,17.99579158,1.750082854142857,2.394162859,4.6202228085714285,12.140259942857142
7147,7.038605711142858,3.5099199978571423,18.28178571714286,1.615148567,2.3796971472857145,4.653422833428571,12.266657082857142
7148,7.082002874714286,3.4942685728571425,18.36122858285714,1.5224257128571426,2.3507657094285714,4.670022817571429,12.292031338571428
7149,7.103582893571429,3.5101571517142856,18.329451481428574,1.5055885675714287,2.3507657094285714,4.7366599364285715,12.207845619999999
7150,7.161445740714286,3.5893628639999995,18.34533991857143,1.4972885684285713,2.4086285565714287,4.786697071142856,12.149034270000001
7151,7.2408886070000005,3.652680025571428,18.424782784285714,1.4972885684285713,2.488071408571429,4.937045657428571,12.140734305714288
7152,7.277171491714285,3.700108608285714,18.456559884285713,1.4972885684285713,2.4951857015714287,5.070557077285714,12.115360050000003
7153,7.2482400117142864,3.731885766,18.329451252857144,1.488988565857143,2.5096514134285712,5.220668481571429,12.005799961428574
7154,7.161445740857142,3.7634257698571427,18.075234217142853,1.4975257084285716,2.5314685581428575,5.354179901428571,11.83719139857143
7155,7.038605711000001,3.7475371909999997,17.789239854285714,1.4975257084285711,2.567514274857143,5.4210542024285715,11.660045745714285
7156,6.923117142285714,3.6683314505714284,17.45557995142857,1.4384771375714285,2.5890942797142857,5.504528487714286,11.432388594285714
7157,6.756880005285714,3.605014289,17.042477182857144,1.3962657118571424,2.5817428609999995,5.571402788714286,11.204731442857144
7158,6.547482886857142,3.3669228585714284,16.51839146,1.2781685699999998,2.545697144285714,5.521128528428571,10.892888572428573
7159,6.330734307285714,3.3986999881428575,16.438948594285712,1.3623542888571427,2.5241171394285713,5.387617108571428,11.086871392428574
7160,6.142917207714286,3.477905700428572,16.327728627142857,1.5307257158571428,2.466254292285714,5.237505704285715,11.230105701
7161,5.919054349285715,3.6844571412857143,16.280062861428572,1.6990971428571429,2.408391430857143,4.887245676571429,11.482899983857143
7162,5.716771509857144,3.938437136571429,16.39128282857143,1.8337942794285715,2.328948578857143,4.775946634333334,11.727394189571427
7163,5.514488613857144,4.255971447285715,16.581945662857144,2.027539990571429,2.2784371504285716,4.5968879972,11.955051340999999
7164,5.362954286142857,4.748280041,17.122157062857145,2.4657799917142857,2.2784371504285716,3.4757240058,12.494314125285714
7165,5.240114256285715,5.240588620571429,17.678019887142856,2.8703457059999997,2.263971438714286,3.04387498025,13.193648495714285
7166,5.138854245428571,5.4153629318571435,17.789239854285714,3.0221171452857147,2.263971438714286,2.5183466433333335,13.345182767142857
7167,5.037594234571428,5.606025793714285,17.821016954285714,3.098002872,2.3073685740000003,1.6617866226666667,13.564302828571428
7168,5.536068519857143,6.1621257438571435,19.298179834285715,3.468894303,2.386811426142857,1.1947733323333332,14.40710863142857
7169,6.077939912142857,6.4798971521428586,20.330699855714283,3.7807371595714288,2.5167657207142855,1.1947733323333332,15.039094449999999
7170,6.590879880999999,6.972442843428572,21.569534135714285,4.075742892142857,2.617788563571428,1.1947733323333332,15.932174401428572
7171,7.06753702157143,7.051885709714286,22.347836894285713,4.134791480714285,2.6756514107142855,1.8175500119999999,16.496811667142858
7172,7.537079883142858,7.337879960285716,23.30091405,4.337074348571428,2.7479799838571433,1.8952933503333333,17.00240023142857
7173,8.006622688285715,7.9890742015714284,24.47619412857143,4.817288600428571,2.805842845285714,1.8952933503333333,17.80299461285714
7174,8.519562657142856,8.44984279157143,25.63582278142857,5.145968581,2.8779342645714285,1.992680033,18.401306098571432
7175,8.468814145428572,8.544937082714286,25.445396960000004,5.289202888428571,2.906865688142857,1.058099994,18.375931729999998
7176,8.425416981857143,8.767377073999999,25.477174287142855,5.407300065714286,2.899751381,0.571720006,18.36763176571429
7177,8.410951298285713,8.878359915714286,25.556617152857143,5.651794327428571,2.8926371019999997,0.38704500075,18.47719174
7178,8.403599950285715,9.132577008285713,25.58839448,5.744517192285715,2.9360342374285717,0.22942800659999998,18.409843074285714
7179,8.461225671857143,9.053134198571428,25.381842982857144,5.592745766999999,3.001011391714286,-0.22590999850000001,18.11483725714286
7180,8.540668538142857,8.973928458142856,25.191417387142856,5.407537219428571,3.0659885460000003,-0.22590999850000001,17.84520580857143
7181,8.576714240714287,8.942151243857142,25.33417721714286,5.357025776857142,3.1093857095714283,-0.22590999850000001,17.803231512857142
7182,8.598531272285715,8.799391300857144,25.270623014285714,5.230628635857143,3.138317133142857,-0.323019985,17.744183037142857
7183,8.591179924142859,8.815279851571429,25.286511452857145,5.222091489857143,3.174362863857143,-0.28400999250000003,17.761019977142862
7184,8.605645607714287,8.465968467857143,25.00075432857143,4.960760061714287,3.2248743064285716,-0.40103997,17.348154447142857
7185,8.591416936714285,8.434191366714286,25.06430853142857,4.876337160714286,3.20305719,1.0,17.272268804285716
7186,8.562485569714287,8.720185617142857,25.334414457142856,5.120831450714285,3.1741257381428567,1.0,17.575811598571427
7187,8.519088519142858,8.577188548428571,25.33441445714286,5.297740034428571,3.1307285745714286,-0.284839982,17.533600062857143
7188,8.468577133,8.402414322,25.1598773,5.213554315571429,3.0802171320000005,-0.2259099985,17.289105744285713
7189,8.446760101428572,8.418302872714287,25.06454577,5.188180003142857,3.065751420142857,-0.1675333413333333,17.095359938571427
7190,8.490157265142857,8.275305804,25.016880004285717,5.247228535142858,3.044171401142857,-0.1675333413333333,17.044611427142858
7191,8.526203080714286,8.561062872142857,25.28674846571429,5.466348541142857,3.0297056894285714,-0.10929501574999997,17.30594268571429
7192,8.620111743571428,8.513397107142856,25.270859802857142,5.449511431285714,3.0515228058571435,-0.10929501574999997,17.381828328571427
7193,8.670860255285714,8.433954241,25.413619632857145,5.424137119,3.044171401285715,-0.10929501574999997,17.263731151428573
7194,8.808165968571428,8.592602734571427,25.73115386,5.255528555714286,3.0875685648571434,-0.050780027000000005,17.474551137142857
7195,8.95993736557143,8.656156993571429,25.905691017142857,5.204780015714285,3.1309657002857145,0.007319967,17.52506241
7196,9.191151628,8.751251284714288,26.46155384142857,5.2301543281428575,3.167011431142857,0.065419961,17.83690516714286
7197,9.328457341428571,8.878359802714288,26.71553386571429,5.053245744571428,3.195942883,0.065419961,17.929627975714286
7198,9.516274440999998,8.941914118285714,27.16041396142857,4.918311457428572,3.2104085947142855,0.124349969,18.123373782857144
7199,9.76171726157143,8.894248466428571,27.557391278571426,4.842425730714285,3.2464543255714284,0.124349969,18.216096591428574
7200,10.06502292942857,8.989579883142857,28.240599745714288,4.817288600428571,3.289851461,0.124349969,18.55331394285714
7201,10.339634355714285,8.830931389571429,28.36770837571429,4.631842870714286,3.3043171728571425,0.6884733203333333,18.376168290000003
7202,10.628474340999999,9.037482773857143,28.68547984142857,4.573031436,3.3908743180000003,1.14607999925,18.485728490000003
7203,10.296237193285714,8.894722717714286,28.224948547142855,4.505682827,3.3548285871428574,1.490696015,18.452054382857145
7204,9.985580007428572,8.49750844342857,27.57375441857143,4.4380971488571435,3.340362847142857,2.0746840162,18.26684600571429
7205,9.508922866714286,8.275305634285715,26.604788598571428,4.421259982428571,3.2753856928571428,2.6583400316000003,17.895954545714286
7206,8.902311417714285,8.211751318714287,25.73115431,4.387585706142857,3.195942826571429,2.7905866925000002,17.48308878857143
7207,8.273882880428571,7.957534226142857,24.15866012857143,4.260951439428572,3.181477114714286,2.8684485807142863,16.834028678571432
7208,7.5731256995714284,7.957534226142857,23.253248512857144,4.395885726571429,3.1670114028571428,3.0437366736666664,16.480211624285715
7209,6.879720035285714,7.814537157428572,22.03030289571429,4.488371465714286,3.094919997714286,3.1487040012,16.13469430857143
7210,6.756880005428571,7.623874323857143,21.490091495714285,4.395648629142857,3.073102853142857,2.985027991,15.721591314285714
7211,6.677437139285715,7.65565148157143,21.299428435714283,4.437860051428571,3.0586371412857143,3.0082680084,15.561282601428571
7212,6.677437139285715,7.560320008285715,21.347094201428572,4.404185775285714,3.094682872,3.078319997,15.586656970000002
7213,6.792925708,7.3855457252857155,21.56953413571429,4.370511470857144,3.0512857365714283,3.078319997,15.704517135714285
7214,6.987857199428573,7.290214251857143,22.06184275714286,4.387585706428571,3.0297057175714284,3.0550800191999996,15.889962752857144
7215,7.175674355428571,6.9565542364285715,22.109508521428573,4.159928554428571,2.9718428421428578,3.140846676666666,15.974148358571428
7216,7.226185798,6.702337087285713,22.34759988142857,4.101117091571429,2.9068656878571426,3.2021085748571423,16.184968344285714
7217,7.1901400955714285,6.559339962,22.10950852285714,4.1684656722857145,2.878171418142857,3.4356942925714287,16.05857120285714
7218,7.067300122142856,6.527562804285715,22.077731421428574,3.9747199505714286,2.805842859142857,3.5692057125714287,15.856525545714286
7219,6.973391572428571,6.098571372,21.474202831428567,3.7387628348571433,2.7482171377142857,3.6526799978571427,15.359236945714285
7220,6.756642992857143,6.098571372,20.950117108571426,3.64603997,2.7411028447142862,3.7695914335714282,15.165491138571427
7221,6.547245817857144,6.209791396,20.58467987857143,3.628965734428571,2.7050571422857144,3.852828564857142,14.997119699999999
7222,6.36678006657143,6.432231387428572,20.58467987857143,3.8566228864285717,2.7050571422857144,3.9194657119999996,15.056168401428573
7223,6.294688605,6.448119938,19.965262851428573,3.8817600448571428,2.7050571422857144,3.9861028591428567,14.499831325714286
7224,6.236825757714286,6.416342780285715,19.71104558857143,3.7553628755714286,2.7195228541428578,4.036139993857143,14.20506286
7225,6.222360017714286,6.336899970571429,19.361734261428573,3.8563857324285715,2.7558057107142857,4.036139993857143,13.960568541428572
7226,6.229474296571429,6.591117119857143,19.09162856142857,3.9827828734285715,2.791851413142857,4.036139993857143,13.842708489999998
7227,6.265520055571429,6.416342836857142,18.53552849857143,4.075505738285714,2.8352485627142854,4.002702843428571,13.261234284285717
7228,6.236588632,6.066794270857143,17.820779941428572,3.8397857200000005,2.8352485627142854,4.0527400064285715,12.55336293714286
7229,6.250817189857143,5.749022862714285,17.106031384285718,3.5701542714285717,2.864179986285714,4.052740006428571,11.719094335714285
7230,6.257931468714285,5.526582871285714,17.217251351428573,3.485968552571429,2.878408544142857,4.019302855857143,11.618071449999999
7231,6.294214297000001,5.4471400050000005,16.99481141714286,3.2922228448571427,2.9144542465714283,3.952665708714285,11.365277055714285
7232,6.359191423142858,5.320031430428571,16.788259919999998,3.1153142752857144,2.9504999489999997,3.869191423428571,11.230342824285714
7233,6.417054270428571,5.272365721999999,16.740594155714287,2.980617113857143,2.9938970844285717,3.802554276285714,11.03659713142857
7234,6.525428503714286,5.351808588142857,16.91536855142857,2.8964313950000005,3.0299427868571427,3.7691171257142857,11.24717999142857
7235,6.662734217142857,5.494805713428571,17.18547425142857,3.005754244,3.080454201142857,3.5689685302857144,11.474600018571428
7236,6.792925651571429,5.606025680857143,17.51913438,2.9720799678571432,3.0586370565714285,3.3854199472857145,11.836954275714287
7237,6.930231365000002,5.717245704857143,17.805128517142855,2.8120085364285714,3.065988489428572,3.268745665428572,12.022400005714287
7238,7.125162799857143,5.749022862714285,18.345102677142854,2.9047313871428573,3.015477075142857,3.1852713801428574,12.468940094285715
7239,7.312980012285714,5.828465672285715,18.869425638571425,2.946942823571429,2.957614228,3.2021085182857143,12.79762001857143
7240,7.428468581,5.621914231428571,19.21897420428571,2.8456828268571432,2.870819957142857,3.2187085307142858,12.98282862142857
7241,7.638102881571427,5.431251341285714,19.457302802857146,2.693911401714286,2.834774254714286,3.252145681285714,12.965991454285712
7242,7.746477114857143,5.177034220285714,19.552634332857142,2.441117119571429,2.7624456957142853,3.452294276714286,12.965991454285712
7243,7.746477114857143,4.859262812,19.377859937142855,2.2808085482857146,2.6903542764285713,3.6524428721428572,12.805919979999999
7244,7.717545691285713,4.55761708,19.12364290142857,2.1627114064285715,2.6180257174285715,3.685880022714286,12.61193716
7245,7.580239977857142,4.255971376285713,18.726665810000004,1.968728559,2.545697144285714,3.7193171732857144,12.24958279
7246,7.464751352714286,4.001991409285713,18.377117244285717,1.8084199807142856,2.4878342830000006,3.719317173285714,12.005325711428572
7247,7.3276827650000005,3.811565729571428,18.01168024142857,1.690559985714286,2.4083914309999996,3.685880022714286,11.794742852857143
7248,7.082002761857145,3.6370286005714285,17.64624301142857,1.623211419142857,2.314482853,3.7024800351428575,11.600997160000002
7249,6.858139959857143,3.5101571517142856,17.264917344285717,1.6063742740000002,2.235040001,3.7693543080000005,11.407251465714287
7250,6.677437139285714,3.430951439428571,16.883591677142856,1.589537128857143,2.1916428657142855,3.9028656997142854,11.196668605714285
7251,6.504085723285714,3.383285702857143,16.470488682857145,1.589537128857143,2.1411314372857144,4.169651385714285,10.969248579999999
7252,6.345199991,3.335619994428572,16.00995716142857,1.5643999845714285,2.1195514324285716,4.453037112428571,10.674242875571426
7253,6.157382835,3.2720657071428576,15.501759988571427,1.5392628438571427,2.097971441714286,4.6031485448571425,10.35409992742857
7254,6.012725717,3.256177128285714,15.057117017142856,1.530725704857143,2.112437153571429,4.853334275,10.059094222428572
7255,5.839374301142857,2.986071428428571,14.771359892857143,1.3369799901428574,2.105085734857143,5.036882857857143,9.848274236714285
7256,5.687602847714286,3.017848586142857,14.803136994285714,1.4972885684285715,2.112437153571429,5.136957127285714,10.084231352428572
7257,5.579228558,3.224162873,15.073242694285714,1.6744342848571432,2.1053228604285716,5.186994318428572,10.353862801000002
7258,5.405877142142856,3.446365767,15.232128425714288,1.783994280714286,2.0908571485714287,5.253868619428572,10.657168582428572
7259,5.275922889857142,3.7321229201428574,15.676771282857143,1.9777399882857145,2.097971441714286,5.370780055142857,11.305991453999999
7260,5.196480080142857,4.081434332285714,16.42329705428571,2.3400942627142856,2.1195514324285716,5.570928650428572,12.064374300714286
7261,5.117037213857143,4.510188638857143,17.312819894285713,2.710985700857143,2.1195514324285716,5.570928650428572,12.873505658571428
7262,5.059174366571428,5.320268640857143,17.995791349999998,3.3681085434285714,2.1269028511428574,5.604365744571429,13.766822848571428
7263,4.972617221428571,5.8602429431428575,18.567779851428572,3.6038285617142853,2.1340171441428573,5.587528634714286,14.255574247142857
7264,4.864480057285713,6.336900027285715,19.044199810000002,4.041831391285714,2.148482856,5.60436574457143,15.148654198571426
7265,4.821082893571429,6.670559986142857,20.01316563,4.589631420142857,2.1702999865714285,5.537491443571429,16.168368415714287
7266,4.842662856,7.147217070142858,20.823245717142857,4.960522851285715,2.2857885411428573,5.504054293,16.876239762857146
7267,4.784799952285715,7.41732277,21.109002842857144,5.179642857142857,2.300254267,5.487454252285714,17.26373115
7268,4.741639970857143,7.750982728857144,21.267651562857143,5.466111415571428,2.336299983571428,5.5377285125714275,17.567036931428568
7269,4.720059952,7.925757011857144,21.712294420000003,5.550534316571429,2.364994281428571,5.571165663,18.047488365714283
7270,4.741639971,8.164085553857143,22.204603041428573,5.8709142768571425,2.3939257049999996,5.704677082857144,18.569914095714285
7271,4.741639971,8.148197003142858,22.490597404285715,5.938500011428571,2.429971421571428,5.737877107714286,18.772197105714287
7272,4.748991432142857,8.179974160857144,22.268157470000002,5.7362171154285715,2.4660171381428566,5.904825678142857,18.40984285
7273,4.705831450714286,8.24352847642857,22.315823234285713,5.820402834285714,2.4010400119999997,5.954862812857144,18.32565724428571
7274,4.713182911857143,8.243528476428573,22.379377435714282,5.752817099571428,2.415505723857143,6.004899947571429,18.40154311142857
7275,4.756342893285714,8.164085610142857,22.47470874,5.660094234714286,2.437322854428572,6.171611392428571,18.536477455714284
7276,4.777922912142857,8.227639925714287,22.331711444285713,5.7274427871428575,2.4736057110000003,6.254848552142856,18.443754421428572
7277,4.792388595714286,8.005199934285715,22.04571708142857,5.52515994757143,2.5025371488571433,6.321722853285714,18.224634472857144
7278,4.821082893571428,8.036977148714287,21.96627421571429,5.373388550714287,2.5241171537142857,6.371759988000001,17.988677130000003
7279,4.871594279714286,8.148197172714285,22.013939754285712,5.407062826857143,2.5385828655714286,6.338322894000001,18.03918862857143
7280,4.885822837571429,7.973422889714286,21.743834054285713,5.314339961999999,2.5459342842857144,6.338322894000001,17.955003022857145
7281,4.8929371164285715,7.89398008,21.537282557142856,5.246991409571428,2.5532857030000002,6.271448649428572,17.820305918571428
7282,4.943685684714285,8.068754363,21.759722718571428,5.306039998142857,2.5893314197142856,6.104737204571428,18.005514295714285
7283,4.979968513,8.100531464285714,21.791500047142854,5.390225717,2.574865693714286,6.054700069714286,17.904254284285713
7284,5.016014272,8.259417140142858,21.982163107142856,5.364851404571428,2.574865693714286,5.987825768571429,17.937928617142855
7285,5.117274282857143,8.068754249857141,21.855054475714287,5.221617097142856,2.589331405571429,6.021262919142857,17.651460228571427
7286,5.211182889,8.259179957857144,22.36348877428571,5.440737103142857,2.6182628432857142,6.054700013142857,18.013814485714285
7287,5.319557178857143,8.259179957857144,22.63359447428571,5.390225660571429,2.6398428481428575,5.871151458571428,18.02211445
7288,5.442397152285714,8.243291350714285,22.95136593857143,5.331177100285714,2.668774285857143,5.620965728571429,17.979902914285713
7289,5.579465740000001,8.29071999,23.173805872857145,5.2721285117142855,2.6761257187142857,5.620965728571428,17.988440117142858
7290,5.651557201571428,8.322497091285715,23.63457440571429,5.230154215142856,2.6905914447142862,5.554328553285714,18.393005908571432
7291,5.788862915,8.27483143942857,23.55513153857143,5.221854251428572,2.705057156428571,5.454254283857144,18.384705944285713
7292,5.853840041142858,8.449605666,24.031788735714287,5.550534231999999,2.6979428775714283,5.4208171332857145,18.873457342857144
7293,5.904351427285715,8.116182776285715,23.71401749714286,5.289439986,2.6761257328571424,5.504054293,18.72192307142857
7294,5.991145754571429,8.100294225714284,23.72990593571429,5.230391453857143,2.661660021,5.887751386571428,18.738760237142856
7295,6.092405765428572,8.068517067857142,24.079454502857143,5.264065758285715,2.6398428762857145,6.4215599407142845,18.856620175714284
7296,6.258642902428572,7.941645562428572,24.190674469999998,5.247228648428572,2.632491443428571,6.654908504571429,18.839783008571427
7297,6.489857165571428,7.4967656361428565,24.20656290714286,4.952222944,2.6396057222857143,6.955131369285714,18.384705944285713
7298,6.677674264999999,7.464988421857144,24.52433414571429,4.926848631571429,2.654071434142857,7.322228535285715,18.367868778571427
7299,6.851025681,7.321991353142858,24.206562681428576,4.631842927142857,2.6972314155714288,7.555814224714284,17.895954547142857
7300,7.045957115857143,7.449099984285715,24.270116882857145,4.505445757857143,2.7406285510000004,7.6893256445714275,17.466014385714285
7301,7.175911368142857,7.385545668714286,23.84112545,4.387585734571429,2.8056057054285715,7.756200002142855,17.112197105714284
7302,7.269819974285715,7.353768567571429,23.205582520000004,4.278262857285715,2.8779342644285713,7.856274271571428,16.65712004
7303,7.183025647000001,7.035997159428571,22.220728262857143,4.075979989428571,2.899514255142857,8.006622857857142,15.578357234285715
7304,7.096231376142858,7.0518857100000005,21.23587400571429,4.025468546857143,2.8995142551428574,8.023222898571428,14.727251467142855
7305,6.944459979142857,6.718225751142858,20.044468478571428,3.705325712285714,2.9137428130000003,8.056659992571428,13.698999932857145
7306,6.8576657082857135,6.4957857031428565,19.21849995428571,3.4947428524285717,2.928208553,8.023222842142857,13.05871415
7307,6.800039986857143,6.289234205714286,18.23364569857143,3.511579990571429,2.935322832,8.056660049285714,12.409891391428573
7308,6.821620005714286,6.114459922714286,18.011443002857142,3.4439942841428572,2.928208524857143,8.039822882857141,11.836717148571429
7309,6.872131391857143,5.923797032571429,17.805128744285714,3.3764085778571435,2.906391380285714,7.873111494571428,11.659808621428573
7310,6.944459979142857,5.828465615714286,17.99579157857143,3.2922228591428575,2.8776971105714284,7.822837234142858,11.937977158571428
7311,7.074651413571429,5.844354166428572,18.21823174,3.2414742908571434,2.870582831714286,7.772800042999999,12.182471475714284
7312,7.168559963428572,5.717245591857143,18.567780305714287,3.3593342858571433,2.827422850285714,7.505777203000001,12.376454408571428
7313,7.154094223428571,5.526582758285714,18.567780305714283,3.2497742971428574,2.7553314028571427,7.305628664000001,12.27519439857143
7314,7.154094223428572,5.288254216285715,18.52011454,3.0138171672857146,2.6977056954285716,7.088642902285715,12.056074449428573
7315,7.1180485209999995,5.113479933285715,18.202343074285714,2.9213314564285717,2.6761257047142863,6.788420037428572,11.963351640857145
7316,7.024139971285714,5.192922799428572,17.61446591,2.896194298,2.6690114257142854,6.554834291571429,11.525111629428569
7317,6.937345700428572,5.256477115000001,17.296694445714287,2.8120085791428573,2.683477137571429,6.137937116714285,11.29769171657143
7318,6.821619949571429,4.986371415142857,16.804148585714287,2.6773114318571425,2.726637119,5.804277157857142,10.741354528142855
7319,6.800039930571429,5.192922855857142,16.438711355714286,2.7112228619999996,2.7697971004285713,5.6876028477142855,10.454648786714287
7320,6.821857075142857,5.510694264142857,16.406934254285712,2.904968569571428,2.8203085288571432,5.721039998285714,10.227228759857143
7321,6.850788555142858,5.637802838714285,16.073511364285718,2.9640171439999996,2.8708199572857143,5.687839973285715,10.143043041
7322,6.814742795999999,5.828465728857144,15.819294102857144,2.9976914202857143,2.9068656597142852,5.621202798,9.932460181857143
7323,6.836322815,5.876131437285714,16.073511364285714,3.0482028628571425,2.935797083285714,5.637802838571429,10.042020157571429
7324,6.879719978714285,5.907908538571428,15.97818006,2.9723171502857144,2.9718427857142857,5.704440013857143,9.78898875042857
7325,6.879719978714286,5.955574247,15.97818006,2.9974542947142857,2.9863085257142856,5.6212028542857135,9.873411594857144
7326,6.785811429000001,5.780799964000001,15.851071428571428,2.871057153714286,2.979194246714286,5.437654299571428,9.890248762
7327,6.742414321857143,5.526582814714286,15.882848530000002,2.736360020571429,2.979194246714286,5.237505704285715,9.974434480285714
7328,6.662734273571429,5.335919924571428,16.089162788571432,2.6519371620000003,2.964728535,5.237505704285715,10.092294418714287
7329,6.612222887571428,5.065814196428571,16.168605654285717,2.525540020857143,2.8997514090000003,5.437654299571428,10.193554316428573
7330,6.568825723857143,4.811597075428572,16.12093989,2.323257153,2.8492399947142855,5.537728569142857,10.210391482142857
7331,6.6048714262857136,4.652711399571429,16.12093989,2.3147200069999996,2.798728580428571,5.604602813714285,10.421211467857145
7332,6.604871426285714,4.620934241714286,16.502265557142856,2.2642085785714285,2.7121714211428567,5.804751409,10.85091427757143
7333,6.720359995000001,4.4461599587142855,16.96303409142857,2.137574290714286,2.6253771362857137,6.088374233142858,11.188131403285714
7334,6.879245670857143,4.3826056997142855,17.423802624285713,2.0109400028571427,2.553048577285714,6.221885653,11.634671379
7335,6.980505681714285,4.287274311142857,17.948125587142858,1.9435914291428573,2.517002860571428,5.988299963714285,12.056074224285714
7336,7.117574212857142,4.128625732714285,18.297674152857144,1.8086571474285715,2.4880714227142855,5.604602813714287,12.266657084285713
7337,7.240414186142856,3.969977154285714,18.551891415714287,1.7959700075000002,2.466254278,5.421054259000001,12.376217058571429
7338,7.348788476,3.7001085518571424,18.85377421714286,1.6191800036666668,2.466254278,5.387617108571429,12.4521027
7339,7.522139948428571,3.5096828721428572,18.917328645714285,1.4028266729999999,2.495185715857143,5.3209799331428576,12.376217057142858
7340,7.630514238142857,3.4463657105714285,18.949105972857144,1.2553633376666664,2.5385828652857145,5.1039942279999995,12.300331302857144
7341,7.6378656992857135,3.271828581571429,18.694888709999997,1.0882566683333332,2.553048577142857,5.020519942857143,12.056074224285714
7342,7.6378656992857135,3.1131800031428574,18.520114312857142,0.9504766674999999,2.5312314465714283,5.120594212285715,11.887465661428573
7343,7.616285736857143,3.0655142947142857,18.472448774285713,0.9111899995,2.5238800278571425,5.454254227571428,11.870628608571428
7344,7.544194331857142,3.001960007428572,18.34534014285714,0.8985028565714286,2.494948604285714,5.721277067428572,11.811817145714286
7345,7.3563771758571415,2.922517169428571,17.995791577142857,0.8814285717142857,2.4297343101428566,5.8047513525714285,11.668582838571428
7346,7.168560019857142,2.8430743032857144,17.61446591,0.8645914282857143,2.3863371605714288,5.887988512142857,11.483137110000001
7347,6.959162901428571,2.7636314652857146,17.201362915714288,0.8477542848571427,2.350291444,5.971462797428572,11.27255425
7348,6.800277169142857,2.7159657427142854,16.835925912857142,0.8309171414285714,2.3358257321428573,5.921425662714286,11.053434187142857
7349,6.612460013142858,2.652411455428571,16.391283055714286,0.8309171414285714,2.3142457272857144,5.954862813142857,10.82601416
7350,6.431994261714286,2.6206343118571427,15.962528635714287,0.8223799989999999,2.314245727285715,5.838188503,10.573219877285712
7351,6.265757124714285,2.445860028857143,15.676534271428574,0.6708457152857142,2.3142457272857144,5.5880027729999995,10.370937094571428
7352,6.143154277142857,2.7475057608571425,15.835420002857145,0.8899657175714287,2.307131448285714,5.571165663142858,10.648868618857142
7353,5.984268544857143,3.144482881285714,15.978417071428572,1.1007857189999999,2.2926657364285714,5.521128528428571,10.952411524571428
7354,5.839611370285714,3.4779057145714285,16.184968568571428,1.421165709142857,2.2710857315714286,5.554565678857143,11.382114333142855
7355,5.637328530714285,3.8589942985714285,16.566294235714285,1.6993342824285715,2.242391433714286,5.571165663,11.887702897428571
7356,5.557885721,4.367191443,17.217488591428573,2.103899991428572,2.2639714385714287,5.487691377857144,12.528225693142856
7357,5.4639771712857135,4.9230543099999995,18.02733144,2.5758142811428573,2.2568571455714284,5.454254227428571,13.488891322999999
7358,5.348488602571428,5.637802895285714,18.757968661428574,3.232937159,2.235277140714286,5.504291362142857,14.29778566857143
7359,5.225648572714285,5.923797145714285,18.932742831428573,3.4688943030000003,2.2352771407142855,5.370779942285715,14.525442708571429
7360,5.153557167571428,6.146237193714286,19.37738568857143,3.8817600164285717,2.235277140714286,5.404217092857143,14.988819851428572
7361,5.182488591285714,6.416342950000001,19.98091427714286,4.151391465000001,2.235277140714286,5.537491387285714,15.486108565714286
7362,5.182488591285714,6.734114358142857,20.489111337142855,4.505208604000001,2.2639714385714287,5.654402822999999,15.991697242857143
7363,5.131977148714285,6.9724429002857145,20.647759830000002,4.7411657762857145,2.2568571455714284,5.737877108142857,16.354051725714285
7364,5.059648561571428,6.908888584714286,20.47322267285714,4.690654333714286,2.2639714385714282,5.8045142834285715,16.177143084285714
7365,5.045182821571428,7.115439968857143,20.45733400857143,4.8929371732857145,2.285551443428571,5.821114324,16.354051498571426
7366,5.066762840571428,7.147217126571428,20.695425368571428,4.926611477714286,2.307131448285714,5.938025759714286,16.606845779999997
7367,5.052297100571428,7.1948828350000005,20.60033107714286,4.977122920285715,2.3287114531428563,5.804514283285714,16.665894255714285
7368,4.929694252857144,7.147217070000001,20.203353985714283,4.884400055428571,2.3574057509999995,5.637802838428572,16.412862734285717
7369,4.936808531857143,6.956554236428572,19.98115128857143,4.817051503,2.3647571697142853,5.687839973142858,16.20227976142857
7370,4.886297089285714,7.099551361571429,20.25125698857143,4.926611477714286,2.379222881428571,5.854551417999999,16.303302532857142
7371,4.9152285128571425,7.290214251714287,20.552902777142858,5.137431491428572,2.3865743001428568,6.021499988571428,16.640282647142858
7372,4.951274271857143,7.1948828350000005,20.521362914285714,5.0278714601428565,2.4155057237142854,6.2216485275714275,16.682494181428574
7373,4.951274271857143,7.163105677285714,20.47393438857143,5.086919992285715,2.422857142428571,6.2882856465714285,16.648820075714287
7374,4.9368085882857144,7.099551361714285,20.473934388571426,4.8677999864285715,2.437322854285714,6.371759931857143,16.556097267142857
7375,4.987320030857142,7.083662811142857,20.712025748571428,4.968822815,2.451788566142857,6.5218713924285705,16.733242920000002
7376,5.0017857708571425,7.496765636142858,21.172557044285714,5.086919935714286,2.4733685710000004,6.538471433142858,17.16294584142857
7377,5.073877232428571,7.449099984285715,20.902451344285712,4.951985648571429,2.494948575857143,6.404960013142857,17.00287436857143
7378,5.131502953857143,7.607985660142857,21.109002841428573,5.019334201,2.523880013714286,6.371522862571427,16.926988727142852
7379,5.1604343774285715,7.862202809285714,21.64897700285714,5.053245659428571,2.516765720714286,6.304885743571427,17.12073430857143
7380,5.196480079857143,7.8304256514285715,21.871179924285713,5.044945695571428,2.5383457255714283,6.438397163428571,17.238594245714285
7381,5.355365755714286,8.084642857142857,22.284045680000002,5.196717092571428,2.5890942938571433,6.655145742999999,17.52506286
7382,5.485320008,8.322971455714287,22.522374278571426,5.188417128857142,2.639842862142857,6.621708592428571,17.600948728571428
7383,5.5647628177142865,8.227640038857142,22.458820075714282,5.146205706571428,2.6543085740000003,6.5882714418571435,17.40720292285714
7384,5.593694241285715,8.211751488285715,22.87192307,5.196954274857143,2.6616600069999996,6.755220012428572,17.710508702857144
7385,5.6155113860000005,8.036977205285714,22.87192307,4.935622875,2.647194281,6.788657163000001,17.668297167142857
7386,5.687839916714284,7.798648663285715,22.856034632857142,4.800688588,2.6687742858571433,6.822094313571428,17.609485929999998
7387,5.846962774857142,7.830425821142858,23.06258613,4.733102853428571,2.712171421285715,6.855531520714286,17.719045905714285
7388,5.926405641000001,7.735094291285714,23.22147186285714,4.623542878714285,2.7048199884285715,6.888968671142857,17.74442004857143
7389,5.984268544714285,7.671539975714286,23.332691830000005,4.438097149,2.6830028437142865,6.905805781,17.836905617142857
7390,6.114222853428571,7.496765692714286,23.332691830000005,4.429560003,2.646957127,6.939242931571429,17.761019975714287
7391,6.374131414428571,7.528542793857143,23.491577562857145,4.3619742682857146,2.6830028294285717,6.839168605571429,17.63462283571429
7392,6.634039975428572,7.433211377000001,23.87290323,4.395648544571429,2.719048546142857,6.7556943202857145,17.83690561857143
7393,6.915528612000001,7.44909992757143,23.952346095714287,4.522045685571428,2.7479799697142857,6.7556943202857145,17.701971274285718
7394,7.19701724857143,7.592097052714286,24.01590029857143,4.589631420142857,2.7840257005714286,6.788894288571429,17.49968849142857
7395,7.435345790571428,7.687428582571428,24.000011634285716,4.699191394857143,2.856354287714286,6.772294304428571,17.204682899999998
7396,7.630277225428571,7.862202865571428,23.87290300285714,4.791914259714285,2.928682846714286,6.989042884,16.83402868
7397,7.7820486788571435,8.100531464142858,23.79346013714286,4.741402817142857,3.029705717857143,7.072517169285713,16.699094335714285
7398,7.825445786,7.989311440285715,23.15815444714286,4.682591410857143,3.0586371414285707,7.289265748857143,16.117620015714287
7399,7.832797247142857,7.941645731857143,21.99852579428571,4.581568553857143,3.116499988571429,7.506014328428571,15.123280167142855
7400,7.738888640857143,7.893980023428571,20.711788509999995,4.455171412857143,3.1670114311428574,7.689562883142857,14.069891504142857
7401,7.543957149428572,7.576208615285714,19.552159857142858,4.236051407000001,3.181477142857143,7.556288588857143,13.159737146999998
7402,7.385071473714286,7.242548543428571,18.48786273428571,3.974720007142857,3.1670114028571428,7.539451422571429,12.291794212714285
7403,7.341674310142857,6.940665685857143,17.59834000714286,3.814648589857143,3.1741257100000007,7.405940002714286,11.482899867428573
7404,7.356139993714286,6.670559929571428,17.106031384285714,3.7387628914285713,3.188591421714286,7.6060885981428585,10.918499953142858
7405,7.421117176428571,6.511674253714284,17.29645697857143,3.595528612142857,3.2030571335714284,7.672962899285714,10.943874208857144
7406,7.4932086380000005,6.607005670571428,17.63011710714286,3.637740034428571,3.1957057289999997,7.739837200428572,11.171531360285714
7407,7.522140061714286,6.289234262428571,17.693671535714287,3.401782890428571,3.1162628628571434,7.723000034000001,11.137857140571427
7408,7.442697195428571,6.209791396285715,17.121920161428573,3.410082882571428,2.9647285634285714,7.789637152857144,10.52270854557143
7409,7.348788645571427,6.082682821571429,16.295951637142856,3.443757158714285,2.8490028689999995,7.956585779857144,9.873885731142858
7410,7.204368653142858,5.622151413714286,15.517648651428571,3.199262861571429,2.7406285792857146,8.140134334428572,9.115265787428571
7411,6.966040111142857,5.272602847714285,14.278577245714287,2.8537457217142856,2.6467200012857144,8.006622857857144,8.061877180571427
7412,6.7421772525714285,5.097828564714285,13.230405798571429,2.6765999982857145,2.5672771634285714,7.823074303142858,7.202234324
7413,6.5832914637142865,4.668837160714285,11.911891412857143,2.499454289,2.480720004142857,7.723000033714286,5.971700007999999
7414,6.489382857428572,4.668837160714285,11.27658561,2.558502849285714,2.488071437,7.756437240857144,5.322877136428572
7415,6.5398943,4.525840035428571,10.450617084857143,2.4406428399999998,2.625140024714286,7.706400106142858,4.6235428451428575
7416,6.5759400025714285,4.573505800428571,10.005974171142856,2.533365704857143,2.6685371601428574,7.622925764285715,4.084042850714286
7417,6.6193371097142855,4.954594342142857,9.958308519714288,2.802997132142857,2.7264000072857146,7.506251510714287,3.923971405142857
7418,6.669848495714285,5.2405886491428575,10.514408582571429,3.047491415,2.762682863857143,7.489651526571429,4.640142885714285
7419,6.648268476857142,5.478917191142857,10.562074348285716,3.1907257082857146,2.7916142874285717,7.422777225571429,4.7243286045714274
7420,6.590642811857143,5.796688627714286,11.213268704,3.3510342794285717,2.827660004142857,7.355902868,5.263828627285714
7421,6.496734262142858,6.050905720285715,11.467485852571428,3.5869914517142862,2.827660004142857,7.188954241,5.718905805428571
7422,6.402825712428572,6.5434514115714295,12.563560076285713,4.075742892,2.7987285522857137,7.138917106285715,6.932365806857143
7423,6.395711433571428,6.861222763285715,13.754728648571428,4.109417196428572,2.8347742548571424,7.055442821142856,8.011128641714285
7424,6.352314326428571,6.940665629428572,14.739583018571428,4.193840041,2.8347742548571424,7.055442821142856,9.275100109142857
7425,6.337848642857144,6.765891346428572,15.025340029999999,4.294862898,2.8490028127142852,7.072042805285713,9.081354302571429
7426,6.316031498142857,6.6228942211428565,15.247542951428573,4.320237182142857,2.798254244428572,7.105479955714285,9.477620017428572
7427,6.344725739571429,6.607005614,15.597091517142857,4.3453743124285715,2.7622085277142863,7.055442821,10.000045634999998
7428,6.409702865714286,6.448119938142857,16.295951409999997,4.269488585714286,2.6969942335714285,6.922168526571428,10.640331304
7429,6.510962820142858,6.162125687571428,17.058365845714285,3.8902971625714287,2.588857097714286,6.955605677142858,11.145919868857144
7430,6.597519965142857,5.7966885708571425,17.519134378571426,3.7302257171428574,2.5456971162857145,7.022480034714286,11.718856985714284
7431,6.734825678571428,5.637802895,17.88457138142857,3.603828576,2.4589028314285715,7.105717194285715,11.946514137142856
7432,6.864779930857144,5.669579996142858,18.393005679999998,3.4942685730000003,2.3649942675714284,7.222628630142857,12.696359894285715
7433,7.059948491428571,5.574248579428572,18.980882845714287,3.4352200127142862,2.3289485508571426,7.406177241428571,12.974291307142858
7434,7.269582848571427,5.494805713142858,19.31454274714286,3.291985733571429,2.3289485508571426,7.589725795999999,13.117525614285713
7435,7.464751409142858,5.510694263857142,19.584648674285713,3.1065400038571434,2.350765695428571,7.7064001061428575,13.193411368571429
7436,7.5513085541428575,5.5583599722857135,19.679979977142857,3.0728656994285717,2.364994267428571,7.823074359714285,13.210248534285714
7437,7.58759138242857,5.5424714217142865,19.83886571,3.0897028374285718,2.3287114108571423,7.823074359714285,13.227085700000002
7438,7.6236370849999995,5.431251397714285,19.902420140000004,3.0897028374285718,2.3215971318571427,7.706400049571428,13.235385664285715
7439,7.659919969714286,5.447140004857142,19.902420140000004,3.030891402714286,2.3000171411428574,7.489414344285715,13.184874277142857
7440,7.609408583571429,5.463028555428571,19.80708861,3.030891402714286,2.2855514294285713,7.3393028835714285,13.117525724285715
7441,7.508148516142858,5.431251454285714,19.74353440857143,3.047728540714286,2.2492685729999997,7.172591495285714,13.092151468571428
7442,7.399774282857144,5.351808588142857,19.56876001142857,3.081402845285715,2.2203371494285715,7.206028645857143,13.007965749999999
7443,7.349262896857143,5.1611456979999994,19.346320077142856,2.996979986571428,2.2782000107142855,7.122554360714285,12.873268645714287
7444,7.341911492285713,5.192922855714286,18.98088284714286,2.9464685440000005,2.278200010714286,7.039080018857143,12.637311530000002
7445,7.327445752142856,5.335919980999999,18.726665584285715,3.030654262857143,2.3505285838571424,7.039080018857143,12.376217284285715
7446,7.29116286742857,5.288254272714285,18.32945148,3.0811657054285715,2.4010400122857143,7.105717137857143,12.09828576
7447,7.254879982714285,5.240588564285715,17.932237148571428,3.0643285389999995,2.4515514407142858,7.1557542725714285,11.820117222857144
7448,7.117811451571428,5.304142823285715,17.66213144857143,3.157051403857143,2.4589028735714287,7.188954240999999,11.68542011857143
7449,6.980505738142858,5.256477114857143,17.344359984285713,3.098239969142857,2.4804828784285715,7.155517090428572,11.43262583714286
7450,6.807154265714286,5.478917162857144,17.05836562142857,3.2163371322857146,2.42997145,7.038842836714286,11.26401716
7451,6.568825667142858,5.606025737571429,16.85181435,3.3512714194285715,2.42997145,6.988805702,11.29792861857143
7452,6.316031385142858,5.574248636285715,16.899480114285716,3.2670857005714287,2.393688593571429,6.905331416857142,11.601234285714286
7453,6.113985671285714,5.876131493857144,17.360248647142857,3.427157117857143,2.4155057382857144,6.838694297857143,12.18247147857143
7454,5.955099939,6.035017226285715,17.535023042857144,3.5284171287142856,2.42997145,6.788657163142857,12.502851438571431
7455,5.824908504571428,6.178014351428573,17.868682944285716,3.5537914128571435,2.4589028735714287,6.671982909428571,12.865205694285716
7456,6.3089170498571425,6.750002965285715,18.932980067142857,3.899071405857143,2.574628568,6.621945774714285,13.454979864285715
7457,6.821857018571429,7.178994340857143,20.203828687142853,4.227751386428571,2.7335142862857147,6.621945774714285,14.221900027142855
7458,7.370842746428572,7.306102915428572,21.17279428,4.278262829000001,2.856354287857143,6.471834314142858,14.47469431
7459,7.869317088142858,7.703317133285714,21.93520860285714,4.590105699714286,2.9720800104285714,6.305122869285713,14.617928504285715
7460,8.317042805142858,7.941645675285714,22.316297031428572,4.615480012142858,3.058637155428572,6.1550114087142855,14.567417005714288
7461,8.786585666714286,8.243528532857143,23.142265555714285,4.817525726,3.145431426285714,5.988062838142857,14.710651312857141
7462,9.277945616428571,8.481857131428573,23.666351279999997,4.935385721000001,3.231988585571429,5.954625687571429,14.820211288571429
7463,9.169571383142856,8.497745682142858,23.52335421142857,4.943922867,3.217522873714286,5.871151402285714,14.870722787142858
7464,9.06831148542857,8.164085723285712,22.983142811428568,4.691128584857142,3.174125738285714,5.804514226857142,14.440782625714286
7465,8.988868619142858,8.275305747285712,22.887811508571428,4.792151413428571,3.145194314714286,5.8211142674285705,14.592316782857141
7466,8.981517157999999,8.195862881142856,22.66537134714286,4.665517146714286,3.051285736857143,5.921188593285715,14.50813117714286
7467,8.952585791,8.021088598142859,22.37937721,4.6318428140000005,3.080217160571429,5.904588609,14.255337007142858
7468,8.938120107571429,7.814537157285715,21.998051542857148,4.345374255714285,3.058400044142857,5.938025759571429,14.036217057142855
7469,8.945234443142857,7.798648606714286,21.96627444142857,4.370748568142857,3.0294685922857143,5.921425775428572,14.061354187142857
7470,8.952585791142855,7.623874323714285,21.775611607142853,4.379285714142857,3.0150028805714286,5.854788600142858,13.926657082857144
7471,8.931005772142857,7.623874323714285,21.44218871714285,4.218977142999999,2.978957149714286,5.871388640857143,13.682400002857145
7472,8.938120107714285,7.512654299714285,21.330968750000004,3.9747200352857144,2.986308554285714,5.8547886002857155,13.48011722
7473,8.880494386285715,7.2902143648571425,21.06086305,3.9242085927142862,3.0728656992857144,5.788151424857142,13.260997158571428
7474,8.894960069857143,7.163105790285713,21.315080085714282,3.941045759142857,3.007888544857143,5.821351449714286,13.429605722857145
7475,8.894960069857143,7.417322882999999,21.728182854285713,4.370985750571429,3.007888544857143,5.737877164428572,13.791959980000001
7476,8.938357233428572,7.321991409714286,21.648739987142857,4.379285714428571,3.0368199967142857,5.704440013857143,13.640425708571428
7477,8.995982955,7.226659992857143,21.791737055714286,4.252651447714285,3.0657514202857143,5.687840029571428,13.573077155714284
7478,9.147517226285714,7.417322883142858,22.44293141,4.505445758,3.1380800075714284,5.537728569,13.80049718142857
7479,9.255891459428572,7.449099984428572,22.55415137714286,4.66551720342857,3.181477171285714,5.437654299571429,13.851245807142856
7480,9.421891414142857,7.449099984428572,22.91958860714286,4.564494346571428,3.188828604142857,5.320742863857142,13.918594471428571
7481,9.537379982857143,7.528542850571428,22.98314303714286,4.5054457861428565,3.2393400467142857,5.187231444,13.825871549999999
7482,9.696265714571428,7.258437150714285,22.60181737,4.033531498142858,3.297202894,5.120594268714286,13.446680127142857
7483,9.826219967,7.1313285760000005,22.681260237142855,3.780737216,3.326134317571429,5.037119983571428,13.320282985714286
7484,9.949059996999997,7.020108552000001,22.713037338571432,3.5869914659999997,3.3550657694285713,5.037119983571428,13.286371527142856
7485,10.057434229999998,6.813557054571429,22.68126023857143,3.3090600112857134,3.333248624714286,5.037119983571428,13.252697195714285
7486,10.216319962428571,6.638782771571429,22.77659154142857,3.157288557857143,3.3619428944285716,5.070320008428572,13.227322825714285
7487,10.469114244142856,6.813557054571429,23.253011500000003,3.3173600032857142,3.405102876,5.103757159,13.556002862857143
7488,10.815817075714287,6.622894221,23.57078273857143,3.056028561,3.455614290285714,5.070557134142858,13.530628607142859
7489,11.112008521428573,6.734114245,24.285531295714286,3.157051417857143,3.462728569142857,4.9536457265714295,13.74121146714286
7490,11.429779985714285,6.829445718428572,24.33319706,3.1992628684285713,3.542171406999999,4.870408567,13.58114010714286
7491,11.119122856285715,6.877111426857144,23.84088866428571,3.224637180857143,3.505888550571428,4.7869342818571425,13.269534362857144
7492,10.74348865757143,6.956554293142857,22.999031475714283,3.435220054857143,3.5203542624285715,4.836971416571428,12.856668605714287
7493,10.259717237999999,6.9724429002857145,21.90295725142857,3.4691314849999997,3.477194280857143,4.836971416571428,12.224682900999998
7494,9.624174422,6.829445718428571,19.425288690571428,3.250011450857143,3.4556142901428575,4.937045686,10.236002822142854
7495,8.923654423142855,6.956554293000001,15.231891639285712,3.351271447571429,3.4124543087142856,5.070557105857143,6.9411399519999994
7496,8.215782963571428,6.893000034000001,10.466743100285713,3.3512714475714285,3.354828587142857,5.254105688714285,3.1321514277142843
7497,7.40688861842857,6.845334325571429,5.701594448714286,3.6377400341428574,3.3258971635714283,5.520891402999999,-0.8454457722857143
7498,7.175911480999999,6.84533432557143,1.1427601687142854,3.5618543074285713,3.333248568142857,5.837714252,-5.151723009428571
7499,7.009911413142857,6.702337200285714,-3.288728468428572,3.5786914455714287,3.3837599824285713,6.121337132571428,-9.331602992285713
7500,6.800277112571428,6.670560042428572,-7.624885574142858,3.5447800154285716,3.369294242428571,6.605345677714285,-13.705228556142858
7501,6.792925707857143,6.734114357999999,-11.182976933285715,3.738525737285715,3.2827370972857146,7.155754329142858,-17.000091497285716
7502,6.785574303142858,6.765891459285713,-13.009688377714285,3.8395485942857137,3.2104085100000006,7.756200058857144,-18.955097088571428
7503,6.720597120428571,6.654671435285715,-14.629611313,3.8985971547142855,3.21040851,8.356882857714286,-20.589722945714282
7504,6.677200013285714,6.765891402714287,-15.884334144285713,3.8312485457142857,3.058874238857143,8.607305713428572,-21.862231558571434
7505,6.640917128571429,6.892999977285714,-17.011948457142857,3.9830199708571428,2.9938971127142855,8.674180071,-22.881708424285712
7506,6.518077155285715,6.813557111142857,-18.171577109999998,3.8483228094285713,2.8639428322857143,8.707380039428571,-24.20449129714286
7507,6.482031452714286,6.750002852142857,-19.56929712285714,3.747299952571429,2.8350114087142857,8.523831484714284,-25.358902732857143
7508,6.287100017857142,6.797668560571429,-20.347600108571424,3.7304628144285714,2.8205456968571427,8.240208547571429,-26.12582278142857
7509,6.171611449142857,6.797668560571429,-21.11001443142857,3.6967885381428576,2.7989657061428566,7.956585666857143,-26.740971319999996
7510,6.063237159428572,6.924777135142857,-21.31656592857143,3.696788538142857,2.7989657061428566,7.756437127999999,-27.010840007142857
7511,6.063237159428572,6.8929999774285715,-21.269137401428573,3.5367171208571433,2.849477120428571,8.039822883571428,-27.03597713857143
7512,6.135565746714286,6.877111426857143,-20.95160317571429,3.6967885381428576,2.8926371301428566,8.390082826428571,-26.901280260000004
7513,6.2655199989999995,6.972442843714286,-20.443405890000005,3.8146485614285717,2.9649657172857142,8.940728603571428,-26.168271555714284
7514,6.323382846285715,7.1789942280000005,-19.188682945714284,4.177002846428572,2.986545736285715,9.491137142,-25.08120878428571
7515,6.438871415,7.274325701428572,-18.235605791428572,4.337311417571429,3.051522862428572,9.991745784857144,-24.255477271428568
7516,6.388359972428572,7.05188571,-16.94886850714286,4.337311417571429,3.037057150714286,10.408880141571428,-23.067391729999997
7517,6.424405731428571,6.861222876428571,-15.678257012857143,4.320474279428572,3.044171458,10.675665855714287,-21.710460045714285
7518,6.4028257125714285,6.591117176571428,-14.407408393142859,4.210914276571429,3.065751477,10.609028679714287,-20.23590566142857
7519,6.344962865285715,6.289234318999999,-12.787248445285714,3.9076085801428575,3.015240034428572,10.525554451142856,-18.23038845857143
7520,6.395711489999999,6.146237193714285,-9.785019937857141,3.6465142777142856,3.137842882142857,10.258531611142859,-15.516999965142857
7521,6.388360085285714,5.812577234857143,-6.147722951142856,3.1577628517142857,3.0657514488571427,10.041783031571429,-11.674337109428572
7522,6.316268680285714,5.399474353285713,-2.3515400040000007,2.8878942775714287,2.9934228898571433,9.87483446057143,-7.696739910285715
7523,6.352314382857143,5.351808644857142,1.4287541659999996,2.8037085588571427,2.9789571638571433,9.691285849857142,-3.7950284647142865
7524,6.417291508999999,5.2247000702857145,5.209048561714286,2.7192857144285716,2.8705828739999997,9.541174445857143,-0.09583704185714279
7525,6.540131538714285,5.145257204142857,8.973454406285715,2.752960018857143,2.747742858285714,9.407662969285713,3.544542918142857
7526,6.677437252142857,5.097591495714285,12.563323094142858,2.8539828757142858,2.6898799969999994,9.407662969285715,6.8311058238571425
7527,6.7279486382857145,5.113480046285715,14.898231626714287,2.9886800088571426,2.480482850285714,9.27438861842857,9.325611494714286
7528,6.9446972178571444,5.145257147571428,16.32796598,3.081402859428571,2.4731314172857144,9.057402913142857,10.437811507571428
7529,7.183025759857143,4.970482836285714,17.392263102857143,2.9889171485714288,2.4441999937142853,8.807217126428572,11.339428661285714
7530,7.457637186571428,4.8592628122857136,18.408657334285714,2.896194297857143,2.458665719714286,8.623668515142858,12.072674377142858
7531,7.652805803714285,4.811597047285714,19.186960094285716,2.786634294857143,2.4660171384285716,8.506994205,12.713197171428572
7532,7.739362948857143,4.763931338857143,19.71104559142857,2.702211422142857,2.4589028594285716,8.273408515714285,13.15143718285714
7533,7.804340075,4.763931338857143,20.044468254285714,2.584114273285714,2.4733685852857143,7.9897855785714285,13.404231465714286
7534,7.8837829977142855,4.684488529285715,20.36200248,2.5167657208571432,2.473368585285715,7.772799873285714,13.513791552857144
7535,7.934294383857142,4.716265686999999,20.56831673857143,2.5250657271428567,2.451788580428571,7.656125619714286,13.648725784285713
7536,7.963225863999999,4.811597132,20.711313807142858,2.4660171527142856,2.451788580428572,7.522614199857142,13.682400004285713
7537,7.9124773522857135,4.843374289857143,20.632108179999996,2.525065727142857,2.437322854428572,7.405939946285714,13.65702574857143
7538,7.883545872142856,4.8433742898571435,20.505236787142856,2.5082285748571427,2.4589028592857143,7.272428526285713,13.547465774285715
7539,7.847500113142857,4.859262897,20.346588292857145,2.4830914304285714,2.480482864142857,7.305865676714285,13.421068632857144
7540,7.7969886705714275,4.859262897,20.108496932857143,2.466254292285714,2.487834282857143,7.272665708285714,13.277834325714284
7541,7.688614324285713,4.8433742898571435,19.743296942857143,2.4408799940000003,2.4517885661428567,7.306102858857143,13.067014227142858
7542,7.544194331999999,4.763931423714285,19.346319850000004,2.4157428497142854,2.4517885661428567,7.289265692571428,12.831057111428573
7543,7.414240023142858,4.557617136857143,19.123879914285713,2.4353466564999997,2.451788566142857,7.239228557857143,12.780545725714287
7544,7.2048428481428575,4.462285720000001,19.250751307142856,2.3860999806666663,2.4083914307142855,7.239228557857143,13.109225762857141
7545,7.009911413285715,4.621171452428571,19.457065565714284,2.7106299911666665,2.3578800022857145,7.205791407285715,13.564302941428574
7546,6.778697150142857,4.7641685775714295,19.647491387142857,2.8284900074999997,2.3434142764285717,7.139154288428571,13.859308647142857
7547,6.663208581428571,4.907165702714286,19.90147141142857,3.0448433258333334,2.364994281285714,7.122317122142857,14.171151517142858
7548,6.518788589142858,5.1137171434285715,20.44144579857143,3.3300866806666662,2.364994281285714,6.988805702142857,14.853885960000001
7549,6.388834336857143,5.701594307999999,21.61672587714286,3.9296233131666667,2.3360628577142855,6.9055685989999995,16.160068792857142
7550,6.193665719857143,6.654434253142857,22.74434019,4.244351413142857,2.30713142,6.939005749428572,17.32301731714286
7551,6.092642834714285,7.226422867142857,23.427548884285716,4.775314275714286,2.336062843571429,6.905568598857143,18.02235146142857
7552,5.969802861285714,7.7505085338571424,23.856540315714284,5.196717121142856,2.357642848428571,6.872131448428571,18.671174332857138
7553,5.933757158714286,8.290482807857142,24.396751715714288,5.7108428312857145,2.3794599929999998,6.855294282142857,19.379045679999997
7554,5.839848609,8.878122847285713,24.88929735,6.123708558857143,2.350528569428571,6.788657163142857,19.93514574285714
7555,5.724122914571429,9.529317145428573,25.42927173714286,6.747157174714286,2.3431771507142853,6.905331416857143,20.533457115714288
7556,5.565237182142857,9.783297168285713,25.175291712857142,7.151722966714287,2.3576428625714283,6.938531385285714,20.288962797142858
7557,5.52919147957143,10.005737216714284,25.048420321428573,7.345468660142857,2.372108588428571,6.855057100142858,20.16256565714286
7558,5.4929086514285705,10.498045725571428,25.016642994285714,7.657074405142857,2.3647571697142853,6.8050199654285715,20.37338564285714
7559,5.449511487857143,10.62515435742857,24.984865894285715,7.732960103571428,2.372108588428571,6.788419981142856,20.297499774285715
7560,5.348251477,10.609265806857142,24.953088792857148,7.893031577428571,2.3431771648571424,6.705182821428571,20.415359711428575
7561,5.196480023571428,10.75226287542857,24.889534590000004,8.188037338285714,2.328711439,6.6551456867142855,20.449033818571426
7562,5.102571417285715,10.799928526857144,24.492557271428574,8.078477250428572,2.3287114389999997,6.538471433,20.263587975714284
7563,5.102571417285715,10.75226276257143,24.301894438571427,7.901568610285714,2.3431771507142853,6.438397163428571,20.221613678571426
7564,5.073639993714286,10.625154244,24.06356584,7.842520078142856,2.364994281285714,6.438397163428571,20.086679334285712
7565,5.109922821857142,10.355048544285713,24.19043745857143,7.640237182142856,2.4157428495714286,6.404960012999999,20.036168061428572
7566,5.160434264428571,10.085179969428571,24.095105928571428,7.454791508999999,2.459139999142857,6.30488574357143,19.834122517142855
7567,5.297739977857143,9.862977047142858,23.793222901428575,7.109274305571428,2.5385828512857143,6.238011499,19.39611985857143
7568,5.413228546571429,9.434222740285716,23.602560068571428,6.738619972000001,2.6182628572857145,6.238011499,19.21091148142857
7569,5.593931423571428,8.973691332714285,23.602560068571428,6.351128585142858,2.7050571281428573,6.271448649571427,18.87369435428571
7570,5.716771396857142,8.783265624714286,23.77733423714286,6.115171469428573,2.7629199895714285,6.3048858001428565,18.907368687142856
7571,5.774634244,8.449842735,23.459562771428573,5.8201657085714285,2.8063171391428576,6.371760101142857,18.620900298571428
7572,5.868542850285714,8.433954184428572,23.078474115714283,5.618119994714285,2.856828553428571,6.405197251571428,18.17412319714286
7573,5.9624514,8.529285601285714,23.26913694857143,5.592745682285714,2.914454275,6.455234386285714,18.19926032714286
7574,6.041894266142857,8.75148852357143,23.714017044285715,5.6940056931428575,2.943385698571429,6.555308655857142,18.333957431428576
7575,6.1720857005714285,8.862708604000002,24.127119812857142,5.592745682285715,2.9720799964285716,6.5719086401428575,18.59505167714286
7576,6.229948547857143,9.148465728857145,24.349559972857143,5.778191411857143,2.964728563571428,6.588508624285714,18.80587166285714
7577,6.330971433142857,8.941914288142858,24.286005771428567,5.668631380714285,2.9863085542857144,6.588508624285714,18.561377344285713
7578,6.410414299428572,8.846582814857143,24.61966567428571,5.643494250571429,2.9789571214285715,6.571671458,18.84784573285714
7579,6.417528578285714,8.449605666,24.36544841285714,5.390699968428572,2.950025697857143,6.605108608571428,18.595051451428567
7580,6.482505704428571,8.14772280842857,24.143008478571428,5.137905686285714,2.8923999762857138,6.6717457275714285,18.274908504285712
7581,6.576414254285715,7.718968501857143,23.90467988,4.817525697714286,2.8634685527142856,6.771819997000001,18.17388550571429
7582,6.677437139428571,7.528305611714287,23.872902778571426,4.716502869,2.820308543,6.888731432714286,18.13167397
7583,6.821857131714286,7.290214251857143,24.190437005714283,4.573268561571429,2.7842628404285716,6.93876856742857,18.31711981285714
7584,6.951811383857143,7.242548543428571,24.44465404142857,4.472008607142857,2.7408657050000005,6.955368551714285,18.527939798571428
7585,7.182788577714285,7.401434332285713,24.730411392857146,4.547894362142857,2.7769114357142857,6.872131392,18.6375
7586,7.399537100857143,7.846077133,25.254734354285713,4.918548639285715,2.8129571665714286,6.872131392,18.949342757142855
7587,7.515262851714286,8.195388516714285,25.36595432142857,5.070320092714285,2.8634685808571425,6.9390056929999995,19.126251397142855
7588,7.515262851714286,8.417828564714286,24.952851552857144,5.196717205571429,2.892400004428571,7.005880050571428,18.66263713
7589,7.500797111714286,8.687697082285714,24.42852881714286,5.314577200571429,2.9429114187142855,6.9724429,18.04748859142857
7590,7.385071417285715,8.608254216142857,22.63383171142857,5.314577200571429,2.978957121285714,6.989042884285714,16.420925685857142
7591,7.262231443999999,8.528811349857142,19.075740309142855,5.306277180285713,3.051285680285715,7.072517169428572,12.948917163714286
7592,7.074414231571429,8.147485569571428,14.358257308428573,5.087157146142857,3.0657513921428574,7.105717194428572,8.255148539428573
7593,6.886597132142856,7.734619926714286,9.402445822999999,4.699665730857142,3.0657513921428574,7.038842893428572,3.536005772285715
7594,6.763757102285714,7.432974251428571,4.367191584428571,4.488845717142857,3.080217104,6.905331473428572,-1.360045634857143
7595,6.66984855242857,7.162868495000001,-0.4771628084285712,4.202377158857143,3.0946828157142856,6.771819996857142,-6.163374233428572
7596,6.626451388714286,6.908888528142858,-5.559845799857143,4.042305741571429,3.0946828157142856,6.788419981142857,-11.185585543428573
7597,6.669848552428571,6.940665629285715,-9.72146597557143,3.949582876857143,3.109148555714286,6.988805702142857,-15.382065566428569
7598,6.742177139714285,7.099551361714286,-11.913377369,3.8736971501428568,3.094682843857143,7.2724285828571436,-17.808985615714285
7599,6.857902890571429,7.449099927714286,-13.215765851142857,4.000094319428571,3.1020342484285712,7.639525748714285,-19.19081719142857
7600,6.930231477714286,7.512654186714286,-14.50250302142857,4.075742892285715,3.1020342484285712,7.739600018142856,-20.715883072857142
7601,6.865254351714286,7.369657061428571,-15.963777237142855,3.8314857419999995,3.0731028248571426,7.839674287571428,-22.224349027142857
7602,6.843674332857144,7.3378799037142866,-17.15518299,3.789274319714285,3.0657514202857143,7.873111438142857,-23.54736891285714
7603,6.706605801714285,7.147217070000001,-18.283034315714286,3.4774314349999997,3.0152400059999995,7.806474319142857,-24.550246077142855
7604,6.533254329285714,7.051885653285715,-19.37910854,3.376171452285714,2.9865457081428572,7.556051463428571,-25.67098340714286
7605,6.381482875857143,6.972442787142858,-20.332185695714283,3.266611449285714,2.9791943035714286,7.238991432285714,-26.52208883571429
7606,6.229711422428571,6.924777135285715,-21.36470571857143,3.047491443428572,2.9791943035714286,6.938768567428572,-27.331220192857142
7607,6.049008545428571,6.908888584714286,-21.650462844285716,2.676837152142857,2.993660015285714,7.122317122,-27.542039952857145
7608,6.005611381714286,7.115440025571429,-21.26913717714286,2.963305752857143,3.0297057460000003,7.489414231428571,-27.120636994285714
7609,5.9261685154285715,7.337880017000001,-20.903699948571425,3.182425758714286,3.058637169571429,7.889711365714286,-26.429602814285715
7610,5.889885630714287,7.480877142285714,-19.982399894285713,3.4269200345714284,3.080217160285714,8.473557055142859,-25.55312279
7611,5.882771351714284,7.306102859285715,-18.933991208571427,3.2668485891428567,3.12337717,9.107677060285713,-24.365036795714282
7612,5.861191332714285,7.242548600142858,-17.758474118571428,3.3595714539999997,3.145194286428572,9.674922765428573,-22.95759406428572
7613,5.955099939,7.0677742605714275,-15.74109983957143,3.174125724285715,3.2317514315714284,10.15869412857143,-21.112148221428573
7614,6.012962786285714,6.877111370428571,-14.009719811142856,3.3088228715714285,3.2246371244285714,10.358842780571427,-19.34235123428571
7615,6.063474228857144,6.6070056705714295,-12.35801977442857,2.980142848714286,3.217522817285715,10.49211713157143,-17.640139698571428
7616,6.106634266857142,6.130348558142857,-9.927779795999998,2.7863971270000003,3.1959427982857145,10.458680037571428,-15.002399607428572
7617,6.287337143857143,5.669579996428571,-6.878122734571429,2.5167657067142857,3.246454240857143,10.392042861857144,-11.345182538
7618,6.4751542998571425,5.542471421857144,-3.2090485331428575,2.5841142874285716,3.2538056454285713,10.225094291857143,-7.746776873714286
7619,6.597994329714284,5.399474296714287,0.5394686482857143,2.516765735,3.2464542408571426,10.108419981285712,-3.9463255531428567
7620,6.547482887142856,5.161145754714286,3.8751200735714284,2.643162876142857,3.116499960285715,10.041545793142857,-0.5248285302857142
7621,6.742414321999999,5.065814337857142,7.385308769428571,2.778097163142857,3.1091485557142855,10.008345711714284,2.8795943142857143
7622,7.009674287571428,5.018148572857142,10.943400129857142,2.862520021714286,3.0368199967142857,9.958308577428571,6.267179991428572
7623,7.349262840428572,5.145257119285715,13.961280147142856,2.8371457375714284,2.971842870714286,10.091819940285715,8.626514306
7624,7.522614312857142,5.1293685685714285,15.867434458571427,2.912794310428571,2.906865716428572,10.041782805428571,9.68820287657143
7625,7.681500045285714,5.034037151714285,17.090617427142856,2.7444228727142854,2.8200714455714286,9.975145630142858,10.707679969428572
7626,7.854851517714287,4.827485710857142,18.011917481428572,2.677074292,2.740628579285714,9.875071360714287,11.33112858457143
7627,8.057134413714286,4.763931395285715,18.901203195714285,2.6180257174285715,2.690117150857143,9.774996978142857,12.021925753142856
7628,8.100531520857142,4.716265686857143,19.504731558571425,2.466254278142857,2.5672771351428567,9.708122677,12.59486287
7629,8.187325848285713,4.684488585714286,19.99704018,2.4323428480000002,2.574628568,9.624885460285714,12.915242829999999
7630,8.107882982142856,4.700377192857142,20.282797304285715,2.4072057037142858,2.574628568,9.508211150714287,13.218785622857142
7631,8.172860051714284,4.811597188571428,20.536777327142858,2.3652314212857144,2.5241171394285713,9.474774056714287,13.480116994285712
7632,8.165508590571429,4.811597188571428,20.695425821428575,2.4072057037142858,2.596445698428571,9.391299828000001,13.648725557142855
7633,8.295462842857143,4.970482864428571,20.885851415714285,2.3564571212857146,2.6903542764285713,9.374462661571428,13.76682262142857
7634,8.345974228857141,4.922817156,20.885851415714285,2.331319991142857,2.719285714142857,9.407899868714285,13.716311234285714
7635,8.410951411428572,5.018148572857142,20.79075735142857,2.306182861,2.813194278,9.424737035142858,13.564539837142858
7636,8.418065746857142,5.002259965714286,20.616220194285713,2.272508570714286,2.9142171350000003,9.407899981857144,13.387394184285714
7637,8.410951411428572,4.986371358571428,20.409905935714285,2.2388342802857144,2.943148558571429,9.407899981857144,13.168274235714287
7638,8.389371392428572,5.002259909285714,20.044705945714288,2.2978828547142855,3.0370571224285716,9.441337075857145,12.856431365714284
7639,8.338860006285715,5.034037067000001,20.155925912857146,2.2390714341428573,3.029705717857143,9.574848439285715,13.08385139142857
7640,8.201554292857143,5.097591382571429,20.346588747142857,2.289820016571429,3.0081256988571425,9.658322781142857,13.44620576142857
7641,8.114997091285714,5.351808531714285,20.457808714285715,2.3908428592857143,3.0512857085714282,9.674922821857141,13.690699967142859
7642,7.869317088142857,5.256477114857143,20.537014341428574,2.4667285718571432,3.0657514485714286,9.708122903285714,14.01937989142857
7643,7.674385596714286,5.558359972428571,21.061100064285714,2.7700343105714285,3.0078886012857144,9.708122903285714,14.702114108571427
7644,7.508148516285713,5.876131437142858,21.585185787142855,3.0733400352857143,2.942674321142857,9.708122903285714,15.603731261428573
7645,7.276934253142856,6.511674253571429,22.871685605714283,3.570391481714286,2.870345762142857,9.574611539857143,17.069985567142858
7646,7.103582780714285,7.099551418142858,23.380119904285714,4.084280066285715,2.855880022142857,9.391063041714286,17.600948499999998
7647,6.901299884714287,7.528542850428571,23.84088866428571,4.564494346428572,2.8124828868571425,9.257551565142858,18.21609703857143
7648,6.713482785285715,7.878091473,24.396988727142855,4.977360074142857,2.725925727571428,9.157477182571428,18.974479885714285
7649,6.634039919142858,8.338860063,25.096085858571428,5.373388635428571,2.6175514237142856,9.074239966428573,19.682351458571425
7650,6.561711388428572,8.751725818714286,25.588394481428573,5.626420043285715,2.574391414,8.957565656285714,20.044705715714283
7651,6.568825667285714,9.196368618714285,26.16014574428571,6.005611438142856,2.6033228375714286,8.75741711742857,20.533457114285714
7652,6.525428560142857,9.132814416142857,25.826723079999997,5.938262829142857,2.625139982285714,8.690779942,20.120591358571428
7653,6.467565713,9.196368618714287,25.95383171142857,6.081497080142857,2.6396057222857143,8.657342734857142,20.423896914285713
7654,6.366542884285715,9.212257169285715,25.89027728285714,6.098334246428571,2.6469571551428572,8.557268465428573,20.29749977428572
7655,6.2581685944285725,9.19636850557143,25.874388619999994,6.056359949857142,2.690354304714286,8.490631403142858,20.22161413142857
7656,6.200542872857142,9.053371323857144,25.651948685714284,5.988774215142856,2.806080013142857,8.357120039714285,20.230151108571427
7657,5.991145697857143,9.021594109714284,25.20730582857143,6.182519908571429,2.784262868428571,8.273645697857143,20.348011272857143
7658,5.7746342440000005,9.037482774,25.06430876,6.18251990857143,2.834774282857143,8.223371437428572,20.31433694
7659,5.644679935285715,9.243797033285714,25.143751627142855,6.443614211000001,2.8852856971428573,8.206534271,20.600805555714288
7660,5.572588530142857,9.40244564,25.111974525714288,6.4858256331428565,2.8347742545714287,8.239971478142857,20.676691424285714
7661,5.4352828167142855,9.608759897999999,24.857757488571426,6.637597030142857,2.798491398,8.406920048714285,20.904111337142858
7662,5.377419969571429,9.846851371571429,24.90542325285714,6.890391312285715,2.7695599602857146,8.473557111000002,21.15690562
7663,5.305091438857143,10.291494228714287,25.080197422857143,7.101211354428571,2.675651396428571,8.623668515142858,21.342351462857145
7664,5.283274294142857,10.38682575857143,25.381842984285715,7.075837098571428,2.755094262714285,8.757179991714285,21.367725605714288
7665,5.377182900428571,10.180511386857145,25.048420094285717,7.058999988714286,2.711934281285714,8.84065422042857,20.971697015714287
7666,5.492671469142857,10.244065701142858,25.159402822857146,7.067537134857143,2.6614228669999997,8.874091427571427,21.173979798571427
7667,5.507137152714285,10.196400049714285,25.31805131571429,7.042162879,2.6543085881428574,8.824054292857143,21.182516774285716
7668,5.767282839428572,9.974197241142857,25.604045454285714,6.949440014142857,2.683240011857143,8.640505794714285,21.207891142857143
7669,5.788862858428571,9.783771532571427,25.461048385714285,6.797668617142856,2.704820016714286,8.423757271714285,20.786488184285712
7670,5.890122812714286,9.799660082571426,25.635585542857143,6.831342893285713,2.7337514545714288,8.123534406857143,20.84529964714286
7671,5.9479856600000005,9.640774350142857,25.572268580000003,6.662971455714285,2.6616600212857144,7.773274407285713,20.794788374285712
7672,5.94798566,9.831200057571428,26.128131630000002,6.755694320571429,2.6616600212857144,7.523088733714286,21.249865665714285
7673,5.883008533857143,9.688202876428571,26.017148901428573,6.637597199857143,2.6543085884285715,7.189428718285713,20.997071382857143
7674,5.947985716571429,9.592871346,25.81083464285714,6.612460069714286,2.6614228672857143,6.839168662142856,20.878974431428567
7675,5.933520033142856,9.78329705457143,26.2872546,6.747157231,2.6398428765714286,6.488908606,21.19911738
7676,6.128688593714285,10.132608494571429,27.113222898571426,7.025325825571429,2.632728597714286,6.271922900714285,22.016548927142857
7677,6.215245738857143,10.116719944571429,27.653434298571426,7.084374414285714,2.6182628717142857,6.088374289571429,22.117808937142858
7678,6.453574337428571,10.02162565342857,28.01863428857143,7.008488715714286,2.647194295285715,5.9882999635714285,22.218831709999996
7679,6.662971455857142,10.021625653428572,28.44762572142857,7.092674378,2.582217140857143,6.205285668857143,22.522137265714285
7680,6.915765737999999,10.069291418857144,29.21003981714286,7.193934332285714,2.575102862,6.455471342428572,22.960377391428572
7681,7.1396285964285715,10.180511499285716,29.845345508571427,7.193934332285714,2.5679885831428573,6.822331326142858,23.24684578
7682,7.341911492428571,10.339397230714287,29.638794238571425,7.118285759571428,2.6256143045714286,7.272665651714285,22.884491295714287
7683,7.507911503714287,10.005974341285713,28.701605747142853,6.772768556,2.6977057378571425,7.506251341142857,21.82280266857143
7684,7.688614324285714,9.704328665857144,27.47842289142857,6.570485659857142,2.806080041714286,7.823074246571428,20.643016864285716
7685,7.623637198142857,9.466000067285714,26.09659131714286,6.435551372857142,2.856591456,8.073260033285715,19.34537112
7686,7.544194331857142,9.05313436857143,23.714016821428576,5.921425719142857,2.957614312857143,8.056422866857144,17.112196877285715
7687,7.414240022999999,8.497271487,19.80661404914286,5.272602875857143,3.029705746142857,8.139897208714286,13.311508260714287
7688,7.248002829571428,7.782522873714285,15.358999736000001,4.767014283428572,3.101797179428572,8.306845779285714,8.980094120285715
7689,7.045719933571428,7.004220001428571,10.673294006142857,4.092817141857142,3.130728603,8.173334302714286,4.404422787428572
7690,6.814742796142857,6.575228569285714,6.305122671857142,3.738762877285714,3.138080007571429,8.25680864457143,0.3004285602857146
7691,6.597994273142858,6.432231387571428,2.032519880428571,3.629202902714286,3.1451942865714284,8.156734318714287,-3.6771685268571423
7692,6.554597109428571,6.432231387571428,-1.986102887428571,3.688251434857143,3.137842882,8.106697127428571,-7.621091279714285
7693,6.547245704857142,6.352788577857142,-5.560082797428572,3.5957656957142854,3.173888612857143,8.040060065142857,-11.177285634142859
7694,6.720597120857143,6.416342836857143,-7.609234205142857,3.722162836714286,3.210171469285714,7.906548588571427,-13.427297099
7695,6.886834314285714,6.750002852142857,-9.022842769142859,4.1013542880000005,3.239102892857143,7.672962955714285,-15.078759895714285
7696,6.987857142857144,6.861222819571429,-10.198122790714285,4.404660026714286,3.239102892857143,7.6395258052857145,-16.43545422714286
7697,7.074414288000001,6.845334268857142,-11.373402755,4.362685730142858,3.2317514882857146,7.556051463428572,-17.918545587142855
7698,7.139391414,6.495785702857143,-12.676028589285716,3.899071434142858,3.188354352857143,7.539451479142857,-19.300377161428575
7699,7.081765692571429,6.178014294714286,-13.851545792857143,3.418620028285715,3.1594229009999997,7.522614312857144,-20.42111449142857
7700,6.987857142857143,6.0032400117142855,-14.868177264285716,3.182662884285715,3.123377170142857,7.50577709,-21.37324291857143
7701,6.706131437142858,5.7331343118571425,-15.725923002857144,2.971842884571429,3.0726286018571427,7.4723399395714285,-21.887131447142856
7702,6.482268578714286,5.4153629037142865,-16.440671672857142,2.550440011,3.036582871,7.438902732428572,-22.139925955714286
7703,6.2802228648571425,5.304142936285714,-16.66311160714286,2.314482838857143,3.015002852,7.605851359428571,-22.03036598142857
7704,6.0852914298571426,5.272365778571428,-16.64722317,2.440879979857143,2.9644914094285717,7.856037033,-21.617500451428572
7705,5.976917140142858,5.463028668714286,-15.884808735714287,2.6348628272857146,2.9644914094285717,8.289771317714287,-20.73272023857143
7706,5.897474273857142,5.44714006157143,-14.979397231428573,2.7612599684285715,2.9573771304285716,8.656868483571428,-19.873077381428573
7707,5.832497091285714,5.256477171428571,-13.97865431142857,2.7273485454285717,3.007888573,8.940491420714286,-18.735503111428574
7708,5.753054281571428,5.240588564285715,-12.628362825285715,2.761022835857143,2.971842842285714,9.207514317142856,-17.462994498571426
7709,5.702542838999999,5.240588564285715,-11.087645573714287,2.6429256939999997,2.935797139857143,9.457700103857144,-16.064325869999998
7710,5.666260010857142,5.0975914391428585,-9.388042760142856,2.5502028432857142,2.8924000045714284,9.641248602000001,-14.49704867842857
7711,5.658908549857143,5.002260022285713,-7.402682652,2.280571423,2.8924000045714284,9.724722943857143,-12.693577132857142
7712,5.666022885285714,4.637060003,-5.7030798378571435,2.0697514304285716,2.8203085571428574,9.641248715285714,-10.452102954999999
7713,5.694954308857143,4.589394294571428,-3.241062759285714,1.9772657194285714,2.7987285664285713,9.624648674571429,-7.443708586714286
7714,5.788862915,4.430745716142857,-0.3026256648571429,1.9184542882857143,2.719285700285714,9.624648674571429,-4.662734301571429
7715,5.991145754571428,4.303874323714285,2.3657057290000005,1.7920571471428572,2.661422853,9.708122903285714,-1.8483229218571424
7716,6.178962910428572,4.034005721285714,5.066051407428572,1.7078714318571429,2.596208572857143,9.708122903285714,0.789417112
7717,6.395711490000001,4.018117114142856,7.7502714652857145,1.6995714255714283,2.545697144285714,9.708122903285714,3.443994312857143
7718,6.756880061857144,3.9068971184285717,10.291731524285714,1.6995714255714287,2.553048577142857,9.82479721357143,5.887751414428572
7719,6.988094324999999,4.065545696857143,12.960300044428573,1.767157139,2.553048577142857,9.95830857642857,7.766871392285714
7720,7.262468626142857,4.113211405285715,14.882342963,1.842805711857143,2.581742846857143,9.991508657857143,8.946657084
7721,7.500797224714286,4.255971433,16.15319158285714,1.901617143,2.567277135,10.008345711142855,9.983208524571427
7722,7.6523315524285715,4.382842825428572,17.249265807142855,1.9355285731428573,2.5746285537142852,9.924871482428571,10.783802849142859
7723,7.89777443,4.6527114278571435,18.18645441142857,2.0367885732857145,2.6685371317142854,9.891671401,11.533648605285716
7724,8.186614414571428,4.605045719428572,19.012422935714287,2.061925717714286,2.6974685695714284,9.758160037571429,11.988725782857143
7725,8.172148731,4.700377164571429,19.615951524285716,2.095600008142857,2.6396057081428568,9.491374323142859,12.418428592857142
7726,8.237125857142857,4.700377164571429,19.917597312857144,2.103900014428571,2.6611857130000005,9.241188650142858,12.629248578571431
7727,8.280523020857142,4.620934326571429,20.092371482857143,2.053388586,2.6611857129999996,9.057877164571428,12.789320052857141
7728,8.280523020857142,4.541491460428571,20.314811418571427,2.070462870857143,2.668537146,8.907765760428571,12.932554359999997
7729,8.381782918714284,4.525602909857143,20.45780871428571,2.070462870857143,2.769560017142857,8.82429141857143,13.042114335714286
7730,8.32392007157143,4.398494335142857,20.42603161285714,2.078762863,2.719048574571429,8.740817189857143,13.042114335714285
7731,8.172385800428572,4.334940047857143,20.14027448857143,2.0450885725714287,2.7190485745714286,8.674180014428574,12.966228581428572
7732,8.114760078857143,4.30316289,19.743297169999998,2.019714274285714,2.7769114360000002,8.674180014428572,12.797857257142857
7733,8.085828711714285,4.239608602714286,19.330431414285716,1.9523657005714288,2.8058428595714284,8.657579973714286,12.553363051428573
7734,8.049545883428573,4.207831445,18.901439981428574,1.9018542721428575,2.8131942924285718,8.690779942,12.250057270000001
7735,7.970102960714286,4.080960024428571,18.551891414285713,1.6151485600000002,2.834774283142857,8.75741711742857,12.022400118571428
7736,7.876194411000001,4.287511465142857,18.80587121142857,1.6656599885714287,2.7697971287142855,8.757417117428572,12.275194512857142
7737,7.681262919571429,4.509951456571429,18.853536977142856,1.6824971408571427,2.748217123857143,8.774017044999999,12.443803077142858
7738,7.478980023428571,4.795945735285715,19.043962571428573,1.7415457152857141,2.849239980714285,8.790617085714286,12.704897322857144
7739,7.421117176285714,5.193160009714285,19.409162562857144,2.0197142815714284,2.921331414,8.774017045,13.18511163
7740,7.291162867571429,5.669817122142858,20.25101975,2.3820685737142857,2.9502628375714286,8.857254148,14.027917207142858
7741,7.190139982428571,6.321248517428572,21.172319804285713,2.8539828334285713,2.921331414,8.890691355142858,15.030557358571428
7742,7.110697116285714,6.892999920857142,21.887068361428568,3.4859685668571427,2.8997514232857147,8.924128449142858,15.907037268571429
7743,6.973391459428571,6.940665629285715,21.887068361428568,3.8483228377142855,2.878171418428572,8.907528521571429,16.20204286
7744,7.486331427571428,7.290214195285715,22.824019614285714,4.362448533714286,3.0010114341428573,8.890928594,16.71616851285714
7745,8.020851471285713,7.846077019857143,24.015425594285716,4.960759948714285,3.0154771460000007,8.890928594,17.50846293
7746,8.374668638571427,8.338385585000001,25.159165582857145,5.323114262,2.9720800105714287,8.824054292857143,18.148985612857143
7747,8.735837210428572,8.687697082285714,25.842136812857145,5.474885687142857,3.008125741428571,8.723980023428572,18.41861706142857
7748,9.125937205857143,8.719474296571429,26.334445435714283,5.643494306857142,3.1165000311428566,8.607305713285715,18.51133987
7749,9.544968624857145,8.941914288000001,26.604551135714285,5.727917151428571,3.203057176142857,8.423757215142857,18.359568587142856
7750,9.913488544714285,9.418334302999998,27.12887409714286,5.711080041571428,3.289614335428572,8.306845779285714,18.50280289428571
7751,9.761717148428572,9.656425776428572,27.44664578714286,5.803802906428572,3.2822629025714285,8.189934343428572,18.865157151428573
7752,9.631762783714285,9.450111517857144,27.01789136857143,5.584682900571429,3.2462171717142856,8.089860073999999,18.65433694
7753,9.559671265571428,9.069022976714285,26.684231467142858,5.3487257282857135,3.2535685762857143,8.073260146428572,18.384705717142854
7754,9.480228399428572,9.021357211285714,26.49356886,5.458048577285715,3.2319885572857143,8.040060178142856,18.207797304285716
7755,9.422365552285713,8.973691446428571,26.2554775,5.264065701571428,3.1525456911428575,7.973185877,17.997214331428573
7756,9.313991319142858,9.084911413857142,26.747786122857146,5.407299952428572,3.138079979428572,7.889711535142857,18.34273142142857
7757,9.277708491,9.164354279857141,27.303648947142854,5.769654209285714,3.1454313840000006,7.823074359714285,18.831482819999998
7758,9.234311327285713,9.212019931285713,27.255983182857147,5.828465672285715,3.123851365,7.773037168571428,18.814645654285716
7759,9.176448480142856,9.386557088571427,27.335188810000002,5.828465672285715,3.116499960428572,7.689562826714286,18.848319987142855
7760,9.125937094142857,9.481888505428572,27.366965911428572,5.954862813285715,3.116499960428571,7.506014215428571,18.98301709142857
7761,9.133288555285715,9.640774238000002,27.65296004857143,5.912888516714285,3.130965700428572,7.372502795428571,19.286322645714286
7762,9.075425708142856,9.894754262142856,28.208822647142856,6.165682798857142,3.1959428548571434,7.455977137285714,19.682351235714286
7763,9.190914276857143,9.862977160857142,27.811845554285714,6.106634266714286,3.2248742784285716,7.572888573142857,19.438094155714282
7764,9.190914276857143,9.704328554285713,27.50996275428571,5.7442800098571425,3.253805730285714,7.806474319142857,19.033528362857144
7765,9.190914276857143,9.593108586857143,27.605293831428572,5.634719978571428,3.239340018428571,7.923385811428572,19.168225692857142
7766,9.23431144057143,9.672551453714286,28.034285262857143,5.786491432000001,3.246691423,8.073497215571427,19.34537157142857
7767,9.371380028285715,9.910642926571429,28.447388031428567,5.769654322142857,3.297202865714286,8.340520055571428,19.513980022857144
7768,9.501334280428571,9.656662902857144,28.495053795714284,5.837002931142856,3.3258971354285713,8.524068610285715,19.497142857142855
7769,9.645991341714288,9.783771419999999,28.558608449999998,5.744280066285715,3.311431423571429,8.624142879714286,19.60670283142857
7770,9.732785669,9.862977160571429,29.003251307142854,5.693768623714286,3.325897135428572,8.690780055142858,19.867797077142857
7771,9.913488546142858,9.815311508714286,29.019139744285717,5.592508612857143,3.3401256932857146,8.607305713285715,19.766774305714286
7772,10.173634289,9.862977160571429,28.987362870000002,5.643257181142858,3.3617057122857146,8.557268578571428,19.455168561428568
7773,10.383031407142855,9.672551452000002,29.17802593,5.508322894,3.404865722,8.524068610285713,19.38758265714286
7774,10.599779987285714,9.529554270285715,29.130360164285715,5.499785748,3.3904000101428564,8.624142879714285,19.235811372857142
7775,10.75866572,9.338891436714286,28.780811598571432,5.078382874428572,3.383285731285714,8.707379982714285,18.789034271428573
7776,10.946482932857142,8.894248579857143,28.526594335714286,4.808751454285714,3.390637164142857,8.740817076714285,18.2497716
7777,11.076437185714285,8.43371711557143,28.14550568142857,4.412722878857143,3.347240028714286,8.774254170714286,17.853743011428573
7778,11.199277215714286,8.100057043714285,28.002508612857145,4.303162876,3.347240028714286,8.891165606571429,17.449177218571432
7779,10.664757228285712,7.496528510714286,26.525345732857144,3.8395486084285713,3.3038428651428577,9.157951320857142,16.412625721428572
7780,10.079725854714285,7.305865620571429,24.492082791428572,3.6035914644285714,3.1883542964285714,9.358099859714285,15.182328644285716
7781,9.465763000142857,6.972442730857142,22.554151605714285,3.3844714585714284,3.0944457184285716,9.241188423857142,13.901519954285714
7782,8.844448684714285,6.607005557714286,20.441683035714284,3.4520571648571425,3.0078885732857144,9.091077019714286,12.072911447142857
7783,8.172622926714284,6.384565622857143,16.327728654,3.2751485811428576,2.957140005,8.924128449142858,8.769511375142857
7784,7.50079716842857,6.352788521571429,12.340883015714285,3.418382874428571,2.9500256977142856,8.75717987857143,5.129131301428572
7785,6.828971410428571,6.400454229857144,7.814063018571427,3.452057150571428,2.892399976142857,8.473557054428571,1.4214027899999997
7786,6.6556199945714285,6.559339962142857,3.890771555285714,3.5616171534285717,2.8781714182857145,8.139896982571429,-2.227514372857143
7787,6.554359983714286,6.479897152428571,-0.04840857328571475,3.595291429714286,2.8999885630000004,7.839436992142859,-6.002591437142857
7788,6.402825655857143,6.305122869428572,-3.8763686204285714,3.553317133142857,2.8710571394285718,7.705925572285715,-9.878928625714286
7789,6.308917106142856,6.559340018571428,-7.323240011857143,3.519405703,2.827659989857143,7.755962707,-13.038857095714286
7790,6.243939980142858,6.559340018571428,-9.38804284442857,3.671177128285714,2.755568542428572,7.805999841714285,-15.196145696571431
7791,6.222360017571428,6.575228569142857,-11.580191434714285,3.7302256887142855,2.6905914164285716,7.939511318285715,-17.092102925714286
7792,6.0850543042857135,6.464008601714285,-13.422791486142858,3.7219256965714282,2.5748657080000004,7.956111302428572,-18.760640015714284
7793,5.947748590857143,6.241568610428572,-15.170060178571427,3.502805676571429,2.488071423,7.9395113181428565,-20.361828552857144
7794,5.7743971748571425,5.971462854142857,-16.551891639999997,3.325897121142858,2.3723457144285716,7.9395113181428565,-21.760734307142858
7795,5.629740056857143,5.844354279571429,-18.06083162,3.174125696,2.3291857047142854,7.9063113497142865,-23.02470549142857
7796,5.442160026571429,5.749022862714286,-19.2996659,3.140451419857143,2.2786742762857144,7.822837121,-24.02758265571429
7797,5.3119685919999995,5.669579996428571,-20.141523088571432,2.9886799945714286,2.2931400022857145,7.7393628922857145,-24.68494273
7798,5.080754272428571,5.764911413285715,-20.90393741,3.1150771638571433,2.2568571457142856,7.622451456428572,-25.35083978
7799,4.936334280142858,5.9555742469999995,-21.539243101428575,3.2497743252857143,2.2642085785714285,7.8225999952857155,-25.85642857
7800,4.7269371051428575,6.066794214428572,-21.71401727,3.409845756714286,2.1992314312857144,8.106222876,-25.915240032857145
7801,4.524654237428572,6.209791396142857,-21.936457204285713,3.569917174,2.20658285,8.373245772428573,-25.881565700000003
7802,4.336837081571429,6.352788577857145,-21.809348572857143,3.8312485738571427,2.177651426428571,8.673468637285714,-25.544585812857143
7803,4.163248511714286,6.162125744285715,-21.396482817142857,3.814411435714286,2.148720002857143,9.007128653285715,-24.929437274285714
7804,3.9322713742857145,6.082682878142857,-20.745288462857143,3.8985971545714286,2.0692771365714284,9.157477183142857,-24.137380094285714
7805,3.860179969285714,5.733134312142857,-19.53799404428571,3.612128568,2.0405828387142857,9.307825713,-22.612077199999998
7806,3.8746457092857143,5.447140061714285,-17.83839111714286,3.249774261857143,2.055048550428572,9.291225785428571,-21.027962615714284
7807,4.098508567857143,5.1137172284285715,-15.582925366428572,3.039191402,2.1560714144285713,9.191151516,-19.01390832285714
7808,4.329722859285714,4.669074342999999,-12.533268220857144,2.7527228365714285,2.1847656982857147,9.091077246571428,-16.039188401285717
7809,4.243165714142857,4.065545753428571,-9.292948291,2.297645722,2.119788558,8.991002977142857,-12.272411328285713
7810,4.2000057044285715,3.732122877857143,-5.639525514857142,2.087062855,2.0692771294285714,8.774254397,-8.497097080714285
7811,4.171074280857143,3.3669228868571426,-2.0019912885714293,1.7922942870000003,2.011414275142857,8.757417230571429,-4.730082741142858
7812,4.084279981714285,3.0970543268571427,1.5081971800000002,1.6151485705714286,1.9319714230000002,8.790617198857143,-1.2666113074285712
7813,3.9253942492857137,2.7000771639999996,4.764405738571428,1.7669199885714286,1.8020171425714289,8.974165697,2.2390714342857145
7814,3.8675314019999996,2.684188585142857,7.623637092142857,1.8511057074285713,1.664948569,9.290988545714285,5.390699995714286
7815,4.0337685389999995,2.8587257424285717,10.133319908,1.9606657032857144,1.6144371405714288,9.574611425857142,7.598499982714285
7816,4.5248914195714285,3.0970543127142856,12.229900005285714,2.061688553142857,1.664948569,9.824797098857141,8.761448536857142
7817,5.016014300285714,3.3351457431428573,13.516399937714285,2.1207371205714285,1.7370400024285715,10.02494563757143,9.562042749285714
7818,5.550534288142857,3.4779057427142854,14.707568452857142,2.2049228287142855,1.802017149857143,10.241931343000001,10.252839916857143
7819,6.005611438,3.6050143031428568,15.692422822857143,2.2554342572857142,1.8596428714285713,10.342005725571429,10.733054224571429
7820,6.460688559714286,3.7639000212857137,16.470725695714286,2.120737124142857,1.9246200117142858,10.408642900428571,11.036360005714286
7821,6.655857120428572,3.700345734,16.947145654285713,1.994339983,1.975131440142857,10.308568631857142,11.179594314285712
7822,6.756880005571429,3.6526800255714282,17.09014272285714,1.9184542704285714,2.0185285895714284,10.241694331857143,11.263780032857143
7823,6.9086514025714285,3.684220029428571,17.328471094285714,1.8930799934285714,2.069040018,10.208257239000002,11.347965751428573
7824,6.973628528714286,3.6206657421428567,17.487356825714283,1.867705709285714,2.0835057297142856,10.258294373285716,11.389940047142858
7825,6.973628528714286,3.668331450571429,17.56679969142857,1.8594057171428573,2.1124371532857142,10.224857279000002,11.44068856
7826,7.017025692428571,3.7316486121428576,17.630353894285715,1.8679428560000002,2.1629485817142857,10.208257238285714,11.499737035714286
7827,7.096468558571429,3.8267429032857145,17.693908095714285,1.85940571,2.227925721857143,10.141620063428572,11.499737035714285
7828,7.320331416999999,3.953614324,17.662130994285715,1.867942856142857,2.3073685738571426,10.091582928142858,11.440688447142856
7829,7.342148561571428,3.969502874714286,17.614465455714285,1.8594057172857141,2.3434142905714284,10.041545792857145,11.339665561428571
7830,7.175911424571429,3.874408583571429,17.39202552142857,1.7837571444285714,2.372345714142857,9.958308576142857,11.18813129
7831,7.146980000857142,3.811091422,17.15369692285714,1.6658971458571428,2.4157428495714286,9.724722830714285,11.002685674285713
7832,7.04571999,3.8269800008571435,17.026588518571426,1.6068485714285714,2.4446742731428577,9.558011386,10.8426142
7833,6.980742807285714,3.9381999965714285,16.740594154285713,1.6153857174285713,2.473605696714286,9.424499909428572,10.615194287285714
7834,6.828971410285715,4.001754283857143,16.295951297142857,1.6407600015714288,2.502537134571429,9.341025680714285,10.480497068714286
7835,6.677199956857143,4.049420020428571,16.24828553142857,1.7249457061428572,2.5096514277142856,9.240951298142859,10.539545657285714
7836,6.467565656285714,4.255971432857143,16.42305970142857,1.8852542702857142,2.4807199900000003,9.124276988,10.944111450142856
7837,6.344725682999999,4.621171423857143,16.677276964285713,2.104374269142857,2.5022999948571427,9.140877028714286,11.416025794428574
7838,6.171374267142856,5.0340371514285716,17.169822825714284,2.441354273571428,2.509414287857143,9.224351370571428,12.039711535857142
7839,6.070351438428571,5.272365721714285,17.344596995714287,2.778334288571428,2.5383457255714283,9.274388505285714,12.545300213000003
7840,5.933045725142857,5.65369144557143,17.614702695714282,3.1153142895714288,2.502300009,9.274388505285716,12.99184018857143
7841,5.904114301571428,6.05090572,18.472211310000002,3.5450171271428568,2.4949485759999996,9.174314235857143,13.78389736857143
7842,5.853602915428572,6.416342836714286,19.044200037142854,3.823185707571429,2.5094142877142858,9.074239966428573,14.323160265714288
7843,5.918580041571429,6.702337143714286,19.47295445714286,3.9578828688571432,2.6177885915714287,9.007602791,14.491531589999997
7844,6.026954331285714,6.893000033857143,19.60006286142857,4.075742863857143,2.6106742985714284,8.87409131442857,14.449320054285712
7845,6.055885754857142,6.90888858457143,19.50473133142857,4.210440025285714,2.6251400104285714,8.857491273714286,14.407108518571428
7846,6.084817178428572,7.020108552000001,19.631839962857146,4.159928582714286,2.6177885775714285,8.857491273714286,14.46591986857143
7847,6.092168639571428,6.908888528,20.07648282,4.109417140142857,2.668300006,8.907528408428572,14.77776274
7848,5.991145754428571,6.718225694428573,19.520619994285717,3.9830200272857144,2.675651439,8.940965502428572,14.120402778571428
7849,5.890122869285714,6.78178001,19.536508432857143,4.033531469857143,2.683002872,9.007839803571429,14.196288419999998
7850,5.854077166714285,6.750002852285715,19.409399801428574,4.143091472857143,2.6253771505714285,9.074476979,14.263874097142857
7851,5.861428571428571,6.8929999209999995,19.488842667142855,4.117717188714286,2.6180257318571436,9.124514113714286,14.364896982857143
7852,5.868779976,6.829445661857143,19.47295423,3.9744828812857143,2.6685371744285717,9.057639812571427,14.162851325714286
7853,5.868779976,6.988331394285715,19.790488455714286,4.159928582714286,2.6903543191428576,9.007602677857141,14.33999697857143
7854,5.919291418571428,7.035997102714285,19.758711354285712,4.252651447571428,2.704820031,8.974402709571427,14.188225468571428
7855,5.933757158571429,7.115439912285714,20.044705718571432,4.159928582714286,2.711934309857143,9.024439844285713,14.47469397
7856,6.005848620142857,6.9883313377142855,19.66338005142857,4.0420685594285715,2.7479800122857148,9.024439844285713,13.952268352857145
7857,5.947985772999999,6.861222763142857,19.31406849714286,3.9325085564285716,2.7479800122857148,8.974402709571429,13.800497070000002
7858,5.825145799571429,6.670559929428572,19.123405664285716,4.058905725714285,2.7408657191428567,8.941202741285714,13.876382711428574
7859,5.731237249857143,6.718225637857143,19.13929410142857,4.084280009857143,2.6543085598571423,8.924602813714285,14.070128404285716
7860,5.709657230857142,6.495785646428572,18.646985478571427,3.822948581714286,2.5890942797142853,8.857728512571429,13.716074224285716
7861,5.673611471714286,6.4481199380000005,18.520114085714287,3.6121285961428566,2.574628567857143,8.790854211428572,13.80879703142857
7862,5.6086342891428576,6.336899970571429,18.551891187142854,3.763900021428572,2.5312314324285716,8.673942775571428,14.011079814285713
7863,5.4426342778571435,6.384565678857143,18.567779849999997,3.881760044714286,2.444437147571428,8.690542816285713,14.229962637142856
7864,5.457099961428571,6.1462371367142845,18.55189141285714,3.671177170714286,2.429971421571429,8.673942775571428,14.002305484285712
7865,5.5294284921428565,6.193902901714286,18.869425638571432,3.5533171474285714,2.4226200028571427,8.557031339714285,14.095028518571429
7866,5.688314224571428,6.305122925714286,19.202848528571426,3.620665728142857,2.4515514407142858,8.473556997857143,14.24656279
7867,5.789337109857143,6.178014351142857,19.552397095714287,3.6375028945714285,2.502300009,8.356882800857145,14.389797097142859
7868,5.890359995142857,6.2733457679999995,19.94937418857143,3.814411478142856,2.495185730142857,8.173334246285714,14.533031405714286
7869,6.150268612714285,6.352788634285714,20.266908414285716,3.612128638571428,2.5530485774285716,8.023222842142857,14.592080108571428
7870,6.431994318428571,6.130348643,20.647996842857143,3.283448615571429,2.603797159857143,7.889711365571428,14.558405775714288
7871,6.684788600428571,6.257457217571428,20.981656745714286,3.3761714662857147,2.603797159857143,7.856274271571429,14.777525725714286
7872,6.923117198999999,6.098571485142856,21.12465404,3.3761714662857147,2.647194295285715,7.856274271571429,14.718477024285715
7873,7.132514317428571,5.828465728857144,20.981893984285716,3.182425744571429,2.676125718857143,7.789637209285715,14.48251990857143
7874,7.327445752285714,6.082682878,21.076988274285714,3.2919857474285714,2.7121714214285713,7.8396743440000005,14.432008409999998
7875,7.450285725571429,5.9237972021428575,20.457571247142855,3.123614309857143,2.7916142592857143,7.990022930285714,13.859071292857141
7876,7.493682832714285,5.844354335857143,19.679268487142856,3.266848589,2.8060799709999995,8.123534406857143,13.125825575714284
7877,7.493682832714285,6.098571485,18.932742828571428,3.460831450571429,2.849239952428572,8.156971614000001,12.460165651142857
7878,7.457637130285714,6.1780143512857135,17.534785802857144,3.4271571744285714,2.906865659857143,8.173571541571429,11.052959989714287
7879,7.37084285957143,6.273345768142858,14.644014333000001,3.3681086141428573,2.9791942188571428,8.273645811,8.09531436
7880,7.204605722571428,6.432231500428572,11.165365838857143,3.4103200364285717,3.022354228571428,8.423757215142858,4.775314360285714
7881,7.031254250142857,6.336900083714285,7.289740140571429,3.351271447857143,3.0368199402857146,8.657342848,1.1349344002857147
7882,6.886834257857144,6.368677185,3.5730000609999997,3.410320008142857,2.993422804857143,8.857491386857143,-2.4295598054285708
7883,6.763994284428572,6.527562917428571,-0.20729433328571467,3.3512714195714284,3.0005370838571426,9.074239966428571,-6.196336906857143
7884,6.727711399714287,6.432231444142857,-3.685705700714286,3.2417114167142858,2.993422804857143,9.424499909857143,-9.617597030857143
7885,6.684314236,6.575228569285714,-6.910137157857142,3.3764085498571426,2.9863085258571433,9.891671401428571,-12.743851280857143
7886,6.691665640571428,6.654671435428571,-8.816291440857142,3.6040657017142856,2.9644914094285717,10.258768624,-14.555622678285713
7887,6.655619938,6.845334269142858,-10.245788555285714,4.000094262857142,2.899514255,10.558991432714285,-16.03871403857143
7888,6.547245704714285,6.924777135285714,-11.770617085571429,4.034005693,2.805605691142857,10.575591473428572,-17.49666838142857
7889,6.453337155,6.924777135285715,-13.311334167428571,3.9664199867142855,2.755094262714286,10.608791554857143,-19.013671312857138
7890,6.294451422714286,6.781779953571429,-14.772608495999998,3.7641371330000006,2.7045828482857144,10.525554338714286,-20.328154221428573
7891,6.049008601714285,6.765891402857143,-16.313325689999996,3.8483228517142862,2.654071419857143,10.342005840142857,-21.491102632857142
7892,5.7891000407142865,6.622894277714287,-17.393274238571426,3.5701542925714285,2.618025717428572,10.058382959857141,-22.55302849857143
7893,5.550534316428572,6.622894277714286,-18.409668470000003,3.4688942817142854,2.5819799867142863,9.941471524142857,-23.45488289
7894,5.413228603142857,6.5275628608571425,-19.15619412714286,2.8874200119999998,2.5893314195714288,10.058382959857143,-23.95217149
7895,5.305091439,6.5275628608571425,-19.41017415142857,2.887420012,2.6398428481428575,10.675665855857144,-24.129079904285714
7896,5.247228591714285,6.321011476571428,-19.156194127142857,2.811534285285714,2.654308574142857,11.276348711142857,-23.87628562142857
7897,5.196717149142857,6.305122925857143,-18.409668242857144,2.9716057167142864,2.6616600071428573,12.060342938285714,-23.19378841714286
7898,5.160434264428572,6.019128647142857,-17.822028317142856,2.786160001285714,2.6761257331428574,12.777699991142857,-22.797759828571426
7899,5.218059985857143,5.812577206285714,-16.80563397142857,2.887420005,2.7192857145714284,13.54509429142857,-21.69385966571428
7900,5.2109457070000005,5.494805798142857,-15.868682492857141,2.5587399961428576,2.7121714355714284,14.095740011428571,-20.58995973
7901,5.131502840714285,5.097591523714286,-14.677513978571426,2.558739996142857,2.7048200027142855,14.446000067142858,-19.55340845857143
7902,5.153082859714286,4.684488642142857,-13.136796783714287,2.3227828521428573,2.712171435571429,14.345925684285715,-18.16303990714286
7903,5.189128562285714,4.5573800392857144,-11.373639654571429,2.179548565857143,2.741102859142857,14.262451342857144,-16.351268397428573
7904,5.311968592142857,4.223957177857143,-10.674779723666665,1.8930800004285717,2.7626828498571427,14.145777147142855,-14.017071326857144
7905,5.449274305571429,4.208068599,-6.431266308333334,1.8762428622857144,2.7626828498571427,14.029102949999999,-10.351317167
7906,5.536068576428572,4.144514311714286,-2.576746396666666,1.825731433857143,2.7266371472857145,13.82895441142857,-7.140640073000001
7907,5.680488568714286,4.017405708857143,1.3333834433333331,1.8764800021428572,2.7048200025714286,13.778917277142856,-3.904588552714285
7908,5.984031419142858,4.017405708857143,5.224976773333334,1.9355285695714286,2.7192857144285716,13.812354484285715,-0.677074179
7909,6.265757124857143,4.065071417285714,8.875593356000001,1.9355285695714286,2.704820002571428,13.945866074285716,2.3652314214285717
7910,6.5185514069999995,4.128625704571428,12.229623263666667,2.0114142892857143,2.6903542907142857,13.929266032857145,4.994434253285713
7911,6.742414265428571,4.2554971252857134,12.896745670285714,2.1126742931428573,2.6469571552857145,13.712280327142858,7.134885631285714
7912,7.045720046571428,4.2872742829999995,14.119928525714288,2.0704628638571427,2.6540714341428573,13.595368891428572,8.011365598571428
7913,7.356377232428572,4.255497125285714,15.216002864285715,2.0114142894285716,2.646957155285714,13.445257374285715,8.879308476
7914,7.566011476571428,4.287274283,16.26441155,1.9692028672857145,2.6687742999999995,13.228271668571429,9.679902744285714
7915,7.667034361714286,4.319051440714286,17.18571160428571,1.9438285831428572,2.6471943092857146,12.844574405714287,10.497334236285715
7916,7.674148640714286,4.287274311142857,17.836905845714288,1.926991445,2.6253771645714283,12.377402914285716,11.112482888714286
7917,7.703080064285714,4.255497181571429,18.31356304285714,1.9101542927142856,2.6109114528571427,12.010305805714285,11.54242293714286
7918,7.811454354142856,4.30316289,18.663111609999998,1.8847799944285712,2.6471943092857146,11.726682924285713,11.77008008857143
7919,7.811454354142858,4.255497153428572,18.75844314,1.8764799952857143,2.6327285974285712,11.292948639,11.871102972857143
7920,7.753591506857142,4.334939991285714,18.837886005714285,1.9269914237142858,2.603797159571428,10.925851529,12.006037202857144
7921,7.847263044000001,4.3984942785714285,18.996771737142858,1.9438285617142856,2.646957169285714,10.575591473285714,12.115597291428571
7922,7.861728727571429,4.414382829285715,18.96499441,1.9352914228571427,2.66853716,10.35860576757143,12.073385755714286
7923,7.934057258285715,4.446159958857143,18.96499441,1.918217138,2.711934295428571,10.175057155857143,12.014337167142857
7924,7.8906600945714285,4.446159958857143,18.853774442857144,1.8760057157142855,2.7408657190000008,9.991508657285715,11.946751375714285
7925,7.724422957571429,4.334939963142857,18.551891641428572,1.8337942934285714,2.7264000072857146,9.807960046571427,11.811817145714286
7926,7.536605745142857,4.350828542,18.26589727714286,1.8420942925714283,2.726400007285714,9.724722830428572,11.719094338571429
7927,7.363254272714286,4.271385704142857,18.202342848571426,1.791582864142857,2.747980012142857,9.574611426428573,11.988725787142858
7928,7.045482807857142,4.255497097,18.218231285714285,1.8757685830000004,2.6758885647142856,9.424500022428571,12.334242764285715
7929,6.864779930857144,4.462048537714286,18.456559884285717,1.993865724857143,2.6687742857142855,9.240951411285716,12.75564561
7930,6.633565667714286,4.668599978428571,18.69488848285714,2.0865885825714288,2.6471942949999994,9.107439934714288,13.092625609999999
7931,6.460214251857144,4.9545942571428565,19.060088474285713,2.3057085885714286,2.632728583142857,9.024202718571429,13.488654198571428
7932,6.380771385571429,5.351808559714286,19.790725468571427,2.5755771627142856,2.632728583142857,8.991002750285714,14.289248467142857
7933,6.323145720571429,5.9873513761428585,20.79146839,3.0306542771428573,2.6471942950000007,8.957565656285714,15.32579985142857
7934,6.279748613428572,6.575228569000001,21.569771375714286,3.418382818,2.683477151571428,8.890928480857143,15.924111224285712
7935,6.258168594428571,7.035997159,21.919082930000002,3.772437111,2.7124085892857144,8.874328440142857,16.269391301428573
7936,6.142680025714285,7.131328575857144,21.982400119999998,4.016694275285714,2.705057156428571,8.891165606571429,16.412625608571428
7937,6.063237159571429,7.417322826285715,22.236380142857143,4.412959990428571,2.6977057235714286,8.908002773,16.834028454285715
7938,5.962214330857143,7.464988534714287,22.236380142857143,4.556194269571428,2.683240011857143,8.874565679,17.078522772857138
7939,5.774397175,7.671539975571428,22.188714604285714,4.834125710142857,2.639842862285714,8.891165719714285,17.086822735714282
7940,5.6226257215714295,7.321991466142857,21.346857415714283,4.589868602428572,2.589331433857143,8.924602813714285,16.505348528571428
7941,5.478205729285714,7.147217126571428,20.83866013,4.547657208428571,2.5241171537142857,9.024677083142857,16.126157105714285
7942,5.3337857369999995,7.099551418142857,20.600568544285714,4.555957172142857,2.473368585428571,9.07471421785714,16.126157105714285
7943,5.254342927285713,7.226659992714285,20.727677174285713,4.707728569142858,2.444437161857143,9.124751352571426,16.260854209999998
7944,5.138854358571428,6.893000033857143,20.012928617142855,4.421022857,2.408391445142857,9.241425662714287,15.746728442857142
7945,5.095457195000001,6.861222876142858,20.124148584285713,4.480071445571428,2.379460007285714,9.40813710757143,15.746728442857144
7946,5.059411492428572,6.765891402857143,20.04470571857143,4.370511414428571,2.3939257189999994,9.491611336285715,15.856288417142855
7947,5.023365789857143,6.845334212428573,20.330700082857142,4.5220457138571435,2.4010400119999997,9.541648471,16.151294008571426
7948,5.0017857708571425,6.924777078571429,20.616457207142854,4.639905680571428,2.393925719,9.658322781,16.285991112857143
7949,5.023365789857143,6.9565542364285715,20.933991658571426,4.724328581571429,2.4228571425714285,9.724959956428572,16.387251124285715
7950,5.044945752285715,6.734114245,20.74356583857143,4.463234307285714,2.451788566142857,9.741559997142858,16.21034271
7951,5.044945752285714,7.163105620714286,21.474203060000004,4.766777185857143,2.4589028592857143,9.674922821714286,16.85940282142857
7952,5.059411492285714,7.385545612,21.362983092857142,4.893174326857143,2.4878342971428573,9.641722740285713,16.876239988571427
7953,5.102808599428571,7.3537685107142865,21.235874461428573,4.9185486392857145,2.516765735,9.608285646285713,16.640282872857146
7954,5.117274283,7.655651424857143,21.632851552857144,5.0956943485714286,2.5385828655714286,9.574848552285715,16.977262987142858
7955,5.174900004571429,7.671539975571429,21.696405981428573,5.247465802142857,2.589094294,9.441337075857144,17.16270883
7956,5.189365688142858,7.655651368428572,21.219985797142858,4.986134345857144,2.596445727,9.341262806428572,16.699094561428574
7957,5.211182832857143,7.941645618857144,21.56929735,5.264065786428572,2.596445727,9.291225671714287,17.027774485714286
7958,5.268808554285714,7.862202752714286,21.505742921428574,5.297740062571429,2.6253771505714285,9.241188537,16.86746577285714
7959,5.312205661428571,7.592097053000001,21.48985425714286,5.036645760142858,2.6469571412857142,9.124277101142855,16.715694262857145
7960,5.427694230142857,7.385545612142857,21.267651334285713,4.9861343175714286,2.6614228530000004,9.074239966428571,16.505111517142858
7961,5.637091405,7.131328463,21.02932273571429,4.674291446857143,2.711934281428572,9.074239966428571,16.092245761428572
7962,5.795977080857143,7.099551361714286,21.10876560142857,4.421497164714286,2.7408657050000005,9.124277214285714,16.016359894285713
7963,5.990908515714286,6.877111370285715,21.50574292,4.303637169714286,2.7697971285714287,9.124277214285714,16.193505547142856
7964,6.193191355285714,6.622894277714287,21.187971455714287,3.873934304,2.8203085711428573,9.140877141857143,15.80577692142857
7965,6.424405675,6.511674310285715,21.23563722,3.6379771318571428,2.8276600039999997,9.207514317285714,15.662542614285714
7966,6.742177139714286,6.718225751,21.744071518571428,3.5872285635714287,2.863705734714286,9.357625834571428,15.907036932857144
7967,7.139391414142858,6.988331450857144,22.570040042857148,3.3849457240000005,2.943148600857143,9.42426301,16.27792839142857
7968,7.435582803428572,7.004220001428572,23.364231465714287,3.443994284428572,3.0010114762857145,9.374225875285715,16.556097042857143
7969,7.717308565571429,7.004220001428571,23.475451434285713,3.283922867142858,3.0659886307142856,9.391062928571428,16.370651425714286
7970,7.9195914051428575,7.099551418142857,23.34834280285714,3.351271447714286,3.1236143521428565,9.524574291999999,16.134694309999997
7971,7.984568587714286,6.988331394142857,22.98314281142857,3.4522943047142856,3.1454314685714286,9.624648674571429,15.536382938571426
7972,8.035079973714288,6.702337143714286,22.490834189999994,3.2922228874285713,3.2104085947142855,9.708122903285714,14.794837258571429
7973,7.999034214714287,6.400454286142856,21.188208468571425,3.2585486112857143,3.2466914511428575,9.741559997142856,13.631888732571428
7974,7.760705672714287,6.03501716957143,19.488605655714284,3.3090600255714286,3.2538057301428576,9.791597131857143,12.173934333714286
7975,7.515025669571429,5.5427086039999995,15.581202771142856,2.8622828889999994,3.2464542972857147,9.891671401285715,8.685088531000002
7976,7.2261856284285715,5.081940014,11.05438271714286,2.491391447285714,3.217522873714285,9.841634266571429,4.480308543857143
7977,6.865017056571429,4.494300045857143,6.47989701142857,2.053151442714286,3.1598971522857147,9.741559997142856,0.140357201
7978,6.59775703442857,4.176765763285714,2.1752798799999993,1.9016171572857143,3.0875685932857144,9.741559997142858,-3.9297256818571427
7979,6.424405618571428,4.081434289857143,-2.5104257928571436,1.8425685827142857,3.0731028814285715,9.908271441999998,-8.210628550428572
7980,6.287099905142857,4.033768581428572,-6.719474268571427,1.6234485697142855,3.044171429571428,10.275368552,-12.314385653
7981,6.18607707642857,4.129099998142856,-10.896982882857143,1.5644000094285713,3.0081256987142853,10.859451367285715,-16.359331461285716
7982,6.186077076428572,4.446634280714285,-12.961785715428572,1.9943400078571432,2.957614256142857,11.526771397571428,-18.575668650000004
7983,6.121099950285713,4.478411438428571,-14.534280011428573,2.3315571451428574,2.892637101714286,12.194091429,-20.117808711428573
7984,6.150031373857142,4.827722864571428,-15.83666872,2.6856114310000003,2.878171389857143,12.811137199000001,-21.38178012142857
7985,6.1355656902857145,5.113479989428571,-17.234388845714285,2.6602371327142857,2.871057111,13.311745671428572,-22.645751532857144
7986,5.969565679,5.320031430285714,-18.60056877,2.7275856992857146,2.791614259,13.662005727142857,-23.876048609999998
7987,5.760168560571429,5.383585689285714,-19.77608586,2.769797128571429,2.7266371330000005,13.762079995714286,-24.88746320285714
7988,5.572351404571428,5.224699957,-20.66560858571429,2.6770742637142857,2.6687742858571433,13.695205694285715,-25.763705988571427
7989,5.305091438857142,5.2246999569999995,-21.85701434,2.6853742558571425,2.6543085741428576,13.678605767142857,-26.69899724857143
7990,5.167785725571428,5.5106942075714285,-22.572000135714287,2.887419997857143,2.676125718857143,13.745242941428572,-27.187748647142858
7991,5.030480012142857,5.796688514571429,-22.921548701428573,3.013817138857143,2.676125718857143,14.145777258571428,-27.507891595714284
7992,4.951037145999999,6.066794270857143,-22.90566003714286,3.224399998714286,2.712171421285714,14.462600221428572,-27.449080358571425
7993,4.936571462428572,6.146237137,-22.572000134285712,3.258074303285714,2.755568570857143,14.796260124285718,-27.035977589999995
7994,4.871594336285715,6.130348586428572,-22.12712026428571,3.3339600158571434,2.7626828497142855,15.263194377142858,-26.66508590428571
7995,4.828197172714286,5.9873514611428575,-21.714017495714284,3.258311443,2.770034282571429,15.780403002857144,-26.066774531428567
7996,4.792151470285715,5.717245733142856,-20.824494542857142,2.963305738571429,2.7629200035714283,16.130662832857144,-25.02192329714286
7997,4.7127086039999995,5.383585746,-19.60131168714286,2.6180257172857146,2.7266371469999995,16.31421144428571,-23.783326028571427
7998,4.6984800461428575,4.859499994428572,-18.219480111428574,2.3481571502857146,2.7121714352857142,16.097225738571428,-22.359283144285712
7999,4.691128585,4.3671914005714285,-16.56754295,2.0953628681428573,2.668774299857143,15.880477158571427,-20.76639434428571
8000,4.777685730142857,3.8113285477142855,-13.994305734428574,1.7583828565714286,2.668774299857143,15.630291484285715,-18.305799963285715
8001,4.849777135285715,3.5414599735714285,-10.372897128714284,1.6319857155714286,2.668774299857143,15.28003154142857,-14.496811425857144
8002,4.965265703999999,3.5258085485714283,-6.243054281142859,1.5897742862857143,2.6469571551428572,14.796260122857143,-10.477239929428572
8003,5.080754272714286,3.4624914151428565,-2.415094347142858,1.5729371411428572,2.603560005571428,14.395963045714286,-6.735599845142857
8004,5.297502852285715,3.4307142855714283,1.5240857799999998,1.564399995142857,2.603560005571428,14.1623773,-2.960285654857144
8005,5.578991432285714,3.4940314471428566,5.145731454285714,1.556099996,2.5746285677142855,13.978828688571427,0.5622343672857147
8006,5.824671435428572,3.5414600298571424,8.672045599999999,1.5560999960000002,2.5819800007142857,13.928791554285713,3.9666572114285716
8007,6.026954274857141,3.700108608285714,11.483374175857145,1.6824971405714286,2.524117139285714,13.79528019142857,6.6126972089999985
8008,6.279748556857143,3.731885766,13.055868528714287,1.6824971405714284,2.495185715714286,13.595131652857143,7.826157218714285
8009,6.453099972714286,3.684220029428571,14.104039975428572,1.6739599945714285,2.4591399991428573,13.378145834285714,8.668725783714285
8010,6.691665696857143,3.6524428717142854,15.200114312857142,1.6488228538571428,2.4373228545714283,13.06108585857143,9.502994385142857
8011,6.843437150285715,3.620902867857142,15.883085655714284,1.6066114245714285,2.386811426142857,12.760862937142859,10.000045859142856
8012,6.87971997857143,3.573474285142857,16.566056998571423,1.564399995142857,2.364994281571428,12.560714285714285,10.589820142714286
8013,6.908651402142857,3.478379994,16.931257215714282,1.530725711857143,2.285551415285714,12.360565632857142,10.93533723285714
8014,6.879719978571428,3.3991742817142856,17.010700081428567,1.5138885667142858,2.220574275142857,12.160416981428572,11.019522952857143
8015,6.850788554999999,3.335619994428572,17.026588518571426,1.5053514277142859,2.1700628467142855,11.960268442857142,11.095408595714288
8016,6.850788555,3.3356199944285714,17.090142947142855,1.4970514285714285,2.141131423142857,11.793557111428571,11.171294351428573
8017,6.800039930285714,3.367397152142857,17.074254282857144,1.522188569285714,2.1269028511428574,11.743519977142856,11.25548007
8018,6.756642766714286,3.351508573285714,17.01070008,1.5221885692857142,2.1269028511428574,11.626608541428572,11.280854327142858
8019,6.705894198428572,3.3515085732857135,16.89948011285714,1.5390257074285714,2.1342542840000003,11.509934344285714,11.247179994285714
8020,6.662497091285714,3.351508573285714,16.788259918571427,1.5390257074285716,2.1487199958571432,11.376422981428572,11.162757150000001
8021,6.640917072285715,3.367397124,16.597597085714284,1.5304885684285716,2.1847657124285718,11.326385845714286,11.061734264285715
8022,6.54700852257143,3.065514259428572,16.40693425142857,1.2357199968571428,2.1921171311428576,11.309785804285713,10.952174288571427
8023,6.424405674857142,2.9701828425714285,16.34337982285714,1.1093228558571429,2.199468549857143,11.292948637142857,11.011222877142858
8024,6.272871403571429,3.224162837857143,16.66115128857143,1.2020457137142857,2.192117131142857,11.209474295714287,11.440925685714287
8025,6.0490085449999995,3.335145707857143,16.96303409,1.2947685715714283,2.1705371262857143,11.092799985714285,11.879165697142858
8026,5.8614285711428575,3.446128577857143,17.280805554285713,1.4043285674285713,2.1344914095714285,10.942688468571427,12.300568541428571
8027,5.666497136285714,3.5253342901428573,17.550911254285715,1.488751419,2.1271399908571427,10.675665628571428,12.62924857857143
8028,5.500259999285713,3.8905343092857145,18.059345552857142,1.6236856989999997,2.120025697857143,10.442079996142857,13.134837142857142
8029,5.399237114142856,4.319288594571428,18.39300568142857,2.087062841,2.1200256978571432,10.375205696142856,13.623588654285713
8030,5.269045679714286,4.652711456,18.66311138142857,2.449417140142857,2.1200256978571432,10.308568520428569,13.952268577142858
8031,5.211182832571429,4.732154322142857,18.536002749999998,2.5843514412857145,2.148957121428572,10.208494250428572,13.842708602857142
8032,5.189365688,4.938705734714285,18.138788418571426,2.5843514412857145,2.1776514052857143,10.22509429042857,13.54770289857143
8033,5.160434264428571,5.177034304999999,17.979902687142857,2.677074292,2.235277126857143,10.258294371857144,13.387631538571428
8034,5.153082803285714,5.399474296428571,17.979902687142857,2.988680008857142,2.3002542669999997,10.325168559857145,13.46351718
8035,5.088105677142857,5.351808587999999,17.614465457142856,3.081402859571429,2.357879988428571,10.342005613142858,13.303445818571427
8036,5.073639993571428,5.558360028714286,17.550911028571427,3.1236142818571433,2.408391416857143,10.308568518857143,13.109462887142856
8037,5.0665257147142855,5.685468603285714,17.376136858571424,3.0731028392857143,2.4589028452857145,10.191894209285712,12.881805735714284
8038,5.0449456957142855,5.447140032999999,17.169585587142855,2.971842828428571,2.494948561857143,10.175294168714286,12.671222875714287
8039,5.059411435714287,5.27236575,17.28080578142857,3.022354256857142,2.5383457112857144,10.025182765142857,12.679759964285717
8040,5.059411435714286,5.224700041571428,17.217251578571425,3.005517118714286,2.54569713,9.841871279428572,12.620711375714285
8041,5.044945752142858,5.240588592142857,16.883591677142853,2.8791199775714285,2.54569713,9.774997091428572,12.393291462857144
8042,5.066762896857142,5.240588592142856,16.93125744142857,2.744185704714286,2.553048563,9.808197173428571,12.232982864285715
8043,5.030717137857143,5.049925730285715,16.820037474285716,2.7105114284285716,2.5530485630000004,9.858234307714286,12.115122925714285
8044,4.994671435285715,4.779820002285715,16.518154447142855,2.5841142872857144,2.5601628560000003,10.05838296014286,11.97188873142857
8045,4.987320030714286,4.986371414857143,16.375157152857145,2.516765706571429,2.5746285678571432,10.191657310714287,11.79498009142857
8046,4.972854290714285,5.129368540000001,16.168605655714284,2.533839998571429,2.567514274857143,10.241694445428573,11.719094337142858
8047,4.979968569714286,4.986371358285714,15.914388392857145,2.5592142827142856,2.5890942797142857,10.241694445428573,11.609534362857143
8048,5.044945695857142,4.891039941571429,16.12093989,2.4750285639999996,2.6035599915714287,10.258531498714285,11.63467149285714
8049,5.109922822,4.922817099428571,16.152716991428573,2.525539992428571,2.625139982285714,10.175294282,11.719094337142854
8050,5.160434264571428,5.161145669714286,16.057385687142858,2.6519371334285715,2.65407142,9.975145743428572,11.7273943
8051,5.246991409714285,5.240588507571429,16.20038298142857,2.786634266571429,2.690354276571429,9.774997091000001,11.777905685714286
8052,5.268808554285713,5.240588507571429,16.24804874571429,2.845682841,2.690354276571429,9.591685605714286,11.963351415714286
8053,5.276159958857143,5.288254272571429,16.518154445714288,2.9044942757142858,2.704820002571428,9.575085565,12.15709722142857
8054,5.297977103428571,5.240588592428572,16.772371708571427,2.794934287,2.7048200025714286,9.675159834428571,12.00532571142857
8055,5.319794248142857,5.335920009142858,16.629374412857143,2.6853742839999994,2.7192857144285716,9.791834144000001,11.836717148571429
8056,5.3124428435714295,5.288254244142857,16.53404311,2.626562849285714,2.7048200025714286,9.958545589285716,11.617597085714284
8057,5.319557122428571,5.16114566957143,16.64526307857143,2.474791424142857,2.6830028578571428,10.175531295,11.642971341428572
8058,5.384534248571429,5.288254244142857,16.899480114285716,2.4496542939999997,2.654071434285714,10.342242740285714,11.777905572857142
8059,5.500022817285713,5.304142851285715,17.026588745714285,2.3823057274285717,2.675888579,10.392279875000002,11.752531317142857
8060,5.644442866142858,5.304142851285714,17.392025975714283,2.449891433714286,2.711934281428572,10.458917050285715,11.98848832
8061,5.8320228400000005,5.574248579428572,17.868445934285713,2.559451422428572,2.7479799839999997,10.408879915571429,12.468939752857143
8062,5.983557111285714,5.526582871142858,18.408657561428573,2.626800003142857,2.755331416857143,10.325405687428571,12.966228352857144
8063,6.1931913554285725,5.44714006157143,18.932980297142855,2.727822860142857,2.777148561571429,10.108657107428572,13.395931275714286
8064,6.482268522285715,5.621914344571429,19.93372299142857,2.8120085790000005,2.820545697,9.941708536428573,13.994242761428572
8065,6.727948525428571,6.003240125,20.855023045714287,2.9803800165714285,2.8926371302857143,9.808197172571427,14.659902911428572
8066,6.944697105000001,6.082682934714286,21.569771602857145,3.1319142878571427,2.9286828327142858,9.741322984571427,15.16549158857143
8067,7.139628483285714,6.400454286428571,21.807862961428572,3.1655885641428574,2.9576142562857144,9.641248715285714,15.266751600000001
8068,7.291399936714285,6.527562861,22.030302895714282,3.2583114290000004,3.001011419857143,9.70788589057143,15.233077381428572
8069,7.385308542857143,6.750002852285713,21.95086002857143,3.4100828541428574,3.094682843857143,9.774760078714285,15.056168741428573
8070,7.385308542857143,6.956554236571429,21.791974295714283,3.6628771361428574,3.1523085652857143,10.058382958714287,14.921471635714285
8071,7.298514215571429,7.035997102714286,20.743565835714286,3.890534288,3.195705700714286,10.308805758285715,14.087203034285713
8072,7.161208502142857,7.004219888285713,18.980408707142857,3.991794270714286,3.1885913934285712,10.542391390714286,12.561900083142858
8073,7.045482751285715,7.051885596571429,16.37539436114286,4.160402862285714,3.2101714124285716,10.792814189285712,10.185491420285715
8074,6.901062759,6.702337086999999,14.342368601714286,4.042305713285715,3.224637124285714,11.07643707,8.205111509428571
8075,6.785574190285714,6.495785646142857,12.372897214000002,4.016931429142857,3.2391028361428567,11.326622744285714,6.494362912428571
8076,6.742414152428571,6.384565678714287,10.84806857042857,4.033768567285714,3.2030571335714284,11.59340845857143,5.002734350285714
8077,6.821857018571429,6.416342836428571,9.100800048428571,3.932745710428572,3.2104085664285718,11.793556998571429,3.131914294571429
8078,6.952048452999999,6.305122812571429,7.734857193571429,3.797811395142857,3.2319885854285713,11.960268442857142,1.7498457250000001
8079,7.110934185428571,6.066794270571428,7.163105705285714,3.6206656857142856,3.2319885854285713,12.227291282857143,0.9914628645714287
8080,7.197728512714285,6.003240011571428,7.703317133142858,3.426919964,3.1814771428571427,12.527514091428571,1.2442571395714288
8081,7.262705695428571,5.955574303285714,7.671539975428572,3.4269199639999997,3.1380800074285724,12.694225535714287,0.9997628567142857
8082,7.2482399552857135,5.844354279428572,6.559577115857143,3.2077999581428567,3.0802171320000005,12.861174105714287,0.20770570585714282
8083,7.168797145571427,5.606025709142857,5.955811344142857,2.9972171124285714,3.022591410571429,13.061322757142857,-0.22199714585714286
8084,7.067537134714286,5.272365721999999,6.0670313117142864,2.828608549142857,3.0081256705714288,13.244871368571427,0.030797143285714305
8085,6.937345700285715,5.097591439,6.019365603428571,2.828608549142857,2.979194247,13.41181994,0.12352000114285715
8086,6.828971410428571,5.03403718,5.558597069999999,2.7866342525714285,3.008125698857143,13.511894322857144,-0.16294857128571424
8087,6.720597120714285,5.049925730714286,4.764405646857143,2.7612599684285715,3.051522834285714,13.611968705714286,-0.6599999824285714
8088,6.590642811857142,5.208811406571429,4.354029941333334,2.68537427,3.0731028532857145,13.862391618571428,-1.1570514288571427
8089,6.540131425857142,5.288254272714285,4.2057366043333335,2.8539828615714287,3.087568593285714,14.079140198571428,-1.5616171644285715
8090,6.489382857571429,5.240588564285714,4.391103292166666,2.8286085632857145,3.0946828721428576,14.212651562857141,-1.7821600273333333
8091,6.352314326428571,5.272365693857142,4.465249927666668,2.7780971348571435,3.058400015714286,14.312725831428569,-1.6446566915
8092,6.251291497714285,5.3835857177142845,4.946926510833333,2.6853742982857143,3.0368199967142857,14.212414435714285,-1.2415533658333333
8093,6.085291486428572,5.1611456979999994,5.910556587833334,2.5504400254285717,2.957377130571429,13.962228648571429,-0.24859666983333328
8094,6.005848620142857,4.954594313714286,7.022479936000001,2.4745543128571432,2.9068657162857146,13.71204286142857,0.8525366358333334
8095,5.976917196571429,4.620934326571429,7.2581999967142865,2.4577171605714283,2.878171418428572,13.344945638571428,2.1011333056666666
8096,5.940634311857144,4.525602909714285,8.703585689428571,2.3481571434285717,2.863705678428571,12.978085654285717,3.9985133168333333
8097,5.911940014,4.620934298285714,9.434222853714285,2.432342862285714,2.8347742548571424,12.577788575714289,4.286325695571429
8098,5.854077166714285,4.589157168714286,9.815311507714284,2.525065713,2.7337514119999997,12.127217124285716,4.800451405857143
8099,5.789100040571428,4.398494306857144,10.180748738142857,2.525065713,2.6182628432857142,11.843831368571427,5.567371454714285
8100,5.846725762142858,4.493825752,10.831942866714286,2.592414279571429,2.5530485491428574,11.7437571,6.165682883714285
8101,5.890122925857143,4.493825752,11.880114199571429,2.7019742682857144,2.5456971162857145,11.810394275714287,7.1514857278571435
8102,6.027428639285714,4.605045747714286,13.055394163714285,2.845208561571429,2.4878342548571433,11.960505679999999,8.188037112428573
8103,6.200780055142857,4.668600006857143,14.246799804285715,2.921094274285714,2.451788552285714,11.96050568,9.224588553428573
8104,6.446222876,4.700377164714285,15.37465113,2.921094274285714,2.4373228404285716,11.94390564,10.092768613714286
8105,6.7639942842857135,4.7798200027142865,16.518391007142856,2.8366714155714283,2.4878342688571426,12.010779941428572,10.943874325
8106,7.067300009,4.891039998428572,17.487356600000002,2.7439485507142853,2.552811423285714,12.027379982857143,11.348202878714286
8107,7.262468569571429,4.875151391285715,17.964013797142858,2.769322834857143,2.5962085727142856,11.86043141142857,11.710557135714286
8108,7.414002840857143,4.8910399418571435,18.329451027142856,2.7356485587142854,2.5672771489999997,11.36005995142857,11.946514251428571
8109,7.478979966999999,4.906928549,18.567779625714284,2.6431628478571434,2.581742860857143,10.809651356714285,12.039000047142858
8110,7.428468580999999,4.827485682714285,18.58366829,2.6094885715714287,2.516765720571428,10.626102858142858,12.089511432857142
8111,7.349025771428572,4.763931423571428,18.50422542285714,2.6094885715714287,2.451788580428572,10.509191422428572,12.131485615714285
8112,7.211720057999999,4.684488585571429,18.393005454285714,2.685374284142857,2.386811440285715,10.242168582428572,12.165159948571427
8113,7.052834325714286,4.62093427,18.281785485714284,2.7107485682857138,2.328948578857143,10.108657105285715,12.224208537142857
8114,6.9299943524285705,4.62093427,18.154676854285714,2.6853742841428567,2.2929028622857146,10.14209431242857,12.241045702857141
8115,6.807154322571428,4.605045719428572,17.93223692,2.676837138142857,2.2495057128571427,10.308805756714284,12.131485728571429
8116,6.677200070285714,4.557379954428572,17.66213122142857,2.642925708,2.2276885822857144,10.375442932142857,12.072674265714285
8117,6.576177185142858,4.493825695428572,17.360248419999998,2.5670399954285714,2.256620005857143,10.258531496857143,11.853554317142857
8118,6.482268578857143,4.462048537714286,17.042477181428573,2.406968571,2.300017141142857,10.058382957571428,11.592460071428572
8119,6.381245693714286,4.303399959285715,16.677040178571428,2.1710114377142857,2.3289485647142856,9.858234418857142,11.331365711428571
8120,6.294451422857143,4.128862830285715,16.40693448,2.036077150571429,2.357879988285714,9.49113731,11.070271351428572
8121,6.215008556571428,3.9702142800000004,16.152717444285717,1.9772657300000003,2.3723457,8.990528668142858,10.792102814285712
8122,6.0634742852857135,3.922548515,15.771628790000003,1.9267543015714286,2.379697132857143,8.506757249142858,10.59835712
8123,5.926168571857142,3.922548515,15.533300191428575,1.8847800191428574,2.379697132857143,8.173097233714286,10.429748555714285
8124,5.832260022,4.224431372571429,15.946402960000002,2.069988580714286,2.379697132857143,7.972948581714286,10.817477067142859
8125,5.709420048714285,4.6375342541428575,16.407171494285713,2.4491800109999997,2.3796971328571423,7.806237136857143,11.432625605714284
8126,5.615511499,5.177508528142857,17.106268625714282,2.878882866142857,2.4662542638571425,7.572651390857144,12.148797142857143
8127,5.528954353857143,5.447377130571428,17.55114872142857,3.123377156142857,2.4951857017142856,7.455977080714286,12.671222874285714
8128,5.435045804142857,5.939685696142857,18.234120177142856,3.536242841428571,2.516765706571429,7.506014215428572,13.539402934285715
8129,5.406114380571429,6.225680003142857,18.94886873285714,3.881760002428571,2.5383457114285717,7.539451366000001,14.213600062857141
8130,5.39164864057143,6.622894334142858,19.663854528571427,4.336837166428571,2.567277135,7.522851381857143,14.946845665714287
8131,5.297740034428571,6.654671492,19.88605745142857,4.513982904,2.567277135,7.306102858857144,15.157428525714284
8132,5.218297168142857,6.7976685607142855,20.060831621428573,4.674291475142857,2.574391428142857,6.955605733571429,15.308962797142856
8133,5.182251465571428,6.908888584714285,19.711283055714286,4.657454336999999,2.509414302,6.655382868857143,15.098379824285715
8134,5.095457138285714,7.0359971592857145,19.56828576,4.76701434,2.480482864142857,6.438634289285715,15.241614131428573
8135,5.008662811,7.115440025571429,19.346082837142855,4.691128641428571,2.4589028592857143,6.371997170285715,15.15719106
8136,4.929219944857143,7.051885766571429,18.964757170000002,4.648917219142858,2.444437147428571,6.455234329857143,14.819973932857144
8137,4.835311395142857,7.067774317142857,18.726428571428567,4.522520021571428,2.422857142571428,6.588508624142858,14.802899754285717
8138,4.7848000090000005,7.147217183285714,18.536002749999998,4.530819985428572,2.422857142571428,6.7217829184285725,14.895622562857143
8139,4.741640027571429,7.083662924285714,18.472448547142857,4.530819985428572,2.4083914307142855,7.0722800437142865,14.895622562857143
8140,4.691128585,6.972442900285714,18.265897050000003,4.615242858142857,2.3794599929999998,7.355902924285715,14.60915406142857
8141,4.669548622571428,6.956554293142857,17.99579135,4.505682855142857,2.357642848428571,7.622688638571428,14.22996263857143
8142,4.63350292,6.543451411571428,17.709797212857143,4.370985722,2.3358257038571426,7.639288622857142,13.934957047142857
8143,4.626388641,6.464008545285716,17.75746297857143,4.3795228680000005,2.3287114108571427,7.606088654571429,14.112102812857144
8144,4.647968603428572,6.2256800032857145,17.43969151285714,4.202377187000001,2.321359992142857,7.689562883285714,13.707774260000003
8145,4.655082882428571,6.209791396142856,17.360248647142857,4.126491488571428,2.314008573428571,7.622925707857142,13.547703012857143
8146,4.691128585,5.844354279428572,16.99481141714286,3.865160060428571,2.321359992142857,7.422539986857143,13.126537405714284
8147,4.719822882857144,5.701357154142857,17.296694218571428,3.7639000495714283,2.3358257179999993,7.555814281142857,13.34542023
8148,4.719822882857143,5.7490228625714295,17.630354347142855,3.7807371877142857,2.343177150857143,7.539214297,13.496954501428572
8149,4.821082893714286,5.796688571,17.630354347142855,3.822711484285714,2.372108588571429,7.506014328571429,13.55600309
8150,4.878708615285715,5.844354279428571,17.566799918571427,3.721688599142857,2.3865743002857145,7.322465717285715,13.378857324285715
8151,4.922105779,5.971462797428571,17.83690561857143,3.822948581714286,2.3939257189999994,6.955605733571429,13.555765851428571
8152,5.0231286075714285,5.717245648285713,17.69390855,3.6965514405714286,2.401277137714285,6.688820019285714,13.218785737142856
8153,5.109685752714285,5.62191423142857,17.360248648571428,3.561617153571429,2.408391430857143,6.4220343049999995,12.898405664285715
8154,5.174662878857142,5.5742485230000005,17.18547447857143,3.4437571585714286,2.4157428495714286,6.038337155000001,12.755171357142856
8155,5.326434275714285,5.590137130142857,17.392025977142858,3.4269200204285717,2.430208561285714,5.871388584428572,12.898642677142858
8156,5.340662833571429,5.637802838428572,17.678020114285715,3.435457138285714,2.4012771235714285,5.654402879142857,12.907179767142859
8157,5.434571383285714,5.685468546857144,17.99579157857143,3.3427342734285714,2.3939257048571427,5.604365744428571,13.117999752857143
8158,5.564525691999999,5.590137130142858,18.138788647142857,3.258311428857143,2.379459993142857,5.570928594000001,13.134836918571429
8159,5.651319962857143,5.65369144557143,18.567542839999998,3.275148567,2.357642848571429,5.537491443571428,13.572839804285715
8160,5.839137062285714,6.098571428428572,19.933722762857144,3.586991437714286,2.357642848571429,5.654165753571428,14.668439777142856
8161,6.048771363,6.336899970571429,20.600805554285717,3.646039998,2.3647571417142856,5.6375657128571435,15.174028340000001
8162,6.251054259,6.416342836714286,20.648471092857143,3.856622857857143,2.400802858428572,5.537491443428571,15.140116994285716
8163,6.482268578714286,6.654671435285715,20.48958536,3.8480857399999993,2.458665719714286,5.6375657128571435,14.811436957142858
8164,6.684551474714286,6.797668560571428,20.203591222857142,4.04183149,2.5165285669999995,5.554091427571429,14.347822690000001
8165,6.778460024428571,6.829445718285714,19.44117701428571,4.109417196428572,2.6320171498571434,5.537491443285714,13.311271249714286
8166,6.922880073285714,6.781780009999999,18.043457114285715,4.042068615714285,2.675414299285714,5.671002863142858,11.819879813285715
8167,6.850788668285714,6.543451468,15.279557178142857,3.8651600319999995,2.689880011,5.554328553142858,9.123328429142857
8168,6.843437207142857,6.400454342714285,12.404674322285716,3.8144114638571422,2.76220857,5.437654299428572,6.216194185714285
8169,6.857665765,6.209791452571428,9.338891527571432,3.620665742142857,2.798254272571428,5.320979989428571,3.0308914037142856
8170,6.886597188571429,6.178014294857142,6.146237285,3.4691314427142856,2.921094274142857,5.237742829857143,-0.17978563485714233
8171,6.901062872142857,6.146237193571428,2.6678258039999996,3.300522851285714,2.9934228612857146,5.304617074428571,-3.6769312877142855
8172,6.980505738285714,6.257457217571428,-0.4930513379999999,3.232937144857143,3.0297057177142857,5.5880027729999995,-6.752674151714285
8173,7.146742875285715,6.416342893428572,-3.2726028122857147,3.3341971557142855,3.167011431142857,5.854788487285715,-9.735931389571428
8174,7.399537213857142,6.670559986142857,-4.956317075428571,3.494268573,3.2393399901428563,6.205048486714285,-11.623588428285716
8175,7.609171514428572,6.813557111428572,-6.274594257142857,3.545017141142857,3.231988557285714,6.805494159857142,-13.258451297714286
8176,7.695965785285714,6.877111427000001,-7.179768578571428,3.595528583714285,3.2972028655714283,7.339302770571429,-14.168605541428573
8177,7.775408651428571,6.718225751142858,-7.672077087571428,3.595528583714285,3.275622874857143,7.6060884848571435,-14.783754192857144
8178,7.753828688857143,6.210028578428571,-7.862740034285714,3.376408577714286,3.2322257112857145,7.68932564457143,-15.09535993857143
8179,7.674385822714286,5.844591405285714,-7.688202877,3.233174284428572,3.2248742784285716,7.439139970857143,-14.960425594285715
8180,7.428705819428572,5.558597154714286,-7.513428480857143,3.022354284857143,3.174362835857143,7.105480011999999,-14.52218547
8181,7.204842904428572,5.1772714874285715,-7.862739921142857,2.676837152142858,3.1670114312857143,6.955368607857143,-14.648582611428571
8182,6.923117198857144,5.081940070571429,-8.355285556428573,2.7778600091428567,3.203294287714286,6.788657219571428,-14.825491251428572
8183,6.684788656857144,5.113717171857142,-9.276585610285712,2.7441857047142855,3.159897124,6.655145742999999,-15.567037157142858
8184,6.424880039285713,5.288491454857143,-9.864462774428572,2.9042571219999997,3.1020342485714285,6.788657219571428,-15.94622858
8185,6.2586428458571435,5.590137186714285,-10.753985613857143,3.1655885501428576,3.1020342485714285,6.972205774142858,-16.43521721714286
8186,6.085291429999999,5.701357210714285,-11.722714194857144,3.224637124714286,3.0370570941428574,7.172354313142856,-17.084277328571428
8187,5.940871437714286,5.844354335999999,-12.326479909571429,3.2922228451428572,3.000774237714286,7.48941434442857,-17.674051724285714
8188,5.796214319714285,5.828465728857144,-12.628362824285714,3.3849456958571436,2.972079939857143,7.589488613857143,-17.81728603142857
8189,5.709420048857142,5.6219142881428565,-12.326480022714284,3.047965694857143,2.921568525571429,7.5394514791428575,-17.421257442857144
8190,5.651557145142857,5.3518085882857145,-11.325974228428572,2.8710571252857138,2.885522823142857,7.539451479142857,-16.367868778571427
8191,5.622625721571429,4.970482864428571,-10.468228490142858,2.668774285714286,2.8639428324285716,7.322465717428572,-15.323017317142856
8192,5.666022885285715,4.732154294142857,-8.387537050571428,2.449654279857143,2.9144542749999998,7.172354313285714,-13.283588711142858
8193,5.745465751428571,4.4940628494285715,-5.973185651000001,2.289582855428571,2.899988563285714,7.105717194285714,-10.106585779428572
8194,5.803328598714286,4.271622858,-2.8917513752857142,2.1629485675714286,2.856828581857143,6.922168582999999,-6.778048520142858
8195,5.890122869428572,4.0970857288571425,0.3326800832857142,1.986039998,2.835011437142857,6.922168583,-3.6264200142857135
8196,6.049008545285715,3.906422895142857,3.493557226,1.9521285678571427,2.7697971569999997,6.955368551428571,-0.2725085554285706
8197,6.157382835000001,3.811091478285714,6.670323031714285,1.8508685711428572,2.7045828768571427,7.005405686142857,2.9550057617142858
8198,6.265757124857143,3.684220029428571,9.783534409142858,1.7076342778571427,2.7045828768571427,7.155517146714287,5.921425718857143
8199,6.431757136142857,3.6683314505714284,12.309105775285714,1.6317485722857143,2.5890942939999997,7.4391400274285715,8.255622902857143
8200,6.561948514142856,3.6365542928571424,14.405685652857143,1.5644000004285714,2.5675143032857144,7.789399970428571,9.351222875428572
8201,6.756879949,3.541460001714286,15.438205674285712,1.5209633313333333,2.5530485772857148,8.139659913428572,10.042257113285714
8202,6.930231364999999,3.6206657140000003,16.327728514285713,1.5306466636666667,2.5604000101428572,8.473319928857142,10.74159142742857
8203,6.980979989714286,3.7159971308571427,16.96303431714286,1.579893323,2.6182628574285713,8.773779919285715,11.078571428571427
8204,7.053308577000001,3.8113285477142855,17.344359984285713,1.6487833266666667,2.625614276142857,8.957328530571429,11.272317121428573
8205,7.197728569285713,3.906422838857143,17.646242784285715,1.7373166580000001,2.5459342701428573,9.124277101142857,11.474362892857142
8206,7.08935427942857,3.9064228388571425,17.646242784285715,1.8258499811666666,2.466491418142857,9.157714195142857,11.533411368571427
8207,7.08935427942857,3.954088575428571,17.61446568285714,1.9829966510000003,2.4375599802857137,9.091077132857142,11.60075992142857
8208,7.089354279428571,4.096848575,17.66213122142857,2.002639989428572,2.3941628448571426,9.024440070571428,11.710319895714283
8209,6.98097998957143,4.049182866571428,17.566799917142852,2.070225702857143,2.3073685600000005,8.991002863428571,11.727156948571428
8210,6.879719978714285,3.9538514497142856,17.39202552142857,2.070225702857143,2.227925707857143,8.957565769428571,11.676645562857143
8211,6.785811429,3.8585200328571423,17.217251125714284,2.061925696571429,2.1989942842857144,8.991002863428571,11.6178341
8212,6.605108608428571,3.795202899428571,16.978922527142856,2.0450885584285716,2.1847657122857145,9.007602791,11.48313688142857
8213,6.518551463285713,3.779551474428571,16.756482592857143,2.0282514202857143,2.220811428857143,8.974165697,11.32306552
8214,6.345200047285715,3.763662895571428,16.406934027142857,1.994577129857143,2.191880005285715,9.007602791,11.095408481428573
8215,6.128451467714286,3.414351469428571,16.041497024285714,1.6995714114285714,2.1847657122857145,9.041039885,10.909962864285713
8216,5.984031475428572,3.6209029102857144,16.152716991428573,1.7837571302857143,2.199231424,8.991002750285714,11.221805735714284
8217,5.789100040571428,3.716234327142857,16.359268488571427,1.9101542712857145,2.1847657122857145,8.957565543142858,11.54194857
8218,5.5868171445714285,3.8433429017142857,16.549931321428573,2.0280142662857146,2.170300000571429,8.874091314428572,11.752531430000001
8219,5.536305702,4.3038743095714285,16.94714565285714,2.2808085484285714,2.2929028764285713,8.807454252142858,12.140022929999999
8220,5.485794259428571,4.812071425857143,17.693671310000003,2.550439968714286,2.3507657378571425,8.774017044999999,12.831057111428573
8221,5.500259999571428,5.224937153571429,18.630860028571426,2.8537456934285714,2.401277166285714,8.723979910285715,13.783422777142857
8222,5.514725683142857,6.082682878142856,19.82226578142857,3.5869914094285713,2.4662543207142855,8.657105609142857,14.929534137142856
8223,5.514725683142856,6.670322803857142,20.552902775714283,4.042068559285714,2.5096514561428576,8.540431412142857,15.603731264285715
8224,6.186314258714285,7.496291385428571,22.141285395714288,4.513982875571428,2.6830028861428574,8.440357142714285,16.530722787142857
8225,6.778460024571429,8.115945651285715,23.411897004285713,4.943685713142857,2.8347742971428573,8.340282873285714,17.36499138857143
8226,7.240651481714287,8.592365666857143,24.61895418285714,5.3397143027142855,2.871057153571429,8.256808531428572,18.32565701857143
8227,7.7101944,8.973454208428572,25.42903427,5.6683943115714275,2.9431485868571436,8.256808531428572,18.85638271285714
8228,8.136340098,9.513428483,26.143782825714286,5.963400016,3.051522876714286,8.073259976714285,19.17652566
8229,8.569837257142856,9.529317033571429,26.30266855857143,5.988774328428572,3.145431454571429,7.9397485568571415,19.016454185714284
8230,9.075425821285714,9.719979979714285,27.112748645714287,6.106634323428572,3.253805758428572,7.839674230857142,19.378808442857142
8231,8.959937252571427,9.862977161142856,27.080971771428576,6.182520021857143,3.253805758428572,7.7395999614285715,19.488368417142855
8232,8.967288600571427,9.973960002857142,27.01741734285714,6.224731500571428,3.2682714984285717,7.722762795,19.52204275
8233,8.931242897999999,9.894517136,27.017417342857147,6.081497193142858,3.2682714984285717,7.672725660285715,19.387345644285713
8234,8.887845734285714,9.751757193,26.98564024142857,6.022448604428571,3.2972029220000003,7.639525691999999,19.28632287285714
8235,8.923891436714284,9.767645743,27.065083108571432,6.132008579000001,3.275622903,7.8230742467142855,19.261185742857144
8236,8.945471455714285,9.92653147542857,27.398505772857142,6.132008579000001,3.290088614857143,7.973422833000001,19.36220874142857
8237,8.923891436714285,9.735868529285714,27.06484587142857,6.1068714488571425,3.311668605714286,8.190171356000002,19.09257729285714
8238,8.945471455714285,9.592871347857143,27.01718010571429,6.081497136571428,3.3190200385714284,8.440357029571429,19.04206579285714
8239,8.974402935857142,9.354779988142855,26.85853161142857,5.870914276714285,3.340600029428572,8.70737986957143,18.85661995
8240,8.981754283857143,9.212020045142859,26.667868778571428,5.887751442999999,3.333248596571429,9.024439844285714,18.63750000142857
8241,9.039380005428571,9.434222853714285,26.858531612857142,6.098571485142857,3.3332485965714285,9.224588383142857,18.898594247142857
8242,9.046494341,9.116688627714286,26.652217354285714,5.854077223428571,3.347714336571429,9.407899868714285,18.611888392857143
8243,9.024914321999999,9.180005704428572,26.811103085714283,5.912888629857144,3.3258971918571434,9.591211354285715,18.788796805714288
8244,9.06807436,9.354780100571428,27.08120878428571,5.8116286189999995,3.3043172010000004,9.708122790142856,18.84760826857143
8245,9.017562860857144,9.243560132428572,26.636565927142858,5.651557201714286,3.275385749142857,9.774997091285714,18.367394074285716
8246,8.952585678142857,9.561094358428573,27.049431457142855,5.921188593714286,3.239340018285715,9.741559997285716,18.797334235714285
8247,8.988631380714285,9.624648560857143,27.367202695714287,6.114934287285713,3.2248743065714285,9.641485727857143,19.08380285
8248,9.046494227857144,9.43422285342857,26.970225602857145,5.845302838714287,3.232225739428572,9.591448593142857,18.536239988571428
8249,9.133288442,9.672314213142858,27.208316962857143,5.879214297142858,3.232225739428572,9.458174242285713,18.797571472857147
8250,9.292174174285716,9.704091427571427,27.351314258571424,5.904588553000001,3.2395771722857143,9.341499932142858,18.890294508571426
8251,9.429479887857141,9.497777055857142,27.398980024285713,5.845777146571429,3.2540428841428577,9.274625631000001,18.898831711428574
8252,9.646228466857142,9.291462684285715,27.71651447714286,5.828940036714287,3.2540428841428573,9.241188537,19.13478882714286
8253,9.877205604142857,9.037482660714286,27.811846007142858,5.618120051142858,3.2829743359999997,9.241188537,18.898831711428574
8254,10.101068518857144,9.148465502571428,27.859511771428572,5.500260056142857,3.3119057595714283,9.191151402285714,18.924205854285713
8255,10.346748465857145,9.180005478142858,28.76492293571429,5.483185764142857,3.3045543267142854,9.141114267571428,19.480305917142857
8256,10.556145697285714,9.338891210142858,29.305134108571426,5.500022874000001,3.319020038571428,9.207751443000001,19.724800235714287
8257,10.736611448571429,9.100799737142859,29.03502840857143,5.339951456714286,3.340600029428572,9.324425753142858,19.21921167142857
8258,10.866565699999999,9.211782579,28.590385325714287,5.373625732857143,3.3406000294285714,9.424500135714286,18.69678594
8259,10.216557144000001,9.116451218714285,27.478659450000002,5.323114290285715,3.318782913,9.491137311142856,18.165823007142855
8260,9.573662923142859,8.878122676714286,25.985608132857145,5.238928571428572,3.246454325714286,9.491137311142856,17.263968614285712
8261,8.894722886857144,8.417591268857143,24.174785352857146,4.9270857007142865,3.2030571902857146,9.607811621285714,15.982923024285714
8262,8.092942933,8.115945593571428,21.601548364285716,4.893411424428571,3.1380800358571426,9.707885890714284,14.154314461714284
8263,7.363491453857144,7.274088462428572,17.201600007285712,4.387822860142857,3.109148584,9.657848756000002,10.235765850857144
8264,6.612459955714285,6.892762795285714,12.420562804285712,4.0506057335714285,3.0586371412857143,9.574611539857143,6.199357188
8265,5.832497147571428,6.416342836857143,7.385308565000001,3.646039998142857,3.007888573,9.491374323714284,1.9438286894285723
8266,5.781748579285714,6.098571372142857,2.8105857335714295,3.207799986285714,2.9863085540000003,9.408137107571429,-2.598405663428572
8267,5.695191434142857,5.892019931285715,-1.7321228692857145,3.022354285,2.971842842285714,9.424974160857142,-6.997168470571428
8268,5.594168605428571,5.717245648285714,-6.068279976428571,2.9464685864285713,2.921331399714286,9.508448389714287,-11.34542000342857
8269,5.623100029142856,5.494805656857143,-10.118680072142856,2.651700007857143,2.9213313997142856,9.792071270714287,-15.297642833714288
8270,5.565237181999999,5.733134198857143,-12.358257238000002,3.005517175142857,2.8563542735714287,10.209205514714286,-17.353908661428573
8271,5.471328632285714,5.844354166285714,-14.04197161357143,3.224637181,2.8058428592857143,10.425954094714285,-18.89604861
8272,5.341374323571429,5.907908481857143,-15.23337736714286,3.3932457442857142,2.726399993142857,10.692739809,-20.058997248571426
8273,5.363191468285714,6.162125631,-16.37688023,3.6460400264285715,2.7192857142857143,10.942925596142858,-21.204871482857147
8274,5.478680036999999,6.066794214285714,-16.519877298571426,3.443757165714285,2.733751426,10.97612567757143,-21.61773723857143
8275,5.637565769428571,6.003239955285714,-17.504731555714287,3.283685734428571,2.7842628685714286,10.942688583285717,-22.856334280000002
8276,5.7314743191428565,6.050905663714286,-18.29892297857143,3.2668485962857146,2.842125744,10.792340053285715,-23.833837302857145
8277,5.789337166285714,5.923797145714286,-18.330700080000003,3.014054286,2.928682889142857,10.675428617571429,-23.918022908571427
8278,5.962688582285715,6.050905720285714,-18.251257214285715,2.963542843428571,3.0007743224285717,10.775502886142858,-23.934860075714283
8279,6.179200036142857,6.003239955285714,-18.06059438142857,2.9213314211428574,3.109148612142857,10.992488591857144,-24.01928292
8280,6.229711478714285,5.955574246857144,-17.472954455714284,2.845445722714286,3.181240045428571,11.326148493285714,-23.522231557142852
8281,6.208131459714286,6.336899970571429,-17.32995738714286,3.1909628625714284,3.260682911714286,11.826756965714285,-23.210388798571426
8282,6.164734296,6.638782828142857,-16.61520883,3.351034293857143,3.318545759,12.343965592857144,-22.224586038571427
8283,6.0995200441428565,6.607005726857142,-15.058602972142856,3.308822857428571,3.333011470857143,12.744499795714287,-20.615097311428574
8284,6.063474341714285,6.622894277428571,-14.582183013571427,3.3510342797142854,3.347477182714286,12.928048407142857,-20.033623105714288
8285,5.976680070857142,6.416342836571429,-13.676771510714286,3.2500114228571424,3.347477182714286,12.91144848,-19.182517450000002
8286,5.940634311857144,6.178014294571429,-12.310591360285715,3.1153142897142856,3.340362875571429,12.677862847142858,-17.741400387142857
8287,5.976680014428572,5.907908594714286,-10.753985615285714,3.0394285630000004,3.333248596571429,12.394240080000003,-16.157048904285713
8288,5.969328609857143,5.383585745714286,-9.245045635714288,2.651937133571429,3.2898514611428573,12.127217240000002,-14.53072312442857
8289,5.940397186285715,4.9545943135714285,-5.89350566,2.3906056984285713,3.231988613857143,11.74352009,-11.109225932
8290,5.926168571857142,4.716265715,-2.986845667857143,2.3061828469999996,3.1525457477142855,11.426460115714287,-8.058620254571428
8291,5.969328553285714,4.446159987,0.5076914892857142,2.1290371375714283,3.087568593285714,11.20947441,-4.536337302142857
8292,6.034305679428572,4.3349400195714285,4.113448615,1.9858028582857141,3.0225914389999997,11.22607433714286,-0.9042573064285716
8293,6.128214285714285,4.207831445,7.385308598857143,1.8677057092857143,2.9720800247142853,11.242674264285716,2.3232570107142854
8294,6.236588575428571,4.096611449285715,10.514408526714286,1.7161714238571426,2.885285725714286,11.209237057142857,5.365325599285714
8295,6.388359972428572,4.080960024285714,13.373402754285715,1.6993342822857145,2.834774283142857,11.142599995714287,8.036739853714286
8296,6.547245704857143,3.922311445857143,14.739345552857143,1.6066114281428572,2.7626828357142856,11.042525612857146,9.182614144142859
8297,6.691665697285715,3.7477743168571425,15.597091292857142,1.4719142825714286,2.7119342674285716,10.942451342857142,9.924159823857142
8298,6.828971410714287,3.573237187714286,16.327728514285713,1.3372171388571428,2.639605708428572,10.792339939000001,10.531008342857143
8299,6.937345700571429,3.3192571925714285,16.820037022857143,1.1854457084285712,2.589094279857143,10.525554225142857,10.943874098571428
8300,6.966277124142858,3.1606086141428564,17.121919824285715,1.050511425,2.5238799997142856,10.275368551571429,11.154456958571428
8301,7.009674287857143,3.0496257441428574,17.280805555714284,0.9660885699999999,2.5022999948571427,9.991745670857142,11.255479842857143
8302,7.017025748857143,2.9542942991428576,17.376137085714284,0.8902028555714285,2.466254278142858,9.67468558257143,11.347965638571427
8303,7.031491432428572,2.970182878,17.535022817142856,0.881863331,2.458902859428572,9.457699877142858,11.482899868571426
8304,7.031491432428572,3.0019600074285715,17.69390854857143,0.881807998,2.4517885662857144,9.274151266428573,11.592459957142855
8305,7.002560008714285,3.049625715857143,17.789239851428572,0.940903999,2.5167656924285713,9.157476956285716,11.7273943
8306,6.966514306142856,3.0655142664285715,17.78923985142857,0.9525240004000001,2.5312314042857147,9.04056552042857,11.718857097142857
8307,6.937582882571427,3.0655142664285715,17.64624278285714,0.9525240004000001,2.5530485348571434,8.923891210285714,11.65980862142857
8308,6.836559997428571,3.0337371369999997,17.423802848571427,0.940903999,2.5456971161428577,8.807217013285715,11.525111517142859
8309,6.706368563,3.0178485864285713,17.10603138428571,0.9525240004000001,2.538345697428572,8.807217013285713,11.339902912857143
8310,6.533017147,2.795408588,16.74059438142857,0.8522599996666668,2.516765692571429,8.824054179714285,11.162994385714285
8311,6.359665730999999,2.9699457452857145,16.804148584285716,1.0334371454285716,2.4733685572857143,8.807454252142858,11.525348641428574
8312,6.157382891571428,3.0335000325714283,16.931257215714286,1.2271828565714284,2.336299997857143,8.774017044999999,11.76106863142857
8313,5.933520033,3.3510343434285708,17.10603161142857,1.4970514271428572,2.263971438857143,8.740817076714285,12.182471589999997
8314,5.716771453428572,3.477905792285714,17.137808711428573,1.707871423142857,2.191642879857143,8.723979910285713,12.570200102857143
8315,5.550534316428573,3.9384372282857143,17.487357277142856,2.1712485704285713,2.155597163142857,8.807454138999999,13.159974272857145
8316,5.4421600267142844,4.573742947285714,18.233882934285713,2.7527228294285715,2.1411314512857147,8.724217035999999,14.187988567142856
8317,5.377182900571428,5.367934377428571,19.059851458571433,3.3173599751428573,2.155597163,8.690779942,15.081068518571428
8318,5.333785793428571,5.622151526714286,19.48860565142857,3.705088530142857,2.1989942982857142,8.607305600142857,15.468559905714285
8319,5.305091495428571,6.1303486711428565,19.82202854142857,4.0842799392857145,2.2566200197142856,8.540668537857142,15.949011339999998
8320,5.297740090857142,6.384565820285714,20.09189700285714,4.303162819428572,2.32159716,8.473794236714285,16.058571315714286
8321,5.348251533428571,6.924777248285714,20.77486845857143,4.598168509714286,2.4010400119999997,8.390320008,16.555859802857146
8322,5.369831552428571,7.147217239714285,21.28306551857143,4.842662799714285,2.4660171522857146,8.239971478142857,17.036311237142858
8323,5.362717273428571,7.432974307857142,21.235399754285716,4.943922810571428,2.5094142877142858,8.223134311714286,16.91821406
8324,5.312205830857143,7.893505715714285,21.21951109,5.3145770877142855,2.5309942925714286,8.173097177,17.0446112
8325,5.239877243571429,8.243054225142858,21.251288418571427,5.482948525285714,2.5236428738571424,8.189934343428572,17.230057042857144
8326,5.1820143964285705,8.35427419257143,21.362508385714285,5.575671389999999,2.5236428738571424,8.290008612857143,17.474551361428574
8327,5.095457251285715,8.54493702614286,21.600836984285714,5.685231364714285,2.487597157142857,8.456957183428571,17.81153124857143
8328,4.9655029424285715,8.401939844285716,21.44195125285714,5.836765692428572,2.458665733571429,8.673942888714285,17.84520558142857
8329,4.8429000947142855,8.370162686428573,21.457839917142856,5.760879994000001,2.4152685981428568,8.890928594,17.819831438571427
8330,4.720060064857143,8.036739909857143,21.553171447142855,5.710368608000001,2.371871462714285,9.024440070571428,17.912554247142857
8331,4.640617198714286,7.655651368285715,21.458077157142856,5.499785748142857,2.3358257461428567,9.12451434,17.786157107142856
8332,4.626151458714285,7.353768567285713,21.346856962857142,5.205017169571429,2.3358257461428567,9.157714308285716,17.482851325714282
8333,4.626151458714285,7.385545781714286,21.15619413,5.070082882571429,2.350291458,9.107677173571428,17.288868505714284
8334,4.669311440142857,7.274325757857143,21.108528365714285,5.087157174571429,2.371871462857143,9.024202944857143,17.33108004142857
8335,4.763220046428572,7.433211490285715,21.251525434285714,5.1208314508571435,2.4008028864285715,8.840654333571429,17.347917208571427
8336,4.864242875142858,7.607985829857144,21.124416802857144,5.179879982857143,2.4297343099999997,8.573631437142856,17.356454184285717
8337,4.929220001285714,7.544431514285714,21.140305467142856,5.154505670428572,2.4442000218571427,8.40668286657143,17.137334234285717
8338,5.023128551,7.512654356428572,21.362508388571428,5.061782805571428,2.480245738428571,8.256571462428571,17.34815422
8339,5.0883428592857145,7.68742863942857,21.71205718142857,5.424137118857142,2.516528595,8.106460058285714,17.626322871428574
8340,5.138854301857143,7.830425707999999,22.10927151142857,5.6600942911428564,2.523880013714286,7.989548622428572,17.921328462857144
8341,5.175137130142858,7.9257571812857135,22.204603041428573,5.617882869,2.5601628702857147,7.872637186571429,17.794931321428574
8342,5.189602813714287,8.195625755428571,22.252268805714287,5.719142879857143,2.5746285821428576,7.8726371865714295,17.752720011428572
8343,5.218534237285715,8.290719933428571,22.601817371428574,5.811865744714287,2.5890942939999997,7.956111471714286,17.912791485714283
8344,5.2763971409999995,8.433717058714286,22.760703102857146,5.803328598714287,2.6109114387142855,7.939511431,18.24147141
8345,5.370305747285714,8.656157050142857,23.07847456857143,5.887751499714286,2.6182628717142857,7.872637073428572,18.258308575714285
8346,5.45686289242857,8.783265568142857,22.840145970000002,5.668631493857142,2.6182628717142857,7.822599938714286,18.081162697142855
8347,5.630214308285715,8.799154118857142,23.142028771428574,5.592745738857142,2.6471943094285715,7.755962763285714,18.114837029999997
8348,5.818031464285715,8.672045544285716,23.364468705714284,5.5590714625714295,2.6543085882857147,7.755962763285715,18.34225694285714
8349,6.027428582714286,8.433954071428571,23.586908641428572,5.247228591857143,2.647194309428571,7.655888493857143,18.266371075714282
8350,6.2078942775714285,8.100531294857143,23.555131539999998,4.935385749428571,2.6256143045714286,7.539214240285714,17.94622835428571
8351,6.439108540714286,7.909868461142858,23.555131539999998,4.834362920714285,2.6111485785714286,7.555814280999999,17.56703693142857
8352,6.655619938000001,7.560319895142858,23.745794372857144,4.792151442,2.618262857428572,7.589251431428571,17.634385597142856
8353,6.893948479999999,7.623874210714286,24.206562905714286,4.935385692857143,2.6614228388571433,7.689325700857142,17.80299427285714
8354,7.0962313195714275,7.623874210714286,23.920568542857144,4.783851421571428,2.711934253142857,7.822837177428572,17.406965684285712
8355,7.247765590714286,8.020851359285714,23.72990570857143,5.036645703714286,2.791377119285714,7.889711478571429,17.23005727
8356,7.370605620571427,8.147959990428571,23.285262851428573,5.2135542872857155,2.877934264285714,8.039822882714287,16.648583062857142
8357,7.385071360571428,8.227402800142857,22.55462563142857,5.339951400142858,2.9718428281428575,8.189934343428572,16.05027157714286
8358,7.392185639571429,8.290957059142858,21.55388271142857,5.407299952571428,3.087331411,8.273408572142857,15.089605947999999
8359,7.283811349857143,8.465731342142858,19.123642677285716,5.289202831857142,3.145194258142857,8.423519976285714,12.763708756
8360,7.160971376571429,8.259179901428572,16.327965469714286,5.078619972,3.1814771145714285,8.423519976285714,10.117668701571429
8361,7.038131403285713,7.989074258142858,13.32597410214286,5.070082825999999,3.2248742782857143,8.406919935571429,7.201997254285715
8362,6.893711411,7.687428469857144,9.990322706142857,4.791914231428572,3.1959428547142856,8.373482728428572,3.8061113867142855
8363,6.763757102142856,7.464988478428572,6.860985624142856,4.791914231428571,3.2177599994285715,8.273408458999999,0.8399285547142856
8364,6.7566428232857145,7.592097053000001,3.8907714284285713,4.800214251714286,3.2393400184285714,8.290008386571428,-2.2865628775714284
8365,6.763994284285714,7.846314202285714,1.2224399774285715,4.884637096285714,3.2248743065714285,8.406919822428572,-4.932602875714286
8366,6.84367433257143,7.941645619142856,-0.49305144342857143,5.120594212,3.195942883,8.506994205000002,-6.752674320857143
8367,6.894422900857143,8.100531407999998,-2.144988548857143,5.314339962,3.2248743348571423,8.640505681571428,-8.193554315
8368,6.836559997142857,8.259417083857143,-3.542708490857143,5.306039998142857,3.1596600265714287,8.723742784571428,-9.600997044857142
8369,6.77869715,8.021088541857143,-5.003982734857142,5.356551440714285,3.1236142958571427,8.890691355142858,-10.915716967285714
8370,6.597994329571429,8.005199934714286,-6.703348394285714,5.112294276428571,3.0152400061428573,9.124277101142857,-12.356596905285715
8371,6.352314326428571,7.6874285264285716,-8.609502705714286,4.808988551714285,2.928682861,9.324425753142858,-13.85652554442857
8372,6.1211000068571435,7.163105677428573,-10.372659891857143,4.387585706285715,2.9360342938571433,9.324425753142858,-15.49968837857143
8373,5.882534282714285,6.813557111428572,-12.278814259714286,4.134791452428572,2.9865457364285715,9.207751442999998,-17.07550266
8374,5.615274260571428,6.305122756571429,-13.565314305285714,3.6375028661428574,2.8852857255714284,9.224351370571428,-18.482945617142857
8375,5.478205729285714,5.955574190571428,-14.709054294285716,3.485731412714286,2.907102870142857,9.391299941142858,-19.32551429571429
8376,5.485557190428572,5.971462797714286,-14.979159992857145,3.2666114068571424,2.9865457362857137,9.591448592571428,-19.679331350000002
8377,5.565000056571429,5.828465672428572,-14.709291418571429,3.148514257857143,3.073102881285714,9.808197171857143,-19.477285805714285
8378,5.673374346285714,5.828465672428572,-14.216982795714285,3.1738885702857145,3.1162628910000003,9.891671399999998,-19.173980024285715
8379,5.745465807857142,6.01912856257143,-13.470457024285713,3.4435200187142856,3.072865727428572,10.00834571,-18.348248511428572
8380,5.803328655,5.844354279571429,-12.358494023142857,3.2497742970000005,3.0439343038571427,10.241931343000001,-17.46346852428572
8381,5.860954376571428,5.780800020428572,-11.230642584285714,3.1824257304285717,3.0873314392857147,10.358842778857142,-16.300519885714287
8382,5.8825343391428575,5.621914344571429,-9.499262669571428,2.9550057324285715,3.0655142947142857,10.291968590857143,-14.842565656428574
8383,5.853602859,5.351808588142857,-7.863214143857142,2.7780971630000004,3.029468563857143,10.20849424942857,-13.098380050285716
8384,5.860954263571429,4.970720018285715,-6.0365027701428575,2.575814316428571,2.986071400285714,10.091819939428571,-11.134837143142857
8385,5.904351427285714,4.621171452285714,-3.352045643571429,2.3566943034285712,2.9716056602857144,10.025182764571428,-8.412911454000001
8386,5.9550999955714286,4.366954303,-0.4771628648571427,1.9438285617142859,2.993185679285714,9.97514563,-5.615100116000001
8387,6.113985728,4.430508618571428,2.540717095428571,1.926991423571429,3.0076513911428577,9.941708535714286,-2.6320801168571433
8388,6.3018028838571425,4.525840035428572,5.638039922285714,2.0365514265714286,3.0002999582857144,9.958308576285715,0.29212853271428546
8389,6.5185514634285715,4.589394294428572,8.417591283285715,2.1544114215714285,3.0002999582857144,10.091819939142857,2.9718428637142855
8390,6.800277169142858,4.65294861,11.149714203285713,2.2049228500000004,3.0002999582857144,10.191894209142857,5.373625669
8391,7.038605767714286,4.843374346285714,13.564065530999999,2.3144828458571434,2.971605688571428,10.291968479142858,7.413054217571428
8392,7.2480028861428565,5.0022600787142855,15.168336984428572,2.3735314132857144,2.964491409571429,10.392042861142857,8.803422832714284
8393,7.442934321000001,5.065814337857143,16.343854074285716,2.449417125857143,2.921331399857143,10.492117129999999,9.814600017571427
8394,7.551308610714286,4.986371471571429,17.24926557857143,2.3735314132857144,2.878171390142857,10.542154264285715,10.632031452714285
8395,7.630751477,4.859262897,17.836905617142857,2.2976457007142854,2.8494771204285714,10.608791440000001,11.154457070285714
8396,7.645217217000001,4.763931480142857,18.12289998142857,2.213459996142857,2.820782850714285,10.658828575714287,11.491437071428573
8397,7.49344582,4.668600063285714,18.186454184285715,2.179785705857143,2.7268742868571425,10.592191400000003,11.685182878571428
8398,7.334560087714285,4.5573800392857144,18.13878864571429,2.1629485678571427,2.6474314207142853,10.542154264285715,11.80304293
8399,7.182788634285714,4.462048594142858,18.107011544285715,2.1880857122857136,2.5535228568571426,10.508717057142857,11.929440071428571
8400,6.973391459428571,4.350828598428572,17.995791577142857,2.1963857185714284,2.452262860142857,10.458679922857142,12.030700082857143
8401,6.8145057271428575,4.287274311142857,17.900460047142854,2.2049228645714285,2.372582854142857,10.375205694714285,12.081448707142858
8402,6.69901715842857,4.271385760428572,17.805128517142858,2.2134600105714286,2.321834285857143,10.241931343714285,12.081448707142856
8403,6.5761771285714286,4.144277185857143,17.59857702,2.1629485820000003,2.2566199917142855,10.058382845142859,11.98042582142857
8404,6.460688559857144,4.049182894714286,17.280805555714284,2.103900014571429,2.2492685729999997,9.941471522285715,11.778142925714288
8405,6.388359972571429,4.001517186285714,16.96303409142857,2.0448514471428574,2.306894294428571,9.724722943285714,11.542185810000001
8406,6.280222865,3.9223114739999994,16.56581976142857,1.9606657352857144,2.328474299285714,9.42450013557143,11.255717194285713
8407,6.215245738857142,3.573000054857143,16.295714061428573,1.6319857264285713,2.3645200158571424,9.140877255000001,11.06173426142857
8408,6.049008601857142,3.652442892857143,16.311602724285716,1.6488228645714285,2.3574057368571424,8.824054406,11.322828507142859
8409,5.868305724714285,3.715997152,16.21627142,1.7666828454285715,2.342940011,8.523594415571429,11.491437182857142
8410,5.6733742898571435,3.715997152,16.232160082857142,1.7581456994285714,2.3287114389999997,8.256808701285715,11.702020042857141
8411,5.572114279,3.7952028642857143,16.534042882857143,1.8425685508571428,2.3360628577142855,7.973185764142859,11.997025747142859
8412,5.427694286714286,4.112974272571429,17.21725135142857,2.1712485525714285,2.307131434142857,7.722762908428571,12.80591998
8413,5.326434275857143,4.525839972,17.868682717142857,2.3735313991428577,2.307131434142857,7.6058514161428565,13.43790579857143
8414,5.1891285624285715,5.208811378285715,18.583431274285715,2.879119977428572,2.292665708285714,7.489177162571429,14.11210303857143
8415,5.117037100857142,5.431251369714286,18.821759872857143,3.0982399691428575,2.292665708285714,7.422302805,14.305848732857143
8416,5.658908493285714,5.907908566857143,19.83839123142857,3.359571397285714,2.401040012142857,7.3056285512857135,14.75238870857143
8417,6.200542816571429,6.416342865285714,20.93446545571428,3.6209028254285722,2.538108599857143,7.172117074714285,15.038857210000003
8418,6.771345689142857,7.067774317142857,21.91931993857143,3.8988342801428573,2.6609486155714284,7.005405686285713,15.561282827142858
8419,7.378194264142857,7.512654299857144,22.760940114285717,4.101117147857144,2.79114005,6.905331416857144,15.772102812857144
8420,7.934531453142857,7.750982898428572,23.60279730285714,4.421260039,2.928445763428571,6.7386200284285716,16.142994045714286
8421,8.534028566999998,8.021088654714285,24.063565837142857,4.4971457657142855,3.0731029237142855,6.538471433,16.202042521428574
8422,9.126174332857143,8.322971512285713,24.794202831428574,4.749940076,3.210408623,6.3883600287142865,16.43799963714286
8423,9.104594426999999,8.17997433042857,24.53998579571429,4.615005817142857,3.239340046571429,6.338322894,16.286228127142856
8424,9.104594427,8.465731398571428,24.555874460000005,4.7582401245714285,3.2466914511428575,6.371760044571429,16.581233945714285
8425,9.032265896285713,8.481619949285713,24.524097132857147,4.994197240285715,3.239340018285714,6.405197195142857,16.682493955714286
8426,8.931005885428572,8.592602791142857,24.444891278571426,5.129131527428571,3.2319885854285717,6.3385600761428575,16.673956752857144
8427,8.916540088714285,8.719711309142856,24.444891278571426,5.221854335714286,3.2175228735714287,6.271922900714285,16.74130541857143
8428,8.866028702714285,8.846819827142857,24.413114177142855,5.356788594571428,3.210171440714286,6.288522941428572,16.724468252857143
8429,8.829983000142857,8.910374142714286,24.49255704428571,5.339951428285715,3.2246371807142857,6.221885766142857,16.682493955714286
8430,8.822631539000001,8.973928401857142,24.651442775714283,5.373625704571428,3.2319886135714286,6.121811440285713,16.7669168
8431,8.80105152,9.005705616285715,24.587888347142858,5.516859955428572,3.224637209,5.888225694428571,16.834265464285714
8432,8.786585723428571,9.037482717428572,24.556111245714288,5.483185679285715,3.2175229018571434,5.671239932714286,16.77521699
8433,8.808402868142856,8.672282783,24.000011182857143,5.036408521428571,3.224874334714286,5.571165606857143,16.286465592857144
8434,8.829982887142856,8.576951366285714,23.71401682,4.884637124428571,3.2322257675714288,5.521128472142857,15.839925504285715
8435,8.866028589714286,8.433954297714285,23.682239718571427,4.918311400714286,3.225111460428572,5.421054146285714,15.721828327142857
8436,8.844448570714286,8.227402856857143,23.348579815714285,4.6569799725714285,3.1961800085714285,5.3710170115714275,15.460497068571428
8437,8.858914254142856,8.322734330142858,23.682239718571427,4.85096282,3.1743628639999995,5.287542726285714,15.66278007857143
8438,8.981517158285714,8.433954297571429,24.04743971,4.85096282,3.196180008571429,5.237505591571428,15.78917722
8439,9.06831148557143,8.433954297571429,24.555636995714284,4.9858971069999996,3.2106457485714293,5.170868472714285,16.126157107142856
8440,9.082777169,8.704059940857144,25.254497114285716,5.280902811428571,3.1527828731428573,5.053957036857143,16.808891550000002
8441,9.133288668142857,8.640505625285714,25.619697104285713,5.2977399212857135,3.1309657285714283,4.887008466428573,17.280806008571428
8442,9.24877723685714,8.894485535714285,26.52510872142857,5.432437082571428,3.1380800357142857,4.7534970464285715,18.073100425714287
8443,9.407662969285713,9.069259875285713,27.287523042857142,5.668394254857143,3.1380800357142853,4.586548504142857,18.789508975714284
8444,9.530502999142856,9.307351235142859,27.843386094285716,5.744042827571429,3.1380800357142857,4.4364371,19.320234669999998
8445,9.581251511428572,9.148702628428572,27.85927475714286,5.786017124142857,3.0946828721428576,4.336362830428571,19.40465751428571
8446,9.732785783142857,9.196131267714284,28.034048927142862,5.760642811857143,3.0657514202857143,4.286325695571429,19.463706215714286
8447,10.000045861857144,9.06902274957143,28.320043064285716,5.625945650428571,3.109148555714286,4.336362886857143,19.430031882857143
8448,10.238374346714286,9.037245648285715,28.478928797142856,5.541759988142857,3.1236142674285716,4.369800037428571,19.31193470428571
8449,10.433542906857143,8.830931389714285,27.716514248571432,5.187942849142857,3.1525456911428575,4.369800037428571,18.401780348571428
8450,10.606894323,8.894485592142857,27.03354279285714,4.994197099142858,3.412454280428572,4.4366743102857145,17.57581171142857
8451,10.874154288571429,8.735837098428572,26.12813117571428,4.783614239285714,3.542645686571429,4.520148595571429,16.37918874
8452,11.040154355714284,8.767377187,25.175291258571427,4.741639942714286,3.6220885527142856,4.5201485955714285,15.249914321428571
8453,10.657405820857141,8.545174264714285,23.507465547142857,4.4720085507142855,3.6510200045714285,4.536748579857143,14.036454297142855
8454,10.187862902714286,8.40217713957143,21.903194264285712,4.412960018571428,3.694180014285714,4.470111404428572,12.848131402857144
8455,9.595717194142859,8.40217713957143,19.39351147685714,4.505682826999999,3.7231114380000006,4.470111404428572,10.943637057
8456,8.996220024142858,8.370400038285714,17.344360097,4.6574542522857145,3.694180014285714,4.470111404428572,9.628917078
8457,8.432768556000001,8.132071496285715,15.247780078571425,4.927085700714286,3.398225722571429,4.470111404428572,7.960379917571429
8458,7.811454297571429,8.433717171285716,11.117937230142855,5.491722853571427,3.282500028142857,4.520148539142857,4.379048433285715
8459,7.211957127285714,8.417828507571429,8.814568588714286,5.584445718428571,3.239102892714286,4.620222808714287,2.5672770648571435
8460,7.1469799447142845,8.417828507571429,7.559845757285714,5.710842859428571,3.2391028927142855,4.720297078142858,1.294768494428571
8461,7.255354234428572,8.48138276657143,5.542708575857143,5.795028578285714,3.275385749142857,4.903845632857143,-0.7192857987142858
8462,7.385308543142857,8.322497034142858,5.606262891857142,5.7276800258571425,3.296965739857143,5.0373570527142855,-0.7275857908571428
8463,7.522377187285715,8.100056986142858,4.287985794857143,5.592745738714286,3.289851432714286,5.137431322142858,-2.320237181857143
8464,7.478980023571429,7.750508420142858,1.031777123285714,5.5519966856666665,3.2824999998571434,5.2875427262857135,-5.514077208571428
8465,7.312980012285715,6.924539839714287,0.04692286599999994,4.529436674666666,3.239102836285714,5.3876169957142865,-6.466442874285714
8466,7.219071405999999,6.08291989042857,-3.1139543897142863,3.831406690666667,3.2101714127142857,5.471091280857143,-9.58439713157143
8467,7.024139970999999,5.336394204,-4.511911556428571,2.8973800111666663,3.1523085372857147,5.554565566142857,-10.848368584571428
8468,6.7279485818571425,4.558091359714285,-4.972680118142857,2.2485966575000003,3.065514266571429,5.571165606714286,-11.016740022285713
8469,6.533017147000001,3.9386742478571426,-6.910374461714285,1.491359994,3.000537140428572,5.637802782142857,-12.820211398857142
8470,6.302039953142858,3.3987000022857146,-6.8944858899999995,1.0293266663333334,2.993185735857143,5.804751352571429,-12.592554303428571
8471,6.193665719857143,3.223925719285714,-5.0362344132857135,1.0082999991428572,3.0436971784285722,5.871388527857143,-10.56166284442857
8472,6.215245738714286,3.0491514644285713,-3.288965862285714,0.9409514325714287,3.072628630285714,5.938025703142858,-8.572745625142856
8473,6.208131459857142,3.1760229132857143,-0.54095432,0.9241142802857143,3.1449571892857144,6.021262862714286,-5.682448548000001
8474,6.294688605,3.5888886408571428,0.6504514058571429,1.3033057034285715,3.181002920142857,6.037862903285714,-4.645897093
8475,6.3091542885714285,3.9699772107142857,1.8577456540000001,1.6234485485714285,3.173888612857142,6.021262862714285,-3.533697107714286
8476,6.345199991,4.351065780571429,3.493794208571429,1.9943399795714287,3.2028200364285717,5.971225671571427,-2.0420685877142857
8477,6.395711433571428,4.652711484142857,4.4309827994285715,2.1797857004285714,3.2028200364285717,5.904351427,-1.1995000120000001
8478,6.4896199832857135,4.9545943417142855,6.082919904142857,2.483091402142857,3.210171441,5.887751442857144,0.30066569642857127
8479,6.540131369428571,5.097591495285714,7.575971361714286,2.6348628274285715,3.1957057291428574,5.837714308142857,1.724708524142857
8480,6.619574235571428,5.113480046,8.751251397,2.5758142600000005,3.152308593714286,5.754477148571428,2.677074274428572
8481,6.6629713992857145,4.970482864285714,9.323002829285715,2.4662542641428575,3.152308593714286,5.737877108,3.3512714442857146
8482,6.836322815142856,4.875151447428571,9.767645687142858,2.2639714175714287,3.1812400455714287,5.737877108,3.7726743179999995
8483,7.0096742311428555,4.811597131857143,10.688945741857141,2.1207371312857144,3.195705757428571,5.787914299142857,4.623780015
8484,7.211957127142857,4.779819974142858,12.038999933285714,2.053151410714286,3.217522902,5.871388584428572,5.837239972285714
8485,7.392659947714286,4.509714246142858,13.119185720428574,1.8594057101428572,3.246454353857143,5.938025703428571,6.738857069142857
8486,7.609408583857144,4.652711371285714,14.421811329000002,1.918217144714286,3.2972029221428576,6.071537123428571,7.817619989285715
8487,7.797225739857143,4.716265686857143,15.835657018571428,2.036077146857143,3.2827372104285715,6.238248568285714,9.064754261857143
8488,7.992157118142858,4.716265686857143,16.836399825714285,2.0699885698571427,3.2756229031428568,6.388360028857142,9.924159993285715
8489,8.086065724428572,4.763931395285715,17.80536553142857,2.1375742832857143,3.2248743067142853,6.538471489428571,10.724754262285714
8490,8.08606572442857,4.795708553142857,18.488336987142855,2.204922857,3.1309657287142856,6.621945774714285,11.365277169857142
8491,8.057134244285715,4.748042844714286,18.758442687142857,2.2639714315714285,3.0515228625714284,6.638545759,11.685657242857145
8492,7.963225694571428,4.843374289714285,18.83788555285714,2.3566942894285714,2.914217135,6.638545759,11.862565882857142
8493,7.789874222142856,4.652711399571428,18.758442687142857,2.221997142142857,2.7479799838571424,6.588508624285714,11.921377232857145
8494,7.594705605000001,4.525602796714286,18.58366829,2.205159989857143,2.5890942655714286,6.538471489571428,11.971888618571429
8495,7.450285669285714,4.525602796714286,18.58366829,2.255671418285714,2.4733685571428574,6.505034339142857,12.098285760000001
8496,7.276934196857143,4.477937088285715,18.567779852857143,2.3061828467142855,2.3794599932857143,6.454997204428571,12.21614581142857
8497,7.110697059857143,4.414382829142857,18.408894119999996,2.348394268857142,2.307131420142857,6.471597188571429,12.249820031428571
8498,6.922879903857143,4.446159986857143,18.218231285714285,2.3906056909999998,2.2492685588571426,6.505034338999999,12.215908572857144
8499,6.807391335142858,4.414382829142857,17.995791351428572,2.3989056829999997,2.241917140142857,6.605108608428571,12.11488568857143
8500,6.6700856217142865,4.366717149,17.67802011285714,2.390368537,2.234802847142857,6.705182877857142,11.946514249999998
8501,6.576177072000001,4.398494306714285,17.392025975714283,2.390368537,2.270848549714286,6.838694297857144,11.744231467142855
8502,6.417291339571428,4.350828626571429,16.97892320714286,2.381831391,2.2637342707142856,6.955605733571429,11.499974274285714
8503,6.251054202571429,4.382605727857143,16.97892320714286,2.4069685354285713,2.24215428,7.155754272428571,11.735931390000001
8504,6.056122824142856,4.382605727857143,16.947146105714285,2.457479964,2.213459996142857,7.239228557714284,11.929677082857141
8505,5.911702831857143,4.382605727857143,17.10603183857143,2.4743171162857145,2.1629485677142855,7.339302827142857,12.182471365714287
8506,5.7310000112857145,4.5256028530000005,17.280806008571428,2.6343885477142854,2.119788558,7.406177184714286,12.52798856857143
8507,5.550534316428572,4.684488557142856,17.34436021,2.836671401428571,2.0908571344285716,7.439614335285714,12.822757147142855
8508,5.4205800641428565,4.954594285285714,17.97966590142857,3.1485142579999996,2.069277143714286,7.456214319428571,13.488654197142859
8509,5.283274350857143,5.335919980857143,18.789745761428573,3.3593342577142855,2.054811432,7.456214319428571,14.247037042857142
8510,5.153320098571428,5.447140004857142,19.154945751428574,3.637502823857143,2.047697138857143,7.389577200571429,14.718951387142855
8511,5.052297213428572,5.749022862571429,19.393274350000002,3.9493456945714285,2.047697138857143,7.45621431942857,14.954908617142857
8512,4.965502942571428,6.130348586428572,20.012691602857142,4.353911430142857,2.0621628505714287,7.439614335285715,15.78087714142857
8513,4.907640038857143,6.559340018714286,20.71155172285714,4.674291418571428,2.054811431857143,7.422777112428572,16.4296999
8514,4.886060019857143,6.861222876285715,21.553408911428573,4.9692971511428565,2.0692771435714286,7.506014272000002,17.339854257142857
8515,4.785037134714286,7.306102802571429,21.80762594714286,5.205254323428571,2.0548114317142856,7.572651447428571,17.752720014285718
8516,4.6911285849999995,7.353768511,21.82351461142857,5.432674321428571,2.0403457198571426,7.6893257010000005,18.08970012857143
8517,4.6187999977142855,7.369657061571429,21.585423025714285,5.424374301142857,2.025880008142857,7.755962819857144,17.94646582142857
8518,4.546471438714286,7.353768454428573,21.50598016,5.323114290285715,2.0114142964285713,7.805999954571428,18.140211401428576
8519,4.445448581857143,7.385545555714287,21.204097132857147,5.213554259142858,1.989597151857143,7.922674208142857,17.878879917142857
8520,4.358891465,7.290214138857144,20.886325667142863,5.137668560714286,1.9751314260000001,8.022985659714285,17.743945574285714
8521,4.337074320285714,6.956554123571428,20.092134244285717,4.825825689999999,1.9533142814285716,8.13989709557143,16.825491254285716
8522,4.329722915714286,6.861222706714287,20.219242875714286,4.7921513572857135,1.9677799932857145,8.256808531428572,16.977262764285715
8523,4.394700041714286,6.9883313378571446,20.28279707857143,4.792151357285715,1.9822457051428573,8.273645697857143,16.893076932857145
8524,4.474142907857143,7.210771385857143,20.425794372857144,4.817288544,2.039871426571429,8.390557133714285,16.8088911
8525,4.575165764714285,7.3696571181428565,20.88632566714286,4.969059997428572,2.1048485667142853,8.390557133714285,17.04484844142857
8526,4.669074342714285,7.401434275857143,21.02932296142857,5.044708570142857,2.1698257209999996,8.44059426842857,17.179782784285713
8527,4.762982920714286,7.417322826428572,21.108765828571425,4.977360017714285,2.234802875285714,8.507231443857142,17.196619950000002
8528,4.777448660857142,7.576208558714286,21.315317099999998,5.027871460285714,2.2926657365714287,8.557268578571428,17.432577065714284
8529,4.820845768,7.306102858857144,20.743565611428572,4.825588620714286,2.328711453142857,8.623905640857142,16.851102632857142
8530,4.820845768,7.163105677,20.537251352857144,4.564494346428572,2.3647571697142853,8.740579950999999,16.615145517142857
8531,4.842662912714286,7.194882778285715,20.584679880000003,4.488608619714285,2.401040026285714,8.790617085714285,16.589771374285714
8532,4.850014317428571,7.083662754285714,20.267145654285713,4.3117000359999995,2.4081543194285717,8.857491386857143,16.15153125
8533,4.88606002,7.035997045857143,20.187702788571432,4.151628618714286,2.42997145,9.024439957428571,15.746965684285716
8534,4.979968569714286,6.940665629142857,20.171814124285714,4.151628618714286,2.4733685854285716,9.157951320857142,15.612268580000002
8535,5.131739966571429,6.908888471428571,19.933485751428574,4.050605761857143,2.5238800138571427,9.24142554957143,15.291888618571429
8536,5.232762851714285,6.908888471428571,20.13980001,4.008394339714286,2.5456971444285714,9.324899891428572,15.19916581
8537,5.326671401571429,6.845334155857143,20.139800010000005,4.016694331857144,2.5819800010000002,9.391537066857143,15.106443001428572
8538,5.384297123142857,6.765891289571429,20.171577111428572,3.822948610142857,2.5819800010000002,9.474774283,15.005420004285714
8539,5.5216028364285705,6.622894164428572,20.123911345714284,3.6797143027142853,2.574865707857143,9.608048633857143,14.99712004
8540,5.601045702571428,6.193902732285714,19.854042658571426,3.477431435,2.5675142891428573,9.524574405142857,14.660139925714287
8541,5.680488568714286,6.098571315428572,19.663617064285713,3.1992628405714285,2.5530485772857143,9.507737351857143,14.407345642857143
8542,5.745465751428571,6.082682764714286,20.15592546,3.140214251857143,2.517002860571428,9.540937433285714,14.668677128571428
8543,5.897237148285713,6.003239955142858,20.171814124285714,2.988679980571429,2.5314685865714286,9.557537474,14.584254284285715
8544,6.1284514678571425,5.939685696142857,20.34635128142857,2.9886799805714293,2.574628568,9.657611743999999,14.491531475714286
8545,6.410177173571428,5.828465728714285,20.409905482857145,3.0223542567142863,2.6396056939999997,9.807723148285714,14.53350577142857
8546,6.641154310999999,5.923797145571429,20.88632544142857,3.1907256944285716,2.7479799697142857,9.791123107571428,14.62622858
8547,6.944697104857142,6.432231387428572,21.346856962857142,3.384708541857143,2.8563542594285716,9.707648765714286,15.030557132857142
8548,7.168559963428571,6.543451411428571,21.44195102714286,3.6121285679999997,2.957614270285714,9.574374414857143,15.00518299
8549,7.320094234571429,6.654671378857143,21.505505455714285,3.738525709142857,3.0804542860000006,9.457700104714286,14.946134288571429
8550,7.399537100857144,6.861222763142857,21.378634062857145,3.8480856838571427,3.116499988428571,9.40766297,15.030557132857142
8551,7.421117063285714,7.020108495571429,21.204096905714287,3.9239714105714287,3.1672485848571426,9.3075887,14.904159878571429
8552,7.399537044285714,6.781779925285714,20.48934834857143,3.7048514258571426,3.2032943157142855,9.174314349,14.187988454285716
8553,7.356139937142856,6.5752285409999995,19.53627119285714,3.342497140714286,3.2464543254285707,9.107677173571428,13.294671377285713
8554,7.31274283,6.035017169571427,18.932742602857143,3.1233771488571427,3.2464543254285716,9.174551474714287,12.553125698714284
8555,7.377719956142856,5.7013571541428565,18.599319940000004,2.8032342720000005,3.246454325428572,9.174551474714287,12.022162765857141
8556,7.414002784428571,5.320031458714285,18.17056552,2.575814288142857,3.2391028925714287,9.007602904142859,11.48289998157143
8557,7.637865642857142,4.891040026428572,18.059345552857142,2.323020020142857,3.318545758857143,8.790854324571429,10.892888573000002
8558,7.804102779857142,4.477937144857143,17.90045982,1.9943400112857144,3.2677971624285713,8.657579973714286,10.52223424014286
8559,7.984568531142857,4.57326859,18.20234284857143,2.078762862857143,3.2677971624285713,8.607542839,10.69914288157143
8560,8.100294282142857,4.477937144857143,18.26589727857143,2.1126742930000004,3.2391028927142855,8.640742807285715,10.800165767142857
8561,8.056897175,4.509714274428571,17.884571611428573,1.9357657252857143,3.1885914501428565,8.607305713285715,10.48856002142857
8562,7.919828643714285,4.208068570857143,17.51913438142857,1.8093685807142859,3.0802171462857144,8.673942888714285,10.168417186857143
8563,7.861965796571431,4.160640016285714,16.963271557142857,1.666134289142857,3.0512857227142858,8.840891459285713,9.822899983142857
8564,7.573125812,4.097085757285714,15.978417187142858,1.5311999985714284,2.9502628657142855,8.974402822714286,9.309011455285715
8565,7.341911548857142,4.287748647428571,15.120671561428571,1.6661342857142856,2.9647286057142854,9.024439957428571,8.845397187285714
8566,7.118048690428571,4.335414355857144,14.342368575714286,1.7503200045714287,2.9286828748571425,9.107677173571428,8.280760033857144
8567,6.959162901571429,4.541965768428571,14.16759417857143,1.8513428615714285,2.9573771445714283,9.224588609428569,8.112388595857144
8568,6.908651459,4.812071468285715,14.405922777142859,2.112437134,2.9644914235714284,9.391300054285713,8.491580018714286
8569,6.879719979,5.288491454857143,14.612474274285713,2.3483942672857148,3.000537140285714,9.558011499714285,8.870771441857142
8570,6.807391391714286,5.6219142881428565,15.120671334285715,2.702211404571429,2.9644914095714285,9.691522863142856,9.401734375571428
8571,6.8363228152857145,5.955574303571429,15.867197105714284,2.988679980571429,3.022117131142857,9.774760079285715,9.949297236285714
8572,6.814742796285714,6.003240012,16.48661413285714,3.123377113714286,3.0583999875714283,9.874834348714286,10.353863028571428
8573,6.793162777285714,6.098571428714286,16.978922754285716,3.098002829571428,3.0873314394285716,9.858234308000002,10.825777260571428
8574,6.7786970937142845,6.050905720285714,16.883828462857146,3.1148399677142855,3.080217160571429,9.824797214,10.84261431385714
8575,6.749765670142857,5.860242886571429,16.693165628571432,3.1653514102857145,3.0802171605714284,9.991745785,10.598120109000002
8576,6.713482841857142,5.590137186714285,16.312076974285713,3.081165705714286,3.1236142958571422,10.192131449285714,10.210628609
8577,6.771345745571428,5.3359200657142845,16.041971274285714,2.7861599942857143,3.1885914501428565,10.358842894142857,9.924159993571427
8578,6.814742909142858,5.065814309285714,15.867196877142858,2.5670399882857144,3.1309657285714283,10.692502797,9.915859916428571
8579,6.8726058128571434,4.843374261285715,15.819531338571426,2.2974085680000003,3.065988574285715,10.992725718,9.957834212142856
8580,6.894185831857143,4.557379982571429,15.946639969999998,2.187848565,2.957614270428572,11.192874256857143,10.059094222142857
8581,6.966277236857143,4.525602824857143,16.486614357142855,2.044614285857143,2.8347742687142854,11.376422868571428,10.488797144000001
8582,7.089117210142858,4.462048509285714,17.026825757142856,1.8254942871428572,2.8492400087142857,11.426460002857144,10.960711376
8583,7.2482400117142864,4.573268476857143,17.773351414285713,1.8254942871428572,2.805842873428571,11.39302290857143,11.592697081714286
8584,7.3350342824285715,4.652711314857143,18.28178571285714,1.9435914289999998,2.7192857284285714,11.426460115714287,11.963351415714284
8585,7.385545668571429,4.700377079857143,18.63133428,2.002640003571428,2.740865719142857,11.30978591857143,12.115122925714287
8586,7.421591371142858,4.684488529285715,18.790220012857144,2.0280142877142855,2.7045828625714283,11.14283734857143,12.250057157142859
8587,7.501034180714285,4.779819917857142,19.012659947142854,2.053388571857143,2.7261628674285716,11.009325985714286,12.334242875714285
8588,7.566248432571428,4.716265658714286,19.028548385714284,2.095599994,2.755094291142857,10.892414550000002,12.317405710000001
8589,7.529965604285715,4.732154265857143,18.83788555285714,2.1631857074285716,2.704582848571429,10.742303032857146,12.19100856857143
8590,7.486568497142857,4.827485739142857,18.647222720000002,2.1800228454285713,2.6974685695714284,10.608791555714287,12.047774374285714
8591,7.450285612428571,4.827485739142857,18.567779854285714,2.1631857074285716,2.711934281285714,10.391805850428572,12.047774374285714
8592,7.442934207857143,4.795708581285715,18.520114315714288,2.146348555142857,2.6974685695714284,10.191657198,12.047774374285714
8593,7.450048486857142,4.795708581285715,18.488336987142855,2.120974271,2.726399993285714,10.09158292842857,11.988725785714285
8594,7.392422821857143,4.763931479999999,18.329451255714282,2.1295114170000002,2.733751426142857,10.074982887,11.938214400000001
8595,7.218834280285715,4.684488613857143,17.97990268857143,2.087299994857143,2.7121714354285715,10.108419979857143,11.75276867
8596,7.096231432714286,4.5573800392857144,17.63035412142857,1.9945771370000003,2.7050571565714288,10.108419979857144,11.525348642857143
8597,6.944460035714286,4.271385732285714,17.20136268857143,1.8850171411428573,2.690591444857143,10.074982887,11.221805735428571
8598,6.763994340857144,4.096848603142857,16.692928390000002,1.7754571381428572,2.6543085884285715,10.141857075142857,10.893125698
8599,6.547482886857142,3.9223114458571424,16.43871112714286,1.6995714325714284,2.603797159857143,10.291968591857144,11.036360005142855
8600,6.309154288285714,4.001754312,16.518153994285715,1.7754571451428574,2.553285731285714,10.392042861428573,11.390414297999998
8601,6.121337132428571,4.017642862714285,16.56581975857143,1.8342685657142859,2.5243542935714283,10.442079995714286,11.617834323714286
8602,5.969802861142857,4.001754283857143,16.645262625714285,1.9016171322857143,2.473605711142857,10.575591472857143,11.845491475142856
8603,5.832497147714285,4.128862858428572,16.70881682857143,1.9943399901428571,2.4373228545714283,10.72570299,12.191008679428572
8604,5.731474262571429,4.367191400428571,17.264916892857144,2.2976456937142857,2.415505709857143,10.876051518571428,12.797857253999998
8605,5.652031396428571,4.7800571281428565,17.70979698857143,2.5841142661428576,2.3865742721428576,10.942688694285716,13.455217328571427
8606,5.565237125714286,5.018148544571429,17.693908551428574,2.7441856905714284,2.3647571275714285,10.99272583,13.379331574285715
8607,5.456862835857144,5.081702803571429,17.709797214285715,3.0221171452857143,2.335825704,11.093037224285714,13.606751487142859
8608,5.2761599587142864,5.415362818857143,18.090885642857142,3.384471444428571,2.2419171401428573,11.24314862857143,14.163088677142857
8609,5.160671389999999,5.8602428298571425,18.82152286285714,3.721688585142857,2.1987571445714282,11.259748555714287,14.86242304857143
8610,5.052297100285713,6.146237080285714,19.393511364285718,4.041831433714285,2.2205742751428574,11.359822825714286,15.384848665714287
8611,4.972854234142857,6.432231387285715,19.615714285714287,4.244114301428572,2.198994270285714,11.44305993,15.780877255714286
8612,4.886059963285715,6.5275628039999996,19.885819985714285,4.421022856857142,2.2063457031428575,11.576571405714287,16.033671537142858
8613,4.821082837142858,6.877111370000001,20.680011408571428,4.732865699285713,2.2208114290000003,11.676645674285714,16.867940025714283
8614,4.785037134714287,7.274325701,21.235874232857146,4.910011408571428,2.2279257080000003,11.809919912857142,17.213457342857144
8615,4.799502874857143,7.417322826285714,21.362982864285716,4.9017113882857135,2.2855514154285714,11.876794214285713,17.204920140000002
8616,4.8137314327142855,7.639762874285714,21.362982864285716,5.095457081714286,2.328711411,12.026905731428572,17.263968615714283
8617,4.842662856285714,7.6715400321428575,21.299428661428575,5.162805634142857,2.2924285545714285,12.12698,17.188082974285713
8618,4.777685730142857,7.6715400321428575,21.362982864285716,5.188179946571429,2.285077121714285,12.160417207142856,17.171245808571427
8619,4.7271742875714295,7.496765749142857,21.251762897142857,4.9858971069999996,2.2777256888571427,12.177017135714285,16.943825670000003
8620,4.662197104857143,7.401434332285715,20.85478557857143,4.876337132285714,2.263259963,12.3105285,16.59830857857143
8621,4.611685662142857,7.306102859,20.648234081428573,4.716265658571428,2.270611395857143,12.394002841428572,16.396025568571428
8622,4.5901056431428575,7.274325701285714,20.58467987857143,4.707728512571428,2.270611395857143,12.494077111428572,16.47191121
8623,4.539594257142857,7.035997102714286,20.378128381428574,4.547657095285714,2.270611395857143,12.39400273,16.44653684142857
8624,4.489082814571428,7.067774260428571,20.378128381428574,4.640379960142858,2.270611395857143,12.37740269,16.59830835142857
8625,4.496197093571428,7.020108551999999,20.330462615714286,4.555957059142857,2.2779628287142857,12.327365554285716,16.56463401857143
8626,4.510662833714286,7.258437094142857,20.632108404285713,4.6486799240000005,2.2853142615714286,12.377402688571427,16.926988274285716
8627,4.561174276428572,7.131328519571428,20.67977416857143,4.716265602142857,2.2997799874285714,12.29392846,16.884776965714288
8628,4.582754295428572,6.972442843714285,20.67977416857143,4.724565622428571,2.299779987428572,12.227291284285712,16.876477002857143
8629,4.625914276857143,6.845334268999999,20.537014112857143,4.6655170902857135,2.3071314202857143,12.21045423,16.707868552857143
8630,4.705357086428571,6.686448536571428,20.616456978571428,4.530582831428571,2.328948564857143,12.277328530000002,16.488748602857143
8631,4.784799952571428,6.543451411428571,20.775105471428578,4.328299992,2.3507657094285714,12.277328530000002,16.38748859142857
8632,4.885822837714286,6.336899970714286,20.63234564285715,4.126017152428571,2.386811426,12.310765624285716,16.277928615714284
8633,5.015777089999999,6.114459979285714,20.616456978571428,4.1177171321428565,2.4157428495714286,12.394239965714288,16.151531475714286
8634,5.1820142268571425,5.907908538428571,20.600568541428572,3.9996200114285716,2.423094268285714,12.377639924285715,15.991460001428573
8635,5.377182787428572,5.876131380571429,20.759454274285712,3.890060008571428,2.423094268285714,12.394239965714288,15.89019999
8636,5.528954240857142,5.844354279428571,21.124654264285713,3.814411407571428,2.415742835428571,12.461114154285713,16.075645607142857
8637,5.680725694285714,6.003240011857144,21.55364569714286,3.898834223857143,2.4302085472857144,12.494314235714286,16.4296999
8638,5.919054236285713,6.035017113142858,21.728420094285717,3.823185651,2.4373228404285716,12.444277100000003,16.53925987428571
8639,6.193665662999999,6.019128562428572,22.109508521428573,3.806348513,2.444674273428572,12.494314234285715,16.741542657142855
8640,6.4898571087142845,6.082682878,22.697385685714288,3.7472999525714283,2.4880714230000005,12.577788462857143,17.129034270000002
8641,6.7931628900000005,6.495785759571428,23.539242648571427,3.7726742367142854,2.589094294142857,12.694462772857142,17.676834144285717
8642,7.089117210142858,6.607005783571429,23.952345642857143,3.8400228174285718,2.704582877,12.844574177142857,18.047725604285713
8643,7.305865789714287,6.9247772482857135,24.174785578571427,4.016931372857143,2.8274228927142855,12.944648560000001,18.174122745714282
8644,7.508148629285714,7.210771498714285,24.206562679999998,4.177002846571429,2.9502629084285714,13.061559882857143,18.199259875714283
8645,7.602057235571429,7.353768680428572,24.27011688142857,4.337074263857143,3.1091486125714285,13.1447971,18.098236878571427
8646,7.573125812,7.655651538142857,24.01589984571429,4.6067056840000005,3.145194315,13.244871369999998,17.744182585714288
8647,7.522614369428571,7.512654356285714,22.983379824285716,4.471771397,3.1667743057142865,13.161397141428571,16.74154254714286
8648,7.399774339571429,7.099551474714285,21.696642765714284,4.269488543285714,3.224637152857143,13.228034317142857,15.57005693142857
8649,7.2771714918571435,6.734114301571428,20.409905481428574,3.966182832714286,3.217522845571428,13.294908618571428,14.247036931714288
8650,7.2771714918571435,6.273345655,19.17083418857143,3.5447800014285717,3.2030571337142857,13.37838296,12.957691264714285
8651,7.269820087285714,5.892019931285715,17.82077994,3.2919856911428576,3.195705700857143,13.51189455,11.542185583285713
8652,7.240888663714285,5.764911356714285,16.851814347142856,3.039191409,3.1162628628571434,13.745480182857142,10.480259942714286
8653,7.349262897,5.463028498999999,16.40717149,2.7190485461428575,3.123377141857143,13.96222876285714,9.957834325571428
8654,7.435820098571428,5.494805656857143,16.089400025714287,2.7361228381428577,3.1594228725714286,14.17921458142857,9.662828507
8655,7.442934377428571,5.733134255428572,16.121177127142857,2.853982847428572,3.058400015714286,14.329563224285716,9.553268532714286
8656,7.442934377428572,5.971462854000001,15.803642901428573,2.9467056981428574,2.993422889714286,14.196051747142858,9.435171468571427
8657,7.327208626571428,5.939685752857144,15.517885662857143,2.972079982285714,3.0152400061428573,13.87899166,9.123328597857144
8658,7.197254317714287,5.733134368571429,15.184225761428573,2.6097257042857143,2.979194275285714,13.645405801428572,8.828322893571428
8659,7.096231432571428,5.351808644714285,14.517142857142858,2.4747914314285713,2.9576142562857135,13.261708651428572,8.432294360571428
8660,6.872368630571429,5.2882543292857145,13.722951321428571,2.272508584857143,2.9433856984285716,12.827974365714287,7.707585790714285
8661,6.670322860285715,5.177034361857143,12.817539930285713,2.171248574,2.914454274857143,12.460877142857145,6.755220125857143
8662,6.5764142541428585,4.938705763285713,10.863957121285717,2.0197142885714285,2.9215685537142853,12.143817055714285,5.0361714807142866
8663,6.453574224428572,4.7480428731428574,10.514408555571427,1.952365722,2.9865456797142853,12.026905619999999,4.623305724714286
8664,6.424879982999999,4.684488557571428,9.879102865285713,2.0365514265714286,2.914217120714286,12.076942754285714,4.050368579857143
8665,6.3599028568571425,4.763931367142858,9.640774266714287,2.306182868,2.8923999761428574,12.093542794285714,3.772200041857143
8666,6.330971433285714,5.065814224714286,9.974434168142858,2.424280002857143,2.885285697285714,12.22705427,4.201902907571429
8667,6.338085712142857,5.161145698,10.434965575285714,2.7192857142857143,2.8852856972857146,12.410602881428572,4.648442939571429
8668,6.323620028571428,5.2723656654285715,11.197379897857143,2.921568582,2.8565913994285714,12.527277191428572,5.609108681571429
8669,6.2515286234285705,5.4471400050000005,12.865205582571429,3.1153142895714288,2.8421256877142858,12.593914365714287,7.210297275142858
8670,6.229711478714286,5.463028612142858,13.341625541142857,3.1572885719999997,2.7842628405714285,12.677388707142857,7.8003086838571445
8671,6.157382891428571,5.447140061428572,14.40568553857143,3.0731028674285708,2.784262840571429,12.744025882857143,8.845160060714287
8672,6.171848631571429,5.177271515571428,15.120434095714286,2.997217140714286,2.712171421285714,12.794063017142859,9.763614380142858
8673,6.1573829479999995,5.050162940999999,15.485634200000002,2.8708199995714287,2.661422853,12.844100151428574,10.016408662285714
8674,6.1573829479999995,4.827722921285713,15.628631495714286,2.6770742920000004,2.6396057082857145,12.910737327142858,10.311414367285716
8675,6.1860771894285715,4.652948638285714,15.994068498571428,2.4833285702857144,2.632254275428571,12.977611515714287,10.547371483000001
8676,6.337848642857144,4.478174298714285,16.59759708714286,2.2642085644285714,2.617788563571428,13.194597221428571,11.120308600285714
8677,6.504085779857143,4.382842853571429,17.24902868,2.1463485694285716,2.617788563571429,13.361545792857143,11.60905999857143
8678,6.727948638428572,4.3033999874285715,17.74157454142857,2.0787628560000004,2.581742846857143,13.54509429,12.030462842857142
8679,6.930231477857142,4.319288566285715,18.377117469999998,1.8933171404285716,2.5888571400000004,13.678605767142857,12.36767997
8680,7.110697172714285,4.112974279428571,18.806108902857144,1.7837571445714284,2.617788563571429,13.645168674285713,12.595337121428571
8681,7.2480028861428565,4.001991409428571,19.076214602857142,1.6405228529999998,2.5962085587142854,13.561931458571427,12.713434298571428
8682,7.399774339571429,3.8274542802857137,19.266877662857144,1.4972885702857142,2.5456971301428566,13.47845723,12.781019977142858
8683,7.522377187285714,3.621140021714286,19.266877662857137,1.3625914335714284,2.567514274857143,13.161397142857142,12.73050859
8684,7.515025782571429,3.4624914432857143,19.123880368571427,1.2784057164285714,2.5241171394285713,12.827737127142857,12.612411525714284
8685,7.428468637428571,3.3038428648571427,18.82199734,1.1773828577142857,2.488071422857143,12.410840008571428,12.410128742857141
8686,7.312742886571429,3.1926228692857146,18.472448774285713,1.1354085717142859,2.4449114131428575,11.943668517142857,12.207845847142858
8687,7.233300020285713,3.113180003142857,18.297674377142858,1.2110571445714284,2.372819979857143,11.810394165714287,12.12366012857143
8688,7.117574269428571,3.065514294714286,18.170565745714285,1.2193571455714285,2.3223085514285713,11.793557111428573,12.13196009142857
8689,6.9586885370000005,3.065514294714286,17.964014248571427,1.2444942899999998,2.2933771278571426,11.843594245714286,12.064374412857145
8690,6.713245659571429,3.0655142947142857,17.678019885714285,1.2781685768571427,2.185002838,11.993705762857143,11.980188694285715
8691,6.60510849557143,3.0814028735714287,17.471468614285715,1.2864685778571427,2.156308540142857,12.126980112857144,11.845491475714285
8692,6.5183142247142865,3.1131800312857143,17.312582882857143,1.3118428637142856,2.156308540142857,12.327128652857144,11.761305757142855
8693,6.424405675000001,3.129068581857143,17.042477182857144,1.328680007142857,2.163422833142857,12.577314438571431,11.601234282857144
8694,6.272871403857143,2.9384057341428576,16.645262852857144,1.1097971481428572,2.163422833142857,12.527277304285716,11.365277054285714
8695,6.128451411571428,2.7636314511428575,16.375157152857142,0.9582628591428571,2.1705371261428574,12.377165787142859,11.196668491428571
8696,5.984031419285714,3.0176114464285715,16.597597087142855,1.1690828622857143,2.1560714144285718,12.193617175714285,11.466299939999999
8697,5.853839984714286,3.208037154428571,16.88359145,1.455551441857143,2.177651419285714,11.909994294285713,11.879165695714283
8698,5.644205684,3.5255714087142858,16.91536855142857,1.758857155857143,2.177651419285714,11.709845642857143,12.173934274285715
8699,5.4853199517142865,3.7954399547142854,16.915368551428568,1.876717158,2.191879991285714,11.426222874285713,12.384517134285716
8700,5.3408999594285715,4.367191414714286,17.773114177142855,2.3906057125714284,2.1774142795714284,11.17603708857143,13.311508544285715
8701,5.246991353142858,5.161382823714285,18.726191332857145,3.182662863285714,2.177414279571429,11.059125652857144,14.238262828571427
8702,5.167548486857143,5.892019987857142,19.50449409142857,3.8061114295714282,2.177414279571429,11.159199922857143,15.081068519999999
8703,5.0662884759999995,6.114459979285715,19.647491387142857,3.957645700857143,2.1918799912857145,11.376185628571431,15.384611314285712
8704,4.965265647428572,6.607005670428571,20.17157711142857,4.311462839857143,2.162948567714286,11.62660842857143,16.01659702
8705,4.900288521285715,6.988331450857143,20.96576853428571,4.673817096714286,2.141131437142857,11.776719832857143,16.783517068571424
8706,4.813731376142857,7.083662924142857,21.299428662857142,5.044708541857142,2.1124371532857142,12.010305465714286,17.12903427142857
8707,4.719822826428571,7.290214308428571,21.426537294285712,5.255528583857142,2.0908571484285714,12.293928345714287,17.272268578571428
8708,4.589631420285714,7.433211490142857,21.378871755714282,5.145968552714286,2.069040017857143,12.594151267142857,17.47455158714286
8709,4.459677168,7.3855457251428565,21.188446161428573,5.070082854285714,2.032994301285714,12.711062702857145,17.272268802857145
8710,4.387585763,7.544431457571428,21.315317552857145,5.314577144285714,1.9969485847142856,12.76109983714286,17.59241175
8711,4.315257175714286,7.560320008285714,21.092877617142857,5.323114290285715,1.9824828588571428,12.861174105714287,17.533363048571427
8712,4.250280049571429,7.544431344571429,21.013434751428573,5.449511487857143,1.968017133,12.994685581428573,17.457477407142857
8713,4.177951490571428,7.893979910571429,21.39452318,5.6347200352857145,1.9535514212857144,12.994685581428573,17.912554472857142
8714,4.134554326857143,7.782759943142857,21.076751715714288,5.407062883428572,1.9606657142857142,12.994685581428572,17.65976019142857
8715,4.141905759714286,7.750982728857143,20.933754419999996,5.390225773571429,1.9606657142857142,12.894611198571427,17.508225919999997
8716,4.134791452571429,7.893979910714285,20.99730862285714,5.466111472000001,1.9533142814285716,12.844574064285712,17.66829716857143
8717,4.105860028857143,8.005199878142857,21.12441702857143,5.550297190857142,1.9533142814285716,12.460877027142857,17.912791487142858
8718,4.105860028857142,8.005199878142857,21.235636995714284,5.592508613142856,1.9677800072857143,12.093779918571428,18.030888664285715
8719,4.134791452571428,7.893979910714286,20.949879869999997,5.289202888428571,1.9822457331428571,11.559971365,17.78663135857143
8720,4.142142857142858,7.719205627714286,20.75921703571429,5.145968581,1.989360026142857,11.176274215428572,17.618022682857145
8721,4.127914271000001,7.798648493857143,21.013434071428573,5.3314142541428575,1.989360026142857,10.709102836857141,18.08139993714286
8722,4.106097126285714,7.766871392571429,21.013434071428573,5.381925696714286,2.003825738,10.292205718285715,18.00551407
8723,4.178188559571429,7.830425708142857,21.346856961428575,5.525160004142857,2.0327571757142855,9.708360028857143,18.359568362857143
8724,4.236051406857142,7.862202922428572,21.55340845857143,5.499785691714286,2.054337180571429,9.341262806857143,18.29198245857143
8725,4.293914254,7.798648663428572,21.553408458571425,5.415362847142858,2.0688028924285713,8.740817133285715,18.173885281428568
8726,4.308379937428571,7.973422946428571,21.680279851428573,5.600808520285715,2.076154311142857,8.390557133714285,18.283445255714287
8727,4.510425679571429,8.084642913857143,21.80738848285714,5.516622858,2.1340171582857144,7.923385754857144,18.190722447142857
8728,4.618562815428571,8.116420015142857,21.696168515714284,5.4407371595714284,2.1918800054285716,7.155991426428571,17.761019525714286
8729,4.741402788714285,8.148197116428571,22.188714377142855,5.474411435714286,2.1918800054285716,6.571908611857142,18.08116247285714
8730,4.799265636,7.830425651571429,21.934497114285715,5.213317133285714,2.1918800054285716,6.204811502428571,17.718808215714287
8731,4.921868483571428,7.480877029,21.759722944285716,5.078620028428572,2.1918800054285716,5.988062979428572,17.42403986285714
8732,5.0662884759999995,7.2902141952857145,21.664391414285717,4.9100114651428575,2.1992314241428574,6.038100114142858,17.154408414285715
8733,5.254105632,7.004219944857143,21.902720012857145,4.775077177999999,2.2208114290000003,6.054700098285714,17.238594247142856
8734,5.268571315571428,6.670559929428571,21.902720012857145,4.5981685944285715,2.1918800054285716,6.171374352,17.255431412857142
8735,5.427694173571427,6.289234262142857,21.791500045714283,4.286325752000001,2.162948581857143,6.671982966142857,17.23859424571429
8736,5.7094199358571425,5.923797145428572,21.68028007857143,4.008394311428572,2.2208114290000003,6.989042940714286,16.952125631428572
8737,6.063237103142858,6.257457160857143,22.395265874285712,4.193602858857143,2.307605713857143,7.189191479571428,17.34815422142857
8738,6.316268567428572,6.575228569142857,22.760702877142858,4.109180014285714,2.3943999987142854,7.339302940285714,17.5333626
8739,6.576414310571429,6.781780009999999,23.30091427714286,4.227277135,2.5243542791428566,7.522851494999999,17.752482775714284
8740,6.74976572657143,7.0201086085714275,23.221471411428574,4.336837166285714,2.5893314194285715,7.606325836857143,17.533362825714285
8741,6.930468603571428,7.163105790428571,23.205582747142863,4.463234307285714,2.7121714068571428,7.639762987285714,17.34815422142857
8742,7.074888596,7.290214308428571,23.17380564571429,4.572794310142858,2.8205456825714283,7.489651526571428,17.154408414285715
8743,7.009911413285715,7.210771498857142,22.42727976,4.387348594714285,2.835011408571429,7.339540122428571,16.412862734285714
8744,6.851025680857144,6.5595772008571425,20.981656969999996,3.974482909571429,2.878171418285714,7.239465852999999,15.106679901428572
8745,6.728185651142858,6.003477193999999,19.615477047142857,3.6460400264285715,2.878171418285714,7.122554360714285,13.884920025857141
8746,6.641391323857143,5.558597154571428,18.408182855714283,3.207800028857143,2.921568582,6.888968671285714,12.713671423142856
8747,6.5690627930000005,5.193159981285715,17.518659902857145,2.794934301142857,2.9505000055714286,6.722020044285713,11.803517067142854
8748,6.554597052857142,4.938942832,16.803911345714287,2.6685371601428574,2.8999885912857137,6.722020044285713,11.070271464285712
8749,6.6700856779999995,4.5893942942857135,16.136828552857143,2.4662542924285717,2.914454303,6.8220943137142855,10.210628720857143
8750,6.879482853,4.446397140714286,15.94616572,2.4494171542857144,2.921568581857143,6.972205717857142,9.966134401999998
8751,7.0094371617142865,4.668600006571429,16.263937184285716,2.525302866857143,2.921568581857143,7.105717194428571,10.151580131999998
8752,7.103345711428572,4.684488613714286,15.660408594285714,2.542140019142857,2.928682860857143,7.155754329142857,9.401497249571426
8753,7.045720046428571,4.732154378714286,14.675554337571429,2.693911458428572,2.8129571381428566,7.138917162857142,8.516717205714285
8754,7.002322882857143,4.382842938428571,13.325500089285713,2.5338400412857145,2.733514286142857,7.088880028,7.244445771285714
8755,6.922880073285715,4.097085785428572,12.309105857571426,2.339857172714286,2.668299992,6.805257203857144,6.275480009
8756,6.691665753714287,3.9543257858571432,11.499025771857143,2.2810457521428575,2.581505721285714,6.588271498571428,5.660331413714286
8757,6.4822685787142875,4.033768623857143,10.704834348999999,2.247371461714286,2.5454600045714284,6.271211524,5.078857094571428
8758,6.402825712571428,3.874882891428571,9.942420027571428,2.238834315714286,2.480482850142857,5.887514317428571,4.311937101857143
8759,6.323382902857142,3.8431057337142858,10.291968593285715,2.3315571664285715,2.4589028594285716,5.6038914932857145,4.7587142031428575
8760,6.272634334571428,3.827217126571429,10.768625677142856,2.230297155571429,2.429971435857143,5.620728659571428,5.382162762428572
8761,6.287100074571428,4.1606399597142865,11.785257148285714,2.390368572714286,2.4804828642857144,5.7376400954285725,6.308917049857143
8762,6.294214353428571,4.509951371857143,12.372897187142858,2.5338399987142854,2.5383457255714283,5.921188650142857,6.881854223
8763,6.308680093428571,4.827485626142857,13.024328552857142,2.7275857062857143,2.5528114372857145,6.1213371891428565,7.387442843714285
8764,6.287100131000001,4.843374176714285,13.071994317142856,2.8959571439999996,2.559925730428571,6.321722910142857,7.303257181428572
8765,6.258405833142858,5.129368483714286,13.357988454285714,3.0308914309999997,2.5528114374285713,6.555308656,7.825682855428572
8766,6.272871516714287,5.208811349857143,13.294434138571429,2.971842856428571,2.530994292714286,6.705657185714287,7.7666343232857145
8767,6.301802940285714,5.161145641428571,13.67552268,2.9298685740000003,2.545460004571429,6.538708615142858,8.061640027714287
8768,6.338085768571429,5.049925674,13.977168355714285,2.845682869428572,2.530994292714286,6.471834314142858,8.440831507857144
8769,6.388597154714286,4.970482807714284,14.405922548571429,2.8117714392857147,2.5165285808571425,6.471834314142856,8.870534317
8770,6.417528578285713,4.827485682571429,14.58045970714286,2.6180257317142863,2.5020628691428572,6.571908640000001,9.131865687857143
8771,6.48250570442857,4.906928548857143,15.438205332857141,2.6011885652857143,2.487597157285714,6.555071473714286,10.025182821
8772,6.576414310571429,4.811597075428572,15.914625517142857,2.558977143142857,2.487597157285714,6.438160037857143,10.294814269714285
8773,6.713482898285714,4.843374233285714,16.72470549142857,2.626325709714286,2.509414302,6.5047972132857135,10.952174287142856
8774,6.843674332714286,4.891039941714285,17.153696924285715,2.727348552428572,2.4878342971428573,6.754982887,11.280854324285714
8775,7.017025748571428,4.906928492428571,17.598577019999997,2.6936742619999996,2.4807200041428574,6.905094291142857,11.584397117142858
8776,7.1687972019999995,4.843374233428571,17.948125587142854,2.601188551,2.4373228547142856,7.10524283,11.761542882857144
8777,7.320568599,4.811597103857143,18.281785715714285,2.5758142527142853,2.408391417,7.138679924,11.980662945714286
8778,7.464988591285713,4.6368228490000005,18.504225877142854,2.407205696571429,2.401277124,7.422302748,12.08168583142857
8779,7.515499977428571,4.398494307,18.631334282857146,2.2219971207142857,2.3507656955714284,7.856036976285714,12.208082972857143
8780,7.479454274857143,4.191942866142857,18.774331577142856,2.0955999797142857,2.2639714105714286,8.156259784571429,12.309105745714286
8781,7.493682832714285,4.064834319714285,18.85377444285714,1.969202838714286,2.235039987,8.32320841157143,12.334242875714285
8782,7.421354301999999,3.9536143239999997,18.885551544285715,1.986039991,2.1700628467142855,8.423519863142857,12.376217172857142
8783,7.399774282999999,3.937725745142857,18.949105972857144,2.0111771354285715,2.148482856,8.390082769142857,12.460402891428572
8784,7.443171390142858,3.8741714578571425,19.028548838571428,2.0111771354285715,2.119788572142857,8.356645675142857,12.527751444285714
8785,7.342148561428572,3.8741714578571425,18.96499441,2.0365514124285715,2.0837428554285715,8.306608540428572,12.569962865714286
8786,7.3203314167142866,3.8585200328571423,18.91732887142857,2.0365514124285715,2.0619257248571428,8.156497136285713,12.536288645714283
8787,7.248002829428572,3.8585200328571427,18.663111609999998,2.019714274285714,2.0692771435714286,8.039822939285715,12.418191581428573
8788,7.161445684428571,3.811091450142857,18.42478301142857,2.0114142821428573,2.0692771435714286,8.006385732142856,12.283494477142858
8789,7.074651357142857,3.747774316714285,18.12290021,1.9692028457142858,2.0763914367142857,8.022985772857144,12.11512304
8790,6.886834257714285,3.6685686044285712,17.75746298,1.9355285552857142,2.054811431857143,8.073260033285715,11.955051567142856
8791,6.6051086085714275,3.3669228867142857,17.40791441428571,1.6912714192857143,2.0258800082857142,8.106697127285715,11.90454018142857
8792,6.402825712571428,3.541697141571429,17.662131675714285,1.775457138142857,1.9969485847142856,8.156734261999999,12.207845962857144
8793,6.128451468,3.7480114002857143,17.75746297857143,1.960665714,1.9753685798571428,8.256808531428572,12.679760307142859
8794,5.91905434957143,3.938674234,17.82101718,2.213459996142857,1.9390857234285712,8.323445593714286,13.033814600000001
8795,5.702305770000001,4.176765678714285,18.09112288,2.2891085689999997,1.8956885738571427,8.323445593714286,13.353957434285716
8796,5.507374391571429,4.6531856654285715,18.615208377142856,2.6851371585714285,1.8451771382857145,8.340045521285713,14.154551815714287
8797,5.341137198,4.923054239571428,19.31406849714286,2.9379314407142862,1.8233599935714289,8.406682696714286,15.005657470000001
8798,5.218297168142857,5.621914231714286,19.965262624285714,3.544542861714285,1.8160085607142857,8.456719831428572,15.764040202857144
8799,5.095457194857142,5.876131380857143,19.933485524285718,3.9408086051428564,1.808657127857143,8.440119903857143,16.067345758571427
8800,5.572114279,6.162125687714285,20.85478557857143,4.0589057539999995,1.880748561142857,8.356645675142857,16.27816574428571
8801,6.070588564285715,6.575228512714285,22.03006565714286,4.202140061428571,1.9820085578571427,8.290008612857143,16.750079975714282
8802,6.576177128428571,6.908888471571429,22.871922845714288,4.589868630571429,2.075917135857143,8.273408685285714,17.230531295714286
8803,7.067299952571429,6.845334212571429,23.31680294142857,4.472008607285714,2.1914057115714285,8.440357255857142,17.011411119999998
8804,7.572888573285715,7.432974251428571,23.983885732857146,4.8006885878571435,2.3071314342857145,8.490394390571428,17.28934253142857
8805,8.064011453857143,7.671302849999999,24.74630005571429,5.045182906142857,2.4010400122857147,8.507231557,17.626322645714286
8806,8.56248568257143,8.14772286557143,25.921579907142853,5.264065729857143,2.494948590285715,8.590705785714286,18.11507404285714
8807,8.490394277428573,8.449605666714286,26.223225469999996,5.533697121857143,2.5167657208571432,8.67418001442857,18.393005454285717
8808,8.425417094714286,8.624379949714285,26.270891234285717,5.761354273714285,2.531231446857143,8.724217149142858,18.67117410571429
8809,8.353325689714286,9.100799964142857,26.588425459999996,6.140545753428571,2.5385828655714286,8.824291418571429,18.97447988714286
8810,8.295699968142857,9.561331371857145,26.92184835,6.544874335,2.545934298571429,8.774254283857143,19.505205581428573
8811,8.245188468999999,9.529791283285714,26.890308261428572,6.536337189,2.545934298571429,8.807691377857143,19.412720012857143
8812,8.22360845,9.720216991285714,26.953862464285717,6.5195000227142845,2.5532857172857146,8.824291418571429,19.269485704285717
8813,8.201791305285713,9.545679833285714,26.874419824285717,6.477525726142858,2.5751028620000005,8.757417117428572,19.26118574142857
8814,8.201791305285713,9.513902732,26.620440027142855,6.468988580142857,2.5966828668571433,8.790854324571429,19.20213704
8815,8.201791305285713,9.482125630714288,26.36646000428571,6.342591439142858,2.574865722142857,8.757417117428572,18.83124558
8816,8.194439844142858,9.307351348142857,26.09659154285714,6.064422788142857,2.589331448142857,8.690779942,18.831245579999997
8817,8.179974160714286,9.164591405142858,25.906165721428575,5.988774215428571,2.5748657221428575,8.523831371428573,18.60382566714286
8818,8.172859938428571,9.053371437714285,25.96948291142857,5.862377074285713,2.560399996142858,8.323445706857143,18.519402822857142
8819,8.165508477285714,8.862945729714285,25.604282920000003,5.676931344571428,2.5675142891428573,8.206534271,18.283445707142857
8820,8.179974274,8.529285714285715,24.810091270000004,5.297739921428572,2.581980000857143,8.10646000157143,17.499688717142856
8821,8.244951456714286,8.32273427357143,24.508208242857144,5.230391369,2.5748657219999997,7.93951137457143,17.11219733
8822,8.288111494714286,8.13207144,24.46054247714286,5.112294191714286,2.6111485784285717,7.856037089428573,16.96042582
8823,8.403837188999999,7.766871449,24.206325215714283,4.842662799714286,2.625614290142857,7.772562860714286,16.47167442285714
8824,8.512211422142856,7.655651368428571,24.142771012857143,4.707728512571428,2.6690114397142857,7.705925798428572,16.378951614285715
8825,8.613234307285714,7.401434219142858,24.04767672142857,4.5813313998571426,2.712408589285715,7.589251488285716,16.21034293714286
8826,8.194440070428572,7.035997045999999,23.586908187142857,4.370511414285715,2.6403171559999996,7.522614312857144,16.00805992857143
8827,7.789874334857143,6.829445661857142,23.317039725714288,4.336837138000001,2.531942866285714,7.506014385285715,16.159831212857142
8828,7.298751454142855,6.607005670428571,22.919825620000005,4.016694303428571,2.4235685764285715,7.4227772821428575,16.100782737142858
8829,6.90888858442857,6.273345655,22.44316842285715,3.9071343005714287,2.3223085797142855,7.339540179000001,16.159831438571427
8830,6.511437184428572,6.130348529857144,22.268394252857146,3.8902971624285714,2.199468578142857,7.206028702428571,16.336740078571427
8831,6.135802929142857,5.796688571,21.982399890000003,3.721688599142857,2.091094288285714,7.1059543764285715,16.40408851857143
8832,5.825145743285714,5.621914288,21.744071291428572,3.612128596142857,1.9971857102857142,7.022480091285715,16.572697195714287
8833,6.121100006857142,5.97146291057143,22.37961422142857,3.721688599142858,2.0692771435714286,6.83893153657143,16.93505167857143
8834,6.417291395999999,6.0032400117142855,22.776591314285717,3.704851461,2.1631857215714283,6.655382925285715,17.010937547142856
8835,6.706131380714287,6.019128618857144,22.728925549999996,3.8058743178571426,2.2860257231428567,6.571908639999999,16.800354574285713
8836,6.850551372999999,6.2892343187142865,22.33194845857143,3.965945763285714,2.3510028634285716,6.538471489428572,16.126157334285715
8837,6.951811383857142,6.257457160857142,21.315317099999998,3.9322714588571435,2.4593771532857143,6.505034338999999,15.089605836857142
8838,6.966277123857142,6.368677128428571,19.901708649999996,3.8480857399999997,2.5604000102857145,6.505034338999999,13.598214512571428
8839,6.966277123857142,6.289234318857142,17.50324583,3.6375028801428573,2.6398428764285713,6.538471489428571,11.21350586785714
8840,6.8436742762857135,5.923797145571429,14.119928675571428,3.410082882142858,2.661660021142857,6.621945774714285,8.070414338571428
8841,6.720834302999999,5.780800020428571,10.879608653142858,3.1741257381428576,2.7266371471428568,6.638545759,5.011271344999998
8842,6.5908800507142855,5.685468547,7.7822857698571415,3.0140542927142855,2.7553314168571426,6.688582893714286,2.078762845571429
8843,6.547482886999999,5.304142823142856,4.5419658179999995,2.5843514270000005,2.791614273285714,6.671982909571428,-0.9884428725714283
8844,6.4896200397142865,5.304142823142857,1.5558629024285715,2.432580001857143,2.8276599757142855,6.70542006,-4.005137203714286
8845,6.561711444714286,5.113479989428571,-1.2239256981428572,2.323019999,2.849239966428571,6.838694354285714,-7.030368625142857
8846,6.605108608428572,5.224699956857142,-3.4635027858571426,2.466254278142857,2.8563542454285717,7.038842893142857,-9.373102937571428
8847,6.691665753571429,5.0817027751428565,-5.274325602857144,2.5421399765714283,2.8923999480000004,7.272428639142858,-11.32810858542857
8848,6.713482898285714,5.288254215857143,-6.894485649000001,2.626325695428572,2.827422822,7.389340074857143,-13.106205763285715
8849,6.706131437142858,5.12936854,-8.736848462857143,2.5672771208571428,2.798728552285714,7.539451479000001,-14.985562838142858
8850,6.626688571,5.049925702142857,-9.928254161,2.575814266857143,2.769797114571429,7.639525748428572,-16.02211433571429
8851,6.525665685857143,4.716502840714286,-10.738334191142856,2.4833285558571427,2.7337514121428574,7.739600017857143,-16.612125631428572
8852,6.352314269999999,4.494299975,-12.040722673428572,2.3483942687142862,2.690591430714286,7.689562826714286,-17.606702831428574
8853,6.142917095,4.271859983571429,-13.05735403142857,2.221997127714286,2.640080002142857,7.53945142257143,-18.331411344285716
8854,5.904588552857143,4.287748590714285,-13.803879688571428,2.0533885644285714,2.5966828667142856,7.389339961857142,-18.76965146857143
8855,5.738351415857143,4.097085700571428,-14.312076748571428,2.1124371248571427,2.6111485784285717,7.489414287857143,-18.980234214285712
8856,5.644442866142856,4.192417117428571,-14.550405347142858,2.1546485612857142,2.6037971455714284,7.572888629714286,-19.07295724857143
8857,5.579465739999999,4.875625727,-14.788496705714286,2.811771396857143,2.6253771504285717,7.806474319142857,-19.292077197142856
8858,5.528717171714285,5.066051463285715,-14.995048202857145,2.8791199634285713,2.6180257174285715,8.040060065142857,-19.696405751428568
8859,5.514251431714286,5.24058862057143,-14.264411208571431,2.8876571095714287,2.6251399962857143,8.273645754428571,-18.904111334285716
8860,5.5142514317142854,5.304142879571429,-13.454331347857144,2.9298685460000007,2.668537145857143,8.50723150042857,-18.00249418142857
8861,5.535831394285714,5.399474296428571,-12.088388550000001,3.014054264857143,2.6614228669999997,8.757417230571429,-16.50256554285714
8862,5.521365654285715,5.288254329,-10.658891436000001,2.9886799807142856,2.6830028577142855,8.740580064142858,-15.255431298571427
8863,5.6226256651428566,5.1611457544285715,-9.006954330142857,2.904494261857143,2.7048200024285722,8.623668571857142,-13.822851211428572
8864,5.694717126714286,4.446160015285714,-7.529791565000001,2.188322851857143,2.7192857142857143,8.49015720842857,-12.457619790714286
8865,5.774397118571429,4.319051412428571,-4.877111483,2.1629485678571427,2.7266371472857145,8.29000866957143,-9.744231329857143
8866,5.832259965714286,4.223719967428571,-1.9861029154285712,2.2219971422857143,2.7195228684285717,8.056422980285715,-6.7275371111428575
8867,5.9550999955714286,4.144277129571429,0.6824657174285714,2.188322851857143,2.712171435571429,7.939511544428571,-4.2752428628571435
8868,6.113985727857142,3.969502846571429,3.001485671285714,2.1631857075714285,2.712171435571429,7.705925798428572,-1.9410457351428572
8869,6.272871460142857,4.0330571338571435,5.606499988714286,2.079000002857143,2.661660007142857,7.655888607285713,0.6713199297142859
8870,6.359428605285713,4.0489457127142865,8.354274192857144,2.129511431285714,2.596445727,7.622688638857143,3.5196428234285713
8871,6.554597165857142,4.1125,11.372154266285715,2.1968599978571426,2.5530485915714287,7.555814281285714,6.376265681285714
8872,6.735062917285714,4.144277157714286,13.071757192857143,2.1548857152857144,2.516765735,7.488939923714285,7.918405720428573
8873,6.893948649714285,4.112500028142857,14.262925708142859,2.121211424857143,2.4589028735714282,7.4223028047142865,8.752674321714286
8874,7.009437218428571,4.065071473571428,15.517648425999997,2.0873000018571433,2.408391445142857,7.289028510428572,9.88194857057143
8875,7.081765805714285,4.017405765142857,16.67727707857143,1.9945771440000002,2.393925719142857,7.2555913599999995,10.640331417142857
8876,7.110697229285714,4.065071445285714,17.217251352857144,2.0704628565714285,2.314482867142857,7.238991375714286,11.162757148
8877,7.081765749142856,4.096848574857143,17.61446568285714,2.019951428142857,2.2423914338571427,7.15551709042857,11.575622791428572
8878,7.016788566571429,4.096848574857143,17.75746275142857,2.0704628565714285,2.2423914338571427,7.072279987285714,11.752531431428569
8879,6.958925662857143,4.017642862571429,17.80512829,2.078762848714286,2.191880005428571,7.0056428682857135,11.82841707285714
8880,6.922879960285714,4.017642862571428,17.868682718571428,2.1038999931428575,2.1558342888571427,6.905568598857142,11.963351302857143
8881,6.8723685177142855,4.033294287571428,17.868682718571428,2.137811416142857,2.126902865285714,6.905568598857143,12.030699855714285
8882,6.7784599114285715,4.033294287571428,17.80512829,2.196859983571428,2.061925725,6.822331495714287,12.039237058571429
8883,6.691902766428571,3.8905343162857133,17.70979676,2.1041371187142857,2.069040018,6.672220091571427,12.039237058571429
8884,6.641391380285715,3.8746457655714286,17.630353894285715,2.137811409142857,2.083505729857143,6.622182956857143,11.912839917142858
8885,6.540131425857142,3.842868607857143,17.40791396,2.104137133,2.040345720142857,6.505271521,11.845491365714285
8886,6.403062894714284,3.937962899,17.07425405857143,2.1714857137142856,2.062162850714286,6.455234386285714,11.727394301428571
8887,6.215245738714286,4.192180048142857,16.96303409142857,2.390605705428572,2.0766285624285716,6.421797235714286,11.912602905714284
8888,6.034542861714286,4.5417286141428574,17.05836562142857,2.7529599905714286,2.0695142692857145,6.271685775,12.199071520000002
8889,5.839611426857142,4.954831439142858,17.16958558857143,3.1321514420000005,2.0621628505714287,6.138174298571428,12.544588610000002
8890,5.651794270857144,5.224699985,17.455579951428568,3.342734301857143,2.055048557571429,6.054700013285713,12.873268647142856
8891,5.435045691285715,5.399474268,17.662131448571426,3.5364800094285718,2.0621628505714287,5.971225727999999,13.142900095714285
8892,5.2256485164285715,5.685468546714287,18.011680014285712,3.848322866,2.033231427,5.871151458571428,13.707537134285714
8893,5.095457081857143,5.828465672000001,18.520114312857142,4.101117148142857,2.0043000034285714,5.754477148428571,14.272174287142857
8894,4.987082792142857,5.923797088857143,18.74255424714286,4.261188565428571,1.9824828588571428,5.637802838428571,14.609391414285714
8895,4.842662799714286,6.098571371857142,18.99677151,4.218977143142857,1.9535514352857142,5.620965728571428,15.073005795714286
8896,5.3482514204285705,6.4322313872857135,19.870405799999997,4.193602830714285,2.2281628479999998,5.620965728571428,15.359474409999999
8897,5.868305668142858,7.051648527428571,20.791705854285713,4.412722808428572,2.5748656797142857,5.620965728571428,15.915574359999999
8898,6.373894289000001,7.671065611142857,21.649451480000003,4.539119949428572,2.863942804142858,5.604365688,16.36235146142857
8899,6.8794829097142856,7.925282760285714,22.332422935714284,4.606468501857143,2.957851382142857,5.654402822714284,16.438000091428574
8900,7.3563771760000005,8.40193995742857,22.76117712857143,4.606468501857143,3.246691395,5.754477092142857,16.261091451428573
8901,7.833034316571428,8.989579939857142,23.66658852,4.918311372571429,3.5357685335714284,5.904588552714286,16.564397232857143
8902,8.353088564285715,9.624885687857143,24.71475974,5.398525624285713,3.85353997,6.038099972714285,17.036074225714284
8903,8.280759920428574,9.688202877714284,24.698871302857146,5.415362790714285,3.868005681714286,6.204811417571428,17.204682675714285
8904,8.222897073142859,9.815311508285715,24.889296898571427,5.567134244142857,3.824608574571428,6.304885687142857,17.364991388571426
8905,8.208668402142857,9.783534407,24.746299829999998,5.744042827857143,3.824608574571429,6.471597132,17.305942912857144
8906,8.172622699571429,10.196400162285714,25.286274217142857,5.963162833714287,4.0268914140000005,6.621708536285715,17.895954321428572
8907,8.158157016142857,10.609265804999998,26.11224296714286,6.3003799602857145,4.041357125714286,6.771819997,18.763897142857143
8908,8.179974160714286,10.593377254999998,26.048688764285714,6.140308543000001,4.062937144571428,6.8884942507142854,18.67971131
8909,8.165508477285714,10.307382890857143,25.66760033571429,5.8287028545714294,4.048471432857143,6.905094235,18.29221992285714
8910,8.129462774857142,10.561600040428571,25.90592893428572,6.1827571475714285,4.041120028285714,6.938531385428571,18.519640062857142
8911,8.09341707242857,10.752262874714287,26.16014597,6.191057167857143,4.026654316571428,7.072042805285714,18.721685607142856
8912,8.09341707242857,10.799928640142856,26.303143038571427,6.140545725285714,4.033768623714286,7.088879971571429,18.932268352857143
8913,8.09341707242857,10.815817191571428,26.207811508571435,6.106871449142857,4.019302912,7.222391391428571,18.864919912857143
8914,8.07895138885714,10.672820123,25.842611518571427,6.047822916999999,4.004837200285714,7.355902811428571,18.544777191428572
8915,8.08606572442857,10.56160015485714,25.747279988571428,5.845540077428572,3.997722893142857,7.389339961857142,18.527940025714287
8916,8.143928571571427,10.482157288571429,25.731391324285717,5.744280066571428,4.019302883857143,7.506251454142857,18.426680014285715
8917,8.244951456714286,10.323271555714285,25.55661692714286,5.558834336857144,4.048234307428571,7.622925764285715,18.148511362857143
8918,8.331508658285713,9.783297281714287,24.9371999,5.263828604285714,4.069814298142857,7.63952574857143,17.42380284857143
8919,8.41095152442857,9.640537225142856,24.82597993285714,5.086920048857142,4.091394289,7.7061628674285725,17.246894435714285
8920,8.555371460142856,9.370668650857143,24.429002614285714,4.943685741428571,4.105860000714286,7.756200002142856,16.867703012857145
8921,8.68532571242857,9.275337120999998,24.571762444285717,4.859500022571429,4.1419057032857145,7.6727257734285725,16.90967730857143
8922,8.808165629142858,9.116688514285714,24.730648177142857,4.792151413714286,4.156134289428571,7.8396743440000005,16.808417297142856
8923,8.887608495285715,9.037482886857143,24.794202605714286,4.657454280571429,4.1419057032857145,7.989785748142857,16.707394525714285
8924,9.003334189714286,8.926262806428573,25.000516864285714,4.446634295,4.134554270428571,8.073259976857143,16.800117334285712
8925,9.176685605714287,9.053371324428571,25.14351415857143,4.522520021714286,4.134554270428572,8.290245738571429,16.91821451142857
8926,9.364502818714287,8.926262806428571,25.54049125142857,4.564731415714285,4.1563713867142855,8.557268578571428,16.91821451142857
8927,9.559434254142857,9.037245648142857,25.969245671428574,4.438334302857142,4.192417117571429,8.690780055142858,17.00240011714286
8928,9.812228535857143,8.926262806285715,26.08046563857143,4.303400015857142,4.243165714,8.824291418571429,16.91821428571429
8929,10.050557134857144,9.227908481142858,26.652216900000003,4.421260010857142,4.308380022285715,8.824291418571429,17.23005727
8930,10.288885733142859,9.275574133000001,26.96975112714286,4.505445757857143,4.380471455571429,8.824291418571429,17.466014385714285
8931,9.84827435157143,8.926262749285714,26.318557,4.56449429,4.1710743088571425,8.874328553285716,17.280806008571428
8932,9.342685787285713,8.576714183285715,25.85778824142857,4.539357103285714,3.932745738571429,8.840891346142858,17.339854484285716
8933,8.83686004042857,8.576714183285715,25.03181971571429,4.471771425142856,3.7015314755714286,8.807454252142858,17.238831485714282
8934,8.237362926,8.322734159714285,24.094630997142854,4.513982819142857,3.477668617,8.824054179714286,16.884777192857143
8935,7.572888629714285,7.846077075714286,22.522136814285716,4.252888516714285,3.2104085948571424,8.890691355142858,16.016834371428573
8936,6.922880072857143,6.940665685714285,20.457334235714285,3.932745682142857,2.9502628517142853,8.923891323428572,14.727488591857144
8937,6.301802940285714,6.511674310142857,18.821285624285714,3.9073713698571426,2.6903542907142857,8.973928458142856,13.783660016142859
8938,6.287337200285713,6.416342893285715,18.01120553714286,3.688251392285714,2.7121714354285715,9.040802759285715,12.991365597571429
8939,6.36678001,6.209791509142858,17.264679878571428,3.527942849285714,2.7844999944285718,9.124277101142857,12.106585610428573
8940,6.338085712142857,5.9555743034285715,16.597597087142855,3.5196428289999995,2.7629200037142856,9.240951411285716,11.398714263285715
8941,6.410414242857143,5.669580053,16.00995716142857,3.443757130571428,2.813431418,9.374462887714285,10.606657084571427
8942,6.518788532714285,5.733134312,16.168842894285714,3.4688942607142854,2.791614273285714,9.59121146742857,10.412674266
8943,6.5837656587142845,6.035017169571428,16.279825622857143,3.6121285398571428,2.7700342825714293,9.824797212857144,10.36216288
8944,6.518788475999999,5.971462853999999,15.819294214285716,3.6038285477142855,2.697705709428571,10.074982886857143,9.856574315142856
8945,6.468277033285713,5.828465728857142,15.406428458571428,3.4691314004285707,2.618025703428571,10.341768601142858,9.410034339714286
8946,6.331208502142856,5.733134255428571,14.723457115714288,3.3090599691428575,2.524117139571428,10.541917140428572,8.845397243428573
8947,6.201017067714285,5.304379977142856,13.786268510857143,2.988679980571429,2.4733685571428574,10.692028544285716,7.943780033000002
8948,6.078177094428571,5.129605694142858,12.785525703428572,2.727348566571429,2.364994281571428,10.825540021428571,7.345468660428573
8949,5.926405641000001,5.002497119571428,11.546691422714286,2.8117714392857143,2.364994281571428,10.77550288714286,6.460688616142856
8950,5.8251456867142855,4.923054253428572,11.086160015571426,2.752722879,2.401039984,10.775502887142858,6.132008579
8951,5.832259965714286,4.748279970428571,11.324488614142856,2.651462868142857,2.466017124285714,10.675428617142858,6.351128528428572
8952,5.853839984714285,4.795945678714285,11.515151559857143,2.7861600154285715,2.4878342688571426,10.55875430714286,6.553411424428572
8953,5.824908561,4.875388545,11.817034361285712,3.064328595714286,2.538345697285714,10.542154378571428,6.949439957428571
8954,5.832260022,5.240588564142857,12.261914344714285,3.308822885714285,2.567277135,10.50895441,7.471865744571429
8955,5.781748579428572,5.1929228557142855,12.833902844999999,3.4942686011428568,2.5743914279999993,10.475517202857143,7.783708615285716
8956,5.767282895857143,5.240588564142857,13.389765670000001,3.4942686011428568,2.545460004428571,10.59242863857143,8.407394300142858
8957,5.781748579428572,5.177034305142857,13.723425685714288,3.4437571585714286,2.473131445428571,10.75937721,8.719237170857143
8958,5.788862914857143,5.256477171285715,13.818519864285715,3.3344343095714284,2.422620017,11.009562884285716,8.862471477714285
8959,5.745465751285715,5.0975914389999994,13.897962617142856,3.2248743065714285,2.415268598285714,11.309785805714286,8.980331416142857
8960,5.774397174999999,5.161145754428572,14.072499661428571,3.064802861,2.3936885934285717,11.543371438571427,9.140402889428572
8961,5.853840041285714,5.0658143377142855,14.517142518571431,3.039428577,2.357642876714286,11.826994207142857,9.527894277000001
8962,5.9982600335714285,5.240588620714285,14.930008388571428,3.039428577,2.386574300285715,12.027142745714286,10.092531430428574
8963,6.077702899714285,5.129368653285715,15.517648314285713,2.955005704285714,2.393925719,12.060579838571428,10.530771442714286
8964,6.135565746857144,5.049925787,15.962291171428573,3.0391914229999997,2.401277137714285,12.06057983857143,10.994148584714285
8965,6.243939980142858,4.986371471428571,16.518391234285716,3.0391914229999997,2.3868114258571427,12.077417004285717,11.356502841857141
8966,6.431757136142857,4.986371471428571,17.106031387142856,3.140451433857143,2.3723457,12.077417004285715,11.836954275714286
8967,6.648268533428571,4.732154322285715,17.66213145,3.0560285894285713,2.3505285694285716,12.02737987,12.207845735714285
8968,6.778222785714287,4.636822848857142,18.02756867857143,2.9633057245714283,2.350528569428571,11.860431298571429,12.418665719999998
8969,6.836085633000001,4.430271408142857,18.25000861285714,2.803234293285715,2.285551429285714,11.643682831428572,12.494551361428572
8970,6.944459922857143,4.334939963,18.440671445714283,2.7105114425714283,2.242154294,11.410097086142855,12.604111335714284
8971,6.980505625428571,4.239608518,18.504225647142853,2.5336028731428573,2.184291446857143,11.093037111142857,12.56213703857143
8972,6.966039941857143,4.160165680142858,18.393005679999998,2.4745542987142852,2.155360023285714,10.675902867142856,12.511625652857145
8973,6.886597075571428,4.144277129428572,18.297674150000002,2.407205718,2.0977343158571427,10.075457137285714,12.477951432857141
8974,6.7639942280000005,4.176054259,18.15467708142857,2.3989057117142853,2.0256428825714283,9.524811416714286,12.427202808571428
8975,6.684551361714286,4.096611421142858,18.07523421571429,2.365231421285714,1.975131454142857,9.074477204714286,12.435502772857143
8976,6.648268533428571,4.128388578857143,18.091122652857145,2.432579987857143,1.953551449285714,8.724217149142858,12.452339938571429
8977,6.568825667142856,4.1125,18.02756845142857,2.4579542861428574,1.9319714444285712,8.607305713285713,12.443802848571428
8978,6.518314281,4.144277157714286,17.900460047142857,2.491628562285714,1.9248571514285715,8.473794236714285,12.38475426
8979,6.438871414857144,4.160165736571429,17.75746297857143,2.4999285542857144,1.9177428584285714,8.306845666142857,12.292031338571428
8980,6.337848586285714,4.1125,17.50324594285714,2.440879979857143,1.9322085702857144,8.056422810428572,12.089748442857143
8981,6.207657151857143,4.080722870428572,17.24902868,2.4072057037142858,1.9322085702857144,7.756200002142859,11.879165582857143
8982,6.077702899571428,4.017405737,16.86770301285714,2.3820685735714284,1.9322085702857144,7.556051406714286,11.719094222857143
8983,5.861191445714286,4.160402862285713,16.724705944285713,2.5926514334285713,1.9103914255714287,7.439139970857143,11.912839917142858
8984,5.666260010857143,4.430508562142856,16.820037474285716,2.9550056902857142,1.8885742808571429,7.272428639142857,12.216145585714285
8985,5.449511431285714,4.875388573285714,17.04247740857143,3.3595714117142856,1.8522914242857145,7.155754442142857,12.56166279
8986,5.276160015285713,5.0183856985714295,17.185474477142858,3.4103199941428572,1.8233599935714289,7.155754442142857,12.898642791428571
8987,5.117274282857143,5.304379977285714,17.392025747142856,3.5281800032857142,1.7944285628571433,7.406177297857142,13.260997048571427
8988,5.023365733,5.526819968714286,17.821017180000002,3.6965514267142856,1.7944285628571428,7.656362971428572,13.909820032857143
8989,4.9076399821428565,5.923797089285714,18.56754283857143,4.084042855999999,1.7870771300000001,7.739600074571429,14.685039931428571
8990,4.864242875,6.082682821714285,18.837648538571425,4.050368579714285,1.7870771300000001,7.723000090428572,14.980045635714285
8991,4.813731432428571,6.066794270999999,18.789982772857144,3.9661828608571428,1.7944285628571428,7.606088598142857,14.980045635714285
8992,4.756105711000001,5.860242830142857,19.043962797142857,3.957645714857143,1.8088942747142858,7.522614256285714,15.468797032857143
8993,4.6695485660000005,6.193902845428572,19.53627142,4.2777885777142854,1.8015428488571428,7.372502795714287,16.050271464285714
8994,4.611685718857143,6.352788577714285,20.01269137857143,4.505445729571429,1.8015428488571428,7.1389171062857155,16.53048566
8995,4.525128573857144,6.432231443857142,20.282560065714286,4.733102881571429,1.7870771300000001,6.988805702142856,16.867702787142857
8996,4.4530371688571435,6.495785759285714,20.489111562857143,4.859500022714286,1.7799628440000002,6.922168583142858,17.137334235714285
8997,4.366242869857144,6.750002908428571,21.076751715714288,5.078620028571429,1.7654971321428572,6.872131448428571,17.634385597142856
8998,4.272334291857144,7.083662923857141,21.584948775714285,5.297502908714286,1.7436799874285716,6.805494329428571,18.224397005714284
8999,4.2073571374285725,7.321991466,21.66439164142857,5.238691502285714,1.7365657014285716,6.571908639999999,18.249771375714285
9000,4.1639600020000005,7.1631057337142865,21.680280078571425,5.238691502285714,1.7365657014285714,6.238248624571429,18.106537068571427
9001,4.1205628665714285,7.3219914661428565,21.88683157571429,5.508322894285714,1.7365657014285714,6.104737148142858,18.367868552857143
9002,4.055585712142857,7.655651481571428,22.17282594,5.592508613,1.7365657014285716,6.004662878714286,18.536239990000002
9003,3.990608557714286,7.592097166142858,21.77584862142857,5.398762919428571,1.7365657014285716,5.570928594000001,18.148748602857143
9004,3.940097115,7.449099984428572,21.553408459999996,5.407300065428572,1.7365657014285716,5.053719995714286,18.10677453285714
9005,3.9400971149999995,7.385545668857143,21.601074224285718,5.3148143828571435,1.7365657014285716,4.836734290571429,18.039426094285716
9006,3.9400971150000004,7.4332113771428565,21.68051709,5.415837211571429,1.7292142755714288,4.803297140142858,18.10677453285714
9007,3.9474485195714286,7.576208558857142,21.378871527142856,5.668631493571428,1.7292142755714284,4.820134306571428,18.056263034285713
9008,3.940334212428571,7.083662811142857,20.711788735714286,5.221854364,1.7218628497142858,4.469874335285715,17.35669165
9009,3.9474484912857144,7.020108495571429,20.378128607142855,5.373625761,1.7145114238571428,4.102777169428572,17.238831485714286
9010,3.932982779428571,7.274325701285716,20.695663060000005,5.609582876857142,1.6929314260000001,3.969265749428572,17.643397278571427
9011,3.9185170677142858,7.0677743170000005,20.378128834285715,5.381925725,1.714748570714286,3.8023171930000004,17.28104279571429
9012,3.896699923,6.940665742428571,20.108260374285717,5.365088558571428,1.7220999965714285,3.5355314504285715,17.162945617142856
9013,3.896699923,6.845334325714285,19.711283282857142,5.2050171412857145,1.7365657084285715,3.2687457078571427,16.842565657142856
9014,3.9182799419999994,6.638782884857142,19.79072615,4.800451434,1.7583828531428571,3.1352342878571426,16.77521699142857
9015,3.968791384571429,6.813557167857143,20.060831849999996,4.859500022571429,1.7801999978571428,3.2519085697142853,17.08705975
9016,4.019302827285714,6.845334269142858,20.251494682857146,4.5981685944285715,1.8020171425714284,3.2187085731428575,17.078522772857145
9017,4.142142857142857,6.3527885212857145,19.88629469142857,4.218977171142856,1.838062859285714,3.2355457112857144,16.36211411
9018,4.214471444428573,6.464008488714286,19.85451759,4.3117000359999995,1.8235971404285714,3.519168577857143,16.29452843142857
9019,4.366242869714286,6.336899914142857,19.82274026142857,4.041831461857143,1.8451771382857143,3.7527542955714286,16.092245422857143
9020,4.481731466714286,6.1462370804285715,19.72740873142857,3.974482881142857,1.8380628522857145,3.9863400132857145,16.05857109
9021,4.647731449714286,6.225679946714286,19.711520067142857,4.016694303428571,1.8451771312857146,4.169888568,15.906799805714286
9022,4.770571423,5.939685668,19.72740873142857,3.8312485738571427,1.8378256984285717,4.219925702714286,15.679379892857142
9023,4.994671435428572,5.606025709142857,19.53674589857143,3.595291458142857,1.8522914102857144,4.353199997,15.283351302857142
9024,5.168022851428572,5.844354251285715,19.949611428571426,3.7216885992857143,1.8667571221428572,4.436437128285713,15.595194172857145
9025,5.514725683142857,5.590137102142857,20.34658852,3.452057150857143,1.9606656929999997,4.436437128285713,15.527845732857143
9026,5.796451388857143,5.780799992285714,20.966005774285712,3.4859685810000003,2.0329942659999998,4.035902847142856,15.738665944285716
9027,6.121574258142858,6.035017141571428,21.871417164285713,3.570154328,2.1269028368571425,3.668805709428571,16.12639457
9028,6.294925674142858,6.146237108999999,22.18895139,3.6292028884285714,2.2063457029999998,3.418620007571429,16.286466044285714
9029,6.5043228491428575,6.607005670714287,22.36348832,3.7895114595714285,2.322071425714286,3.218471440428572,16.446537517142854
9030,6.598231398857143,6.813557111428572,22.57003981714286,3.8400228738571434,2.379697147142857,3.018322845,16.530723122857143
9031,6.7281856509999995,6.4957857031428565,22.14128562285714,3.6040657298571426,2.444674287285714,2.8876966625,16.126157444285717
9032,6.764231410142857,6.5275628608571425,21.728419867142854,3.5618543075714277,2.444674287285714,2.4984266528333334,15.755503111428572
9033,6.706368562857143,6.2256800032857145,20.854785577142856,3.460594296714285,2.451788580428571,2.5958133106666668,14.954908730000001
9034,6.619574235571428,6.050905720285713,20.076482818571428,3.317359989285714,2.5238799997142856,2.8293199723333333,14.095265872857142
9035,6.670322803857142,5.764911469857141,19.67950572714286,3.056028561142857,2.5456971444285714,2.9070633106666666,13.547465772857143
9036,6.74976567,5.478917219428571,19.40963726714286,3.056028561142857,2.5383457114285717,3.0821933151666667,13.07555142857143
9037,6.908651402285714,5.2564772280000005,19.282528635714282,2.988679980428571,2.516765706571428,3.179579981333333,12.72173426142857
9038,7.110934298428572,5.399474353285716,19.457303032857144,3.106539975428571,2.560162856142857,3.179579981333333,12.73027135142857
9039,7.161445684428571,5.574248636285715,19.36197173,3.3424971194285718,2.5312314325714285,3.4521519729999994,12.721734148571427
9040,7.168559963428572,5.399474325,19.187197334285713,3.2834485591428573,2.480720004142857,3.71492997375,12.67122265
9041,7.146980001000001,5.192922884142858,18.393005797142855,3.3088228432857143,2.365231449571429,3.2185899945,12.022399778428573
9042,7.067537191285714,5.06581430942857,17.376374325714284,3.1570514180000004,2.300254295142857,3.062826642333333,11.222042635571428
9043,6.908651458857143,4.780057156285714,16.59807145285714,2.836671422428572,2.2426285737142857,2.5761699665,10.581519841
9044,6.677437139285715,4.637059974571429,15.819768692857142,2.693437143285714,2.2426285737142857,1.816720023,10.016882801857141
9045,6.4246428571428575,4.605282873285715,15.247779965714285,2.5924142864285713,2.1847657124285718,1.816720023,9.528131403571427
9046,6.280222864857143,4.509951456428571,14.961785601428574,2.432342840857143,2.1992314242857147,1.816720023,9.300711377857143
9047,6.229711478714286,4.5893942942857135,14.914120062857142,2.474554263142857,2.2352771408571432,0.882969998,9.418571429285715
9048,6.171848574999999,4.478174298571429,15.152211535714287,2.3649942602857146,2.2281628477142856,-0.050780027,9.839974275142856
9049,6.099519987714285,4.668837132285715,15.994068610000001,2.634862834428571,2.2281628477142856,-0.050780027,10.657168583714284
9050,6.142917151428571,5.0022599937142855,16.549931547142858,2.8793571315714286,2.2568571455714284,-0.050780027,11.272317122571428
9051,6.150031486857142,5.08170286,16.835925684285716,3.0562657152857144,2.2929028622857146,-0.050780027,11.617834213142856
9052,6.171611449285714,5.129368568428572,16.88359144857143,3.0731028532857145,2.2929028622857146,-0.050780027,11.84525424
9053,6.178962910428571,4.938705706571428,17.106031382857143,3.0479657231428567,2.2855514294285717,-0.08951335633333334,11.92090286857143
9054,6.200780055142857,5.081702888285714,17.40791418285714,3.039665731,2.2710857035714285,-0.323019985,11.979951457142858
9055,6.244177218857144,5.177034333428572,17.741574085714287,3.039665731,2.2926657084285713,-0.5176550022499999,12.097811508571429
9056,6.3091543450000005,4.906928633571428,17.693908547142858,2.9132685900000004,2.3068942804285717,-0.722250015,12.039000045714287
9057,6.316268623857143,4.859262925285714,17.63035411857143,2.9047314440000003,2.2708485638571427,-0.7981120228,11.929440071428571
9058,6.381482875714286,4.87515153242857,17.725685648571428,2.887894305857143,2.213222842285714,-0.9267066796666666,12.089511544285713
9059,6.446460058428571,4.795708666142857,18.202342845714284,2.91326859,2.1916428374285712,-0.9350857207142856,12.451865800000002
9060,6.605345734285714,4.986371528,18.58343150142857,2.9637800325714285,2.1845285584285716,-1.1354714277142857,12.789082927142857
9061,6.800277169142857,4.922817212571429,18.91685439142857,2.9889171627142863,2.1774142794285716,-1.285582860142857,13.058714375714287
9062,7.009674344,4.875151447571429,19.536271644285712,3.0308914592857144,2.1558342745714287,-1.3856571295714288,13.496954274285713
9063,7.226422923571429,4.970482864428571,20.076245805714283,3.0223543132857142,2.127139990714286,-1.5689685585714288,13.83393438857143
9064,7.407125744142857,4.779820002428572,20.58444309142857,2.853982875571429,2.112674278857143,-1.7525171132857145,14.145777258571428
9065,7.587591495428571,4.541728557714285,20.854311552857137,2.668537153,2.0908571342857143,-1.8691913951428574,14.230200104285714
9066,7.674385766142857,4.398968558142856,20.94964285714286,2.499928589714286,2.0619257107142857,-2.052739978,14.230200104285714
9067,7.667034361571429,4.1447514089999995,20.91810276857143,2.323020006,2.032994287142857,-2.1694142598571426,14.20482584857143
9068,7.609171457857142,3.938437150285714,20.807119814285716,2.1966228650000006,1.9969485705714285,-2.302925679857143,14.128940092857144
9069,7.573125698857142,3.843105761714285,20.553139791428574,2.061925717714286,1.9824828588571428,-2.4864742345714284,13.96056876857143
9070,7.508148572714285,3.732122919857143,20.235605565714284,1.960902860714286,1.9824828588571428,-2.5865485322857142,13.775122925714287
9071,7.414240023,3.7005829159999992,19.99751398,1.9523657147142859,2.0329942872857143,-2.6031485164285715,13.674100041428572
9072,7.349262840428572,3.732122919857143,19.822976822857147,1.9523657147142859,2.0548114318571424,-2.6197485005714287,13.564540065714285
9073,7.291399993285714,3.747774344857142,19.616425551428573,1.9523657147142859,2.083742855428571,-2.6529484690000005,13.395931502857142
9074,7.211957127,3.7162343409999994,19.266876984285716,1.9352914298571426,2.0982085672857145,-2.686385619571429,13.14313722
9075,7.103582837285715,3.6844571832857143,18.86966265285714,1.8930800075714287,2.1053228602857144,-2.686385619571429,12.864968682857144
9076,6.9373457002857135,3.6211400217142855,18.42478278285714,1.825494287,2.119788572,-2.6529485255714285,12.561425775714284
9077,6.763994284428572,3.573474285142857,17.995791349999998,1.7832828577142856,2.119788572,-2.6029113342857144,12.24128294142857
9078,6.619337166428572,3.5258085485714283,17.535022817142856,1.7496085744285714,2.0692771435714286,-2.6697856354285716,11.912602904285714
9079,6.431520010428572,3.7959142484285713,17.51913438,2.027777133571429,2.054811431857143,-2.7032227860000004,12.064137175714285
9080,6.251054258999999,4.240794231285714,17.614465682857144,2.406968556714286,2.0185285754285713,-2.7200599524285716,12.342305827142855
9081,6.063237103142856,4.733102825142857,17.67802011285714,2.8537457074285717,1.9969485705714285,-2.736659936571429,12.56996298
9082,5.897237148285713,5.098302816142858,17.773351642857143,3.3256599671428573,1.9898342775714286,-2.7866970712857144,12.839831554285713
9083,5.752817156000001,5.288728524142857,17.884571610000002,3.460594254285714,1.9898342775714286,-2.7866970712857144,13.101163038571428
9084,5.6660228287142855,5.733371409571428,18.90120296857143,3.907134237,1.9753685658571427,-2.820134221857143,14.095503114285714
9085,5.564999943571428,6.178014295,19.87016878714286,4.362211365714286,1.9682542728571428,-2.786697071285715,15.123517521428571
9086,5.471091393857143,6.384565735714285,20.298922980000004,4.379048532,1.9753685658571427,-2.8533342467142857,15.654480341428572
9087,5.384297123142858,6.241568610428572,20.695900072857143,4.446397084428572,1.9971857104285713,-2.9033713814285713,16.092720240000002
9088,5.3337857369999995,6.1621257442857145,20.981894210000004,4.353674219571428,2.0043000034285714,-2.9033713814285713,16.37918874142857
9089,5.275922833285714,6.1621257442857145,21.156668380000003,4.235814252857144,2.018765715142857,-2.836734262571429,16.640283099999998
9090,5.225411390714285,6.4004543428571425,21.522105384285716,4.497145652714286,2.0043000034285714,-2.820134221857143,17.154408867142855
9091,5.131502840857143,6.225680059857142,20.99801966,4.269725683,2.018765715142857,-2.770097087142857,16.766917252857144
9092,5.052059974714285,6.289234318857143,20.553376802857144,4.227514260714286,2.018765715142857,-2.7534971030000004,16.413099972857143
9093,4.9941971274285715,6.257457161142857,20.204065475714287,4.244351398857143,2.026117133857143,-2.720297078142857,16.193980024285715
9094,4.943685684857143,6.225680003428572,19.775311282857142,4.126491432142857,2.011651422142857,-2.7869342534285715,15.949485705714286
9095,4.878708502285714,6.193902845571429,19.727645744285716,4.042305713285715,1.9971856962857142,-2.8870085792857147,16.05904568
9096,4.864242818714286,6.241568554000001,19.77531150857143,4.050605705428572,1.9753685517142858,-3.0036828892857144,16.18544282142857
9097,4.842425674,6.464008488857144,20.029291531428573,4.202140033142857,1.9753685517142858,-3.0703200647142856,16.362351235714286
9098,4.784799952571428,6.718225638000001,20.061068860000002,4.480071445428572,1.9390856952857143,-3.186994374857143,16.530722674285716
9099,4.791914231428571,6.734114245142857,20.315048884285716,4.631842898857143,1.9461999882857144,-3.3205057947142858,16.808654085714288
9100,4.73428851,6.8612228197142855,20.664360211428573,4.977360045857144,1.9172685647142858,-3.4039800798571425,17.12879680714286
9101,4.690891402857142,6.988331394285715,20.950117335714285,5.0447086265714285,1.9172685647142855,-3.387380039285714,17.322779625714286
9102,4.640379960142857,6.956554236571429,20.88656290571429,5.078382902857143,1.9172685647142858,-3.404217149142857,17.21321965142857
9103,4.582754238714286,7.035997102714286,21.06110006428571,5.246991466142857,1.9101542857142857,-3.3707799987142857,17.449176767142855
9104,4.546708536142857,6.877111426857143,20.87043723142857,5.221854336,1.8956885738571427,-3.3541799579999996,17.331079589999998
9105,4.553822815,6.575228569285715,20.759217037142857,4.943922923714285,1.9030400067142854,-3.387617108428571,17.17100834142857
9106,4.525128573571428,6.559339962142857,20.60056831714286,4.749940048142856,1.874108569,-3.2873057134285717,16.90991409571429
9107,4.561174276142856,6.400454229714286,20.552902552857145,4.665754329285714,1.874108569,-3.270468603571429,16.87623998857143
9108,4.568525680714286,6.336899970714287,20.330699629999998,4.53935716,1.859642857142857,-3.303905754,16.78351718142857
9109,4.640617142285714,6.479897152428571,20.56879099,4.581331456571428,1.8596428571428572,-3.287068644142857,17.053148630000003
9110,4.720060008428571,6.432231444000001,20.552902325714285,4.488608591714285,1.8741085690000001,-3.220431468714286,16.985799964285714
9111,4.7705714509999995,6.273345768142858,20.362476729999997,4.303162861999999,1.874108569,-3.2204314687142856,16.733005681428573
9112,4.850014317285714,6.273345768142859,20.378365394285712,4.303162862,1.881222848,-3.1703942775714284,16.690794147142856
9113,4.929457126999999,6.130348642857142,20.568791214285714,4.337074263857143,1.895688559857143,-3.220431412285714,16.84232841857143
9114,4.979968569571429,5.892020100857144,20.28303408857143,4.025231393142858,1.888337127,-3.2372685221428568,16.496811102857144
9115,5.059411435714286,5.701357210714286,20.409905481428574,3.9661828327142854,1.8809856941428573,-3.203831371714286,16.505111065714285
9116,5.117274283,5.4789171627142865,20.44168281,3.898834252,1.8665199822857144,-3.203831371714286,16.44606259
9117,5.160434264428572,5.272365721999999,20.44168281,3.6545771158571427,1.8447028375714287,-3.2704685471428574,16.159593974285713
9118,5.261694275285714,5.288254272571429,20.85454834,3.494505670428572,1.8302371187142856,-3.287068587857143,16.370414185714285
9119,5.413465728714286,5.431251397714286,21.410411164285712,3.5955285272857145,1.8520542632857142,-3.2870685878571426,16.70763131142857
9120,5.637328587142856,5.526582814571428,21.712293965714284,3.4352199842857147,1.8883371197142858,-3.2870685878571426,16.82572848857143
9121,5.947985716428572,5.685468547,22.617468344285715,3.4774314065714287,1.946199981,-3.2367943275714284,17.297642945714284
9122,6.265757124714286,6.019128562285714,23.28478837571429,3.696551412428571,2.0185285541428573,-3.1867571928571428,17.685371571428572
9123,6.5764142539999995,6.162125744142856,23.96775983142857,3.7470628550000002,2.0835056944285713,-3.103282907714285,17.988677125714286
9124,6.807628573714285,6.670560098999999,24.77783991857143,4.033531413428572,2.1342542627142858,-3.0366457322857143,18.62066283142857
9125,7.074888539428571,6.845334382,24.952614314285714,4.252651391,2.2497428384285714,-2.9199714221428574,18.58675126
9126,7.226422810571429,7.051885822857143,24.857283010000003,4.37074854,2.30736856,-2.8364971368571426,18.47719128571429
9127,7.305865676857143,7.194882948142857,24.698397277142863,4.598405692,2.3434142765714285,-2.7698599614285717,18.376168514285716
9128,7.3924228784285715,7.147217239714286,23.920094291428573,4.497145709428571,2.401277138,-2.7198228267142857,17.626322757142855
9129,7.363491454857142,7.035997215857144,23.28455158714286,4.337074264,2.422857142857143,-2.619748557142857,16.92698838714286
9130,7.334560031285712,6.908888641142858,22.36348854428572,4.210677122999999,2.437322868714286,-2.6031485164285715,15.991697014285714
9131,7.4358199855714275,6.5752285692857155,21.648739987142857,4.016931429428571,2.4804828784285715,-2.6031485164285715,15.157428525714286
9132,7.486331428142856,6.464008545428571,21.29919142142857,3.9073714547142857,2.451551454857143,-2.636585667,14.896334280000001
9133,7.616522862714285,6.162125687857142,21.187971228571428,3.713388579,2.4444371617142857,-2.6199856828571426,14.702588472857144
9134,7.760942911571428,5.939685696428571,21.06086259857143,3.435219984428571,2.422620017142857,-2.5865485322857142,14.373908322857144
9135,7.7682942597142866,5.9237970892857135,21.330968524285712,3.435219984428571,2.3792228675714284,-2.5533485074285713,14.559116814285716
9136,7.782759999714286,5.844354279571428,21.315079861428575,3.485731427,2.3287114391428574,-2.619985626428572,14.559116814285714
9137,7.768294316142857,5.828465672428572,21.15619413,3.393008562142857,2.292665722571429,-2.6033856422857142,14.458094042857143
9138,7.695965785428571,5.494805685285714,20.64799707,3.1653514244285716,2.2926657225714284,-2.569948491714286,14.154788375714286
9139,7.580477216714286,5.240588535999999,20.21924265,2.946231432714286,2.271085717714286,-2.519911356857143,13.68287403142857
9140,7.443171503285713,5.2246999288571425,19.822265557142856,2.8198342917142853,2.2566200060000003,-2.5699484915714286,13.303445595714285
9141,7.2987514544285705,5.065814253,19.29817983285714,2.7439485932857144,2.300017155428572,-2.5367485231428573,12.941091338571427
9142,7.190377221142858,5.018148544571429,19.01218547,2.7861600154285715,2.307131448428571,-2.5033113725714284,12.7727199
9143,7.204842904714285,4.843374204999999,18.869425412857144,2.600951439714286,2.3505285837142855,-2.469874222,12.612411412857144
9144,7.204842904714285,4.7162656304285715,18.980645605714283,2.600951439714286,2.3649942954285708,-2.4198370871428567,12.81445707
9145,7.219308588285713,5.018148516285715,19.393511135714284,2.7358857125714287,2.372345714142857,-2.3697999807142858,13.227322712857143
9146,7.262468569714285,5.161145698,19.615951297142857,2.8705828598571435,2.379459993142857,-2.352962842714286,13.49695416142857
9147,7.262468569714285,5.304142879714286,19.885819984285714,3.0308914309999997,2.372108560285714,-2.302925708,13.817334122857142
9148,7.284048588714285,5.447140004857142,20.34635150571429,3.2668485750000005,2.3287114108571427,-2.302925708,14.221662675714285
9149,7.334559974714284,5.463028555428572,20.362239942857144,3.1658257181428566,2.292665694285714,-2.336362858571429,14.263636972857142
9150,7.320094291142857,5.558360028857143,20.505000000000003,3.182662856285714,2.3360628438571425,-2.3698000091428573,14.440782625714286
9151,7.421117176285715,5.717245761285713,20.99730839571429,3.309059997285714,2.3431771228571425,-2.386399993428572,14.676739741428573
9152,7.471628618857144,5.637802894999999,21.124417027142858,3.2922228592857143,2.3142456992857143,-2.436437099857143,14.685039704285714
9153,7.522377187142856,5.7172457612857155,21.41017415142857,3.418620000285714,2.3505285557142854,-2.469874222142857,14.878785397142858
9154,7.587354313285714,5.606025737285713,21.521394118571425,3.334197127571428,2.437322840571429,-2.453274237857143,14.878785397142858
9155,7.674148640571427,5.590137186714286,21.727945615714283,3.1994999944285714,2.473605697,-2.486474206285714,14.937834098571427
9156,7.753591506857142,5.717245761428572,22.093382845714284,3.2163371325714287,2.5675142608571426,-2.486474206285714,15.190628380000001
9157,7.861965796714284,5.51069432057143,22.57004004285714,3.140451419857143,2.5241171112857144,-2.436437071571429,15.527608494285715
9158,7.905362847285714,5.447140061571429,22.744814440000003,2.921568567857143,2.5241171112857144,-2.369799924428572,15.76356561
9159,8.04978283957143,5.320031487,23.094363005714285,2.769797142571428,2.5385828229999996,-2.369799924428571,15.999522725714286
9160,8.165271408285713,5.0499257588571425,23.348580042857144,2.382305706142857,2.5241171111428566,-2.386399908571429,16.12591986714286
9161,8.295225717,5.0499257588571425,23.555131541428572,2.2727457174285712,2.451788552142857,-2.369562770571428,16.21010569857143
9162,8.38178280557143,4.891040026428572,23.666351508571427,2.129511424142857,2.4444371334285715,-2.4364370717142863,16.28599134142857
9163,8.446759988142858,4.684488642142857,23.650463071428568,2.0114142892857143,2.3939257048571427,-2.519674231285714,16.260854211428573
9164,8.489920026142858,4.763931508285714,23.523354439999995,1.969202867142857,2.3939257048571427,-2.6363485414285712,16.06710840428571
9165,8.489920026142858,4.652711484285715,23.348580042857144,2.0028771575714286,2.4012771377142856,-2.8196599987142856,15.923874097142857
9166,8.417828621142856,4.652711484285715,23.12614010857143,2.036551448,2.379459993142857,-2.853097149285714,15.738665492857143
9167,8.359965774,4.636822905428572,22.871923071428572,2.1122000208571428,2.3721085744285717,-2.869934315714286,15.55345688857143
9168,8.258942888857144,4.446160043571429,22.58592870714286,2.0616885922857144,2.350528569571428,-3.020045748142857,15.393385414285714
9169,8.157920003714286,4.350828598571429,22.20460304,2.002640017857143,2.321597131857143,-3.0200457481428566,15.10691679857143
9170,8.035317099571428,4.191942866142857,21.791737282857145,1.9352914441428573,2.299779987285714,-3.0034457074285714,14.769699672857143
9171,7.869317031714284,4.096848575,21.26765155857143,1.8762428695714288,2.2708485637142855,-2.9033713814285713,14.424182582857142
9172,7.695965672428572,3.954088575428571,20.71178873428571,1.791820003857143,2.249268558857143,-2.836734206,14.01985414142857
9173,7.486331371714285,3.7477742885714282,20.092371479999997,1.699097146,2.2205742749999997,-2.820134221857143,13.606751374285713
9174,7.248002829571428,3.636791418571428,19.53650865571429,1.6654228555714286,2.1774142652857145,-2.703222786,13.261234284285711
9175,7.016788566428572,3.5099199978571427,18.964757167142857,1.5980742855714285,2.155834260428571,-2.469874194,12.907417117142858
9176,6.7421771961428565,3.3830485771428576,18.361228578571428,1.6402857077142856,2.119788557857143,-2.269725626857143,12.595574247142855
9177,6.482031509428571,3.5101571517142856,17.964014248571427,1.808894278142857,2.0837428552857142,-2.052977075571429,12.418665719999998
9178,6.279748669857143,3.5893628640000004,17.471468614285715,1.8679428527142858,2.0548114317142856,-1.919702809571429,12.132197105714287
9179,6.0919315138571415,3.7480114141428578,17.106031611428573,1.994340000857143,2.0329943011428573,-1.7195542424285717,11.896239877142857
9180,5.940397242571428,3.9384370938571434,17.15369737714286,2.1375742871428574,2.0329943011428573,-1.5360056594285716,12.233457002857142
9181,5.803091529285713,3.9702142515714285,17.233140244285714,2.196622854571429,2.0256428824285715,-1.319257094,12.50308845142857
9182,5.680251499428572,4.224194275142858,17.58268881,2.3313199911428577,2.011177170714286,-1.2357828087142857,12.781019864285714
9183,5.579228614285715,4.430508533714286,17.836905845714288,2.4491799861428576,2.011177170714286,-1.1188713728571429,13.202422710000002
9184,5.478205729142857,4.3192885379999995,17.868682947142858,2.3396199831428572,1.9967114448571428,-0.9687599545714285,13.413242695714287
9185,5.377182844000001,4.541728557714285,18.551654402857142,2.4745542560000002,1.989597151857143,-0.7683742475714285,14.087202697142857
9186,5.283274237714286,4.557617164857143,18.742317235714285,2.407205675285714,1.9751314260000001,-0.6738333038333333,14.609628428571428
9187,5.160434208,4.637060031142857,18.917091631428573,2.4325799594285713,1.9533142814285716,-0.5414759826,14.617928392857143
9188,5.066525601714287,4.922817184142858,18.980645832857142,2.6602371112857144,1.9388485555714288,-0.60563498275,14.820211175714286
9189,4.965502773142857,4.716502869,18.408657332857143,2.567514260571429,1.9243828437142858,-0.479059988,14.449556841428572
9190,4.864479944428572,4.748280026857143,18.45632309714286,2.693911401714286,1.8883371200000003,-0.3429400255,14.559116815714285
9191,4.7705713947142865,5.0024971478571425,18.869188852857143,2.9467056838571426,1.8667571221428574,-0.166980015,14.912933982857144
9192,4.676662845,5.050162856285715,18.82152308857143,3.0982399834285714,1.8378256914285716,1.0,14.946608315714288
9193,4.597220035428571,5.081940014142857,19.202611517142856,3.4015457081428573,1.8162456935714288,1.0,15.224539727142858
9194,4.553822928285714,5.034274305714286,18.85306295142857,3.393008562142857,1.801779981714286,2.166980015,15.089842621428572
9195,4.510662946857143,5.050162856428572,19.027837348571428,3.426682838428572,1.7946657027142858,2.166980015,15.308962797142856
9196,4.489082927857142,5.463028555857143,19.75847434285714,3.7975742695714287,1.787314269857143,2.166980015,16.05050847714286
9197,4.489082927857142,5.55835997257143,19.567811509999995,3.721688571142857,1.794428555857143,2.108880021,15.80601427142857
9198,4.481731523285714,5.510694264142856,19.31383148571428,3.544542861857143,1.8088942747142858,2.0114933550000003,15.511008454285713
9199,4.481731523285714,5.494805657,19.218737194285712,3.5699171460000003,1.8160085607142857,2.0114933550000003,15.5449198
9200,4.481731523285714,5.494805657000001,19.0283116,3.460357143,1.8231228467142857,2.0114933550000003,15.300662721428571
9201,4.496197206714286,5.621914231571429,19.139531567142857,3.6375028522857145,1.8231228467142857,1.9340266963333335,15.317499888571431
9202,4.4888458021428566,5.494805657000001,18.99653427142857,3.5784542918571427,1.8157714138571428,1.9340266963333335,14.988819738571427
9203,4.481494397571429,5.367697082285715,18.79022001285714,3.3761714240000003,1.8157714138571428,1.9340266963333335,14.853885621428573
9204,4.474142936428572,5.463028555714287,19.123879914285716,3.5025685650000002,1.8157714138571428,1.9340266963333335,15.165728492857143
9205,4.488608619857143,5.367697138857144,19.10799125142857,3.586991437714286,1.8157714138571426,1.992680033,15.233314170000002
9206,4.510188638857143,5.383585746,19.07621415,3.5701542995714286,1.8231228467142855,1.992680033,15.199402824285716
9207,4.546471467,5.304142879714285,18.94910551857143,3.460594296714286,1.8304742795714284,1.992680033,15.064468480000002
9208,4.582517169571429,5.256477171285714,19.123879688571428,3.351034293714286,1.8449399914285713,2.050780027,15.131817145714285
9209,4.654845700285714,5.113480046,18.885551090000003,3.250011436857143,1.866757136142857,2.050780027,14.88732294
9210,4.74875425,5.161145811,18.964993955714284,3.3512714477142858,1.8956885738571427,2.050780027,14.862185582857142
9211,4.835548520857143,4.8274857955714285,18.83788555142857,3.0816400134285717,1.910154285714286,1.0,14.491294122857145
9212,4.936808531714286,4.811597188428571,18.583668514285712,2.904731429714286,1.9246199975714284,1.0,14.179451365714286
9213,5.066762784,4.620934298285714,18.377117017142858,2.6265628494285713,1.9462000024285715,1.0,13.716074224285714
9214,5.1748999481428575,4.525840007142857,18.32945125142857,2.601425705,1.9677800072857143,1.0,13.674099927142858
9215,5.305091382571429,4.398731432571428,18.01168001285714,2.517002860571428,1.9677800072857143,1.0,13.446679899999998
9216,5.500022817428572,4.398731432571428,18.281785712857143,2.415742849714286,1.9893600121428572,1.0,13.58161413
9217,5.789099984142858,4.176291412857142,18.5198773,2.3230199849999997,2.0327571475714286,1.700519985,13.766822734285713
9218,6.077940025285714,4.430508562,19.17107142857143,2.3230199849999997,2.083268576,1.700519985,14.15455136
9219,6.395711433571429,4.684725711285714,19.854042884285715,2.5336028448571426,2.1408942974285714,1.700519985,14.432482771428571
9220,6.713719967428571,4.827722893,20.282797077142856,2.558977128857143,2.242154294142857,1.9337499999999999,14.601091334285714
9221,7.067774203857143,5.034037151714285,20.83865990285714,2.609488557428571,2.350528569857143,1.8947400076666667,14.609391411428572
9222,7.400011408714286,5.081702860142856,21.521631132857145,2.6348628415714286,2.4589028595714284,1.9922650012499998,14.710414184285714
9223,7.609645652857142,5.447139976857144,21.74383405571429,2.7697971287142855,2.567277135142857,2.0039680064,14.609154174285715
9224,7.696202798000001,5.749022806285715,21.489854031428568,2.7697971287142855,2.6396057082857145,2.0972600124,14.036217058571427
9225,7.746714183999999,5.6695799401428575,20.822771238571427,2.8456828412857145,2.6903542907142857,2.2259100233333333,13.387394187142858
9226,7.7611799239999995,5.383585689571428,20.394016819999997,2.7697971145714284,2.6977057094285715,2.384440007142857,13.025039931428571
9227,7.724897095714285,5.463028499285714,20.09237125857143,2.963542822285714,2.6469571411428565,2.451314294142857,12.780545612857141
9228,7.760942798142856,5.590137073857143,19.790725695714286,2.9552428301428573,2.610911424428571,2.601662873428571,12.586799807142857
9229,7.753591336999999,5.812577065285715,19.615951525714284,3.047965695,2.560399996,2.651700022285714,12.477239832857142
9230,7.861728557571429,5.812577065285715,19.711283055714286,3.0816399994285715,2.560399996,2.7852114422857146,12.443565612857144
9231,7.926705627142858,5.860242773571429,19.743060157142853,3.123614296,2.502537134571429,2.8020485804285715,12.36767997
9232,8.013499954571428,5.876131324285715,19.63184019,3.2163371607142857,2.466254278,2.852085715142857,12.241282828571428
9233,8.020614233571427,5.971462741142857,19.377623152857144,3.182662884571428,2.480719989857143,2.735411447428571,12.081211354285713
9234,8.006148550142855,5.7966884581428575,18.900965955714288,3.047965751428571,2.531468558142857,2.7854485821428576,11.693719967428573
9235,7.854614335428571,5.526582758285713,18.376642994285714,2.9384057484285715,2.567514274857143,2.902122864,11.188131402714285
9236,7.775171469285714,5.2405885077142855,17.59834000857143,2.854220029571429,2.5819799865714286,3.135708581571428,10.497097108285713
9237,7.645217160571428,5.177034248571429,16.692928391428573,2.921568582,2.560399995857143,3.4024943241428574,9.772388481714286
9238,7.565774350999999,5.081702831857143,16.07327412571429,2.9974542804285713,2.610911424428571,3.769354350285714,9.098191298142856
9239,7.478980023571428,5.065814281142857,15.62839403,2.8793571315714286,2.6543085598571428,3.969502917428571,8.710462673
9240,7.428468581,5.224700013571429,15.104308307142857,2.9467057122857137,2.6687742858571433,4.453274322714286,8.103851280285713
9241,7.37795713842857,5.320031486857142,14.739108315714285,3.039191423142857,2.6180257175714283,4.887008635714286,7.758334133428571
9242,7.385071417428572,5.55836008542857,14.627888347142857,3.291985705285714,2.6180257175714283,5.270705785714286,7.631936992428572
9243,7.370605677285714,5.780800076857142,14.786774078571428,3.3507971400000005,2.719048588714286,5.654402935857143,8.02796558257143
9244,7.327208513571427,5.780800076857143,15.056880004285713,3.3676342781428574,2.7116971558571428,5.921425775714285,8.306134233571429
9245,7.370605620714286,5.574248636,15.358762805714283,3.1821885767142852,2.726162867571429,6.255085734571429,8.601139994428571
9246,7.356139937285714,5.68546866,15.61298006857143,3.190725722714286,2.726162867571429,6.488671423857143,8.862471479142856
9247,7.377719956285714,5.478917219142857,16.200619994285717,3.089702851571428,2.733277146428572,6.471834314,9.368059986142855
9248,7.442697082285713,5.415362903571428,16.772371482857146,3.039191437285715,2.7550942770000004,6.321722853428571,9.831437184142857
9249,7.507674208428571,5.335920037428571,17.09014294857143,2.9127942962857145,2.726162853285714,6.205048543285714,10.185254351285712
9250,7.551071372142856,5.208811462857143,17.360248648571428,2.9464685724285715,2.65407142,5.871388527999999,10.210628607
9251,7.673911345428571,5.097591439,17.614465684285715,2.8200714312857147,2.6614228528571426,5.671239932714285,10.480259942571427
9252,7.731774192571428,5.224700013571429,17.979902912857142,2.9550057182857143,2.6685371318571427,5.471091393714286,10.952174173857143
9253,7.905125608428571,5.2088114064285715,18.66287436857143,3.0308914450000004,2.711934267285714,5.4376542997142865,11.533648492857143
9254,8.064011340714286,5.224699957142858,19.377622925714284,3.1487514542857142,2.654071406,5.421054259142857,12.23298275142857
9255,8.259179901285714,5.1452570909999995,20.187702785714286,3.1150771497142857,2.6467199872857146,5.5545656789999995,12.85666838
9256,8.403599893571428,5.113479933142857,20.854785577142856,3.081165719571428,2.6540714202857143,5.621202854428572,13.404468479999997
9257,8.576951366,5.2088113499999995,21.458314167142856,2.9464685722857142,2.632254275571429,5.821351449714286,13.935431300000001
9258,8.656394232285715,5.224699957142858,21.96651122714286,2.8537457217142856,2.588857126,5.9214257755714295,14.365134108571429
9259,8.728485750428572,5.161145698142858,22.363488320000005,2.710511428428571,2.538345711571428,5.938262885428571,14.710651312857143
9260,8.728485750428572,5.049925730714286,22.601816918571426,2.5841142732857136,2.4660171525714287,5.921662844714286,14.929771148571431
9261,8.714020067,5.0499257307142855,22.649482682857144,2.457717118,2.487834297142857,5.938262885285715,14.980282647142857
9262,8.576714353714285,5.065814337857143,22.57003981714286,2.424042841857143,2.4083914309999996,5.971462910142857,15.030794147142858
9263,8.446760101428572,4.970482921,22.522374052857142,2.3989056974285714,2.3144828530000003,6.054937195428573,15.081305420000003
9264,8.309454388,4.779820087285715,22.39526564857143,2.3735314134285717,2.263971424571429,6.138411480714287,15.081305420000001
9265,8.157920116714285,4.636822933714286,22.188714377142862,2.3735314134285708,2.227925708,6.1884486154285705,15.005419778571428
9266,7.999034384285715,4.5414915168571435,21.823277147142857,2.339857137285714,2.177414279571429,6.305122925571427,14.794836918571429
9267,7.796751544714286,4.430271492857144,21.362745625714286,2.3230199991428573,2.119788558,6.421797235714285,14.550342714285716
9268,7.6378657557142855,4.3667172337142866,20.96576853428571,2.306182861142857,2.0908571344285716,6.438634345571428,14.306085521428571
9269,7.529491522428572,4.255497209714286,20.489348575714285,2.2302971485714287,2.134254283857143,6.355397185999999,13.985942685714283
9270,7.399537213714285,4.223720052,20.012928617142858,2.179785720142857,2.1703000004285715,6.205285725285714,13.674099927142857
9271,7.204605722285714,3.8426314681428577,19.552397095714287,1.842805719142857,2.1776514191428573,6.038337154714286,13.353719967142855
9272,7.023902901714286,3.985628621714286,19.53650843285714,1.977740020285714,2.1631857072857144,5.921662844571428,13.53086562
9273,6.771108563142858,4.001517172428572,19.615951298571424,2.1209743135714283,2.1416057024285715,5.754951399714286,13.834171287142857
9274,6.576177128285714,4.1604029048571425,19.600062634285713,2.1797857341428575,2.127139990714286,5.588239954857143,14.070128515714286
9275,6.3162685672857135,4.287511479571428,19.663616837142857,2.3483943114285712,2.1055599858571425,5.571402845,14.263874209999999
9276,6.092405708714286,4.637060045571429,20.044705491428573,2.626562891714286,2.0839799809999997,5.654640004571428,14.71871415
9277,5.911702831714285,4.986608611571428,20.50523701142857,2.972080010428571,2.0623999761428573,5.654640004571428,15.33409992857143
9278,5.7454656947142855,5.5583600291428565,21.04521139857143,3.671414282285714,2.0405828455714285,5.571165719428572,16.050508477142856
9279,5.608159981428571,5.812577178285714,21.458314167142856,3.9073713979999996,2.0405828455714285,5.554328609571429,16.53072289857143
9280,5.507137152714286,6.003240068428572,21.267888572857142,3.881997085571428,2.0405828455714285,5.5709285938571425,16.51388573285714
9281,5.391648584,6.1303486430000005,21.521868597142856,4.126491375571429,2.0405828455714285,5.537491443428571,16.834028454285715
9282,5.326671457857143,6.289234318857143,21.728182855714287,4.219214240428571,2.018765701,5.454017158285715,17.238594245714285
9283,5.232762851714285,6.352788634428571,21.759959957142854,4.328774215142857,2.0042999892857143,5.370779998714285,17.575811372857142
9284,5.138854301857142,6.209791509142856,21.410648404285713,4.202377102285714,2.0042999892857143,5.270468603714286,17.331317054285716
9285,5.073877175714285,6.336900083714286,21.331205538571428,4.143328570142857,1.9898342634285715,5.2873057135714285,17.44917699285714
9286,5.001785714142857,6.1780143512857135,20.94987987,4.000094291000001,1.9824828447142857,5.203831428428572,17.17100834142857
9287,4.922342848,6.209791452571428,21.140305464285717,3.789511445285715,1.9606657001428573,5.170394334285713,17.432102587142857
9288,4.871831405428572,6.114459979142857,20.96576830714286,3.696788580428571,1.9606657001428573,5.0703200648571425,17.297405482857148
9289,4.799502818142857,6.082682877857144,21.04521117285714,3.840022831428572,1.953551421142857,4.987082905285715,17.423802624285717
9290,4.741639970857142,6.0667942707142855,21.172319804285713,3.8819971279999996,1.9390857092857143,4.8867715102857145,17.533362598571433
9291,4.698479989428571,6.193902845428572,21.585185560000003,4.033531427571428,1.9172685647142858,4.8867715102857145,17.895716855714287
9292,4.6553200079999995,6.035017113,21.235874005714283,3.9493456805714287,1.9246199975714284,4.853334359714286,17.491388302857143
9293,4.619274305428571,6.003239955285714,20.823008250000004,3.966182818714285,1.9175057045714285,4.886771453714286,17.08705975
9294,4.582991477285715,6.178014238285714,20.950116881428574,4.438097092571429,1.9103914255714287,4.8367342625714285,17.129271285714285
9295,4.568525793714286,6.479897096,21.15643114,4.665754244428571,1.9030399927142856,4.986845666714286,17.424277102857143
9296,4.568525793714286,6.321011363571429,20.39401704428571,4.345611409857143,1.9175057045714285,5.1203570865714285,16.691031387142857
9297,4.575877254857143,6.162125687714286,20.060356915714287,4.160402834142857,1.9319714164285713,5.103757045857143,16.25279148857143
9298,4.575877254857143,6.193902788857144,19.996802712857143,4.320474251428572,1.9319714164285713,5.020519886142857,16.370888665714286
9299,4.582991533857142,6.416342836857143,20.39377980571428,4.446871420714285,1.9246199835714286,4.903845604285714,16.69103161285714
9300,4.561174389142857,6.686448536714286,20.94964285714286,4.707965723142856,1.9101542717142856,4.803771334857143,17.39890296
9301,4.597457217285714,6.638782828285715,20.71155149714286,4.5478943058571435,1.9317342765714287,4.737134216,17.22199432
9302,4.6335029198571425,6.5752285691428565,20.663885958571427,4.513982847428571,1.953551421142857,4.5870228118571434,17.078522772857145
9303,4.7058315071428565,6.781780009999999,21.378634515714285,4.766777129571429,1.953551421142857,4.436674225571429,17.676834144285717
9304,4.777922912285715,6.813557111285715,21.41041161714286,4.800451434,1.968017132857143,4.3866370908571435,17.685371347142855
9305,4.886060019857142,6.638782828285714,20.997545861428573,4.4549342869999995,1.9898342774285713,4.303162805714286,17.07852277142857
9306,5.008899993142857,6.432231387428573,20.680011634285712,4.177002846428572,2.018765715142857,4.153051401571429,16.589771374285714
9307,5.117274283,6.257457104428573,20.552903002857143,3.8990714058571427,2.0621628505714287,3.852828550857143,16.193743011428573
9308,5.218297168142856,6.146237137,20.568791441428573,3.8568599835714283,2.0695142692857145,3.535768547857143,16.06734587
9309,5.3266714578571435,5.844354279428572,20.63234564285714,3.6294400138571428,2.0766285624285716,3.1686714101428572,15.764040315714285
9310,5.471091450142857,5.780799963857143,20.616456978571428,3.5113428648571423,2.112674279,2.8684485735714285,15.45243457142857
9311,5.680488568571429,5.701357097571429,20.79123137428571,3.519642857,2.148719995714286,2.6182628717142857,15.334337392857142
9312,5.897237148142857,5.796688571,21.36298286285714,3.545017141142857,2.1918800054285716,2.468151439285714,15.730365982857142
9313,6.164497170285714,5.749022862714286,21.728182854285713,3.6797142742857147,2.2642085785714285,2.434714288714286,15.882137265714286
9314,6.504085723142857,5.733134312,22.01417721857143,3.6628771361428574,2.3218343,2.5181885881428565,15.957785668571429
9315,6.85790289042857,5.907908595,22.156937274285713,3.7807371312857145,2.3723457284285714,2.5350257404285714,15.654242874285712
9316,7.2622315004285705,6.225680003285715,22.442931638571427,3.9325085282857137,2.451788580428571,2.535025740428572,15.822851324285713
9317,7.500560099,6.479897152428572,22.411154537142856,4.084279953428571,2.5167657207142855,2.484988605714286,15.662542837142857
9318,7.746240158714286,6.67056004257143,21.489854482857144,4.075979961285714,2.6033228517142852,2.384914322142857,14.676502726571426
9319,7.919591574714287,6.845334325571429,19.66314303857143,4.269725683,2.6611856990000002,2.2680028934285716,12.392816939142858
9320,7.919591574714286,7.035997159142857,17.026588802285715,4.370748568142857,2.7188114204285716,2.2179657445714285,9.746777054714286
9321,7.970103073857144,7.226659992857144,13.77038011557143,4.5813314279999995,2.7622085558571428,2.134491445142857,6.468751350857143
9322,7.9051258912857145,7.1948828350000005,12.388548654142857,4.682591438857143,2.8127199844285715,2.1510914434285713,5.3060398950000005
9323,7.782522986999999,7.1789942842857135,9.291225714285714,4.749940047857143,2.841651408,2.2846028634285713,2.3566942287142862
9324,7.768057247,7.004220001285715,7.464751395714286,4.808988636428572,2.8850485434285713,2.4515514339999998,0.46073709071428554
9325,7.739125766857143,7.067774260428571,5.7494971574285705,4.960522907714286,2.935797139857143,2.6351000028571425,-1.1233771542857143
9326,7.724660083285714,7.1948828350000005,3.859468522142857,5.103757158714287,3.015240006,2.902122864,-2.673817133714286
9327,7.883545759142856,7.290214251857142,5.241299928428572,5.112294304714285,3.029705717857143,3.1357085675714282,-1.1233771084285713
9328,7.898011442714285,7.258437150571429,6.083157074142858,5.078620028571429,3.008125727142857,3.3692942711428566,-0.39866848171428576
9329,7.948759954428572,7.178994284428572,6.750239978428572,4.867800014714286,3.008125727142857,3.452768556428572,0.1996429472857145
9330,7.977691321571428,6.877111426857143,8.497508444,4.631842870714286,3.001011448285715,3.469368568857143,1.7247086602857142
9331,7.970577042571429,6.765891459428572,8.100294169571429,4.370511442571429,2.9720800247142862,3.4193314341428573,1.60684866
9332,7.869554213857143,6.622894334142857,9.990322805,4.1853028668571435,2.8997514375714286,3.352457133,3.435457222714286
9333,7.840859859428572,6.178014294857143,13.135311396,3.755600029285715,2.8058428595714284,3.3190199824285718,6.359428633857143
9334,7.775882789857143,6.082682878000001,13.993057134571428,3.654577144142857,2.8131942641428576,3.218945713,6.999951428714286
9335,7.804814156857142,6.066794270857144,16.08963720985714,3.4776685604285715,2.8058428312857147,3.118871443571429,9.039379977285714
9336,7.869791339428572,6.2256800032857145,16.550405742714283,3.6211399652857144,2.8058428312857147,3.1520714401428576,9.544968541285714
9337,7.905837155,6.575228569285714,16.899717295571428,3.806585666714285,2.8200713891428566,3.1354714277142857,10.118142840285714
9338,7.912951434,6.702337087285714,18.66287436857143,3.8656342271428565,2.8634685244285714,3.1855085624285713,11.904539952857144
9339,7.941882857571428,6.845334212571429,19.58417442285714,3.9751942301428573,2.8850485151428567,3.2355457254285716,12.595574247142858
9340,7.970577212,7.099551361714285,20.235368777142856,4.287037072714285,2.885048515142858,3.235545725428572,13.269771487142858
9341,7.970577211999999,7.115439912285714,20.823008702857145,4.44710849,2.769322820714286,3.2021085748571427,13.884920025714283
9342,7.919828700285714,7.242548543428572,21.25200013571429,4.666228495857142,2.8198342632857143,3.202108574857143,14.398808554285713
9343,7.955874402857142,6.734114245,21.585423025714285,4.278499955,2.8271856961428576,3.135471427714286,14.398808554285713
9344,7.991920105428571,6.702337087285714,21.934971592857146,4.168939952000001,2.8129571382857144,3.1188714435714284,14.550342825714287
9345,8.100294395142857,6.638782828285714,22.268394482857143,4.093054253571429,2.7840257147142853,3.102034305428571,14.65136571142857
9346,8.215782963857142,6.575228569142857,22.173062952857144,3.966657112428572,2.747980012142857,3.2021085748571427,14.592317235714289
9347,8.367554360714285,6.464008601714286,22.22072849285714,3.8234228614285715,2.7840257147142857,3.152071440142857,14.634528544285715
9348,8.54090577657143,6.384565792142857,22.44316865285714,3.6801885822857137,2.914217149142857,3.179856685666667,14.685040044285715
9349,8.750540020714286,6.225680059714286,22.60205438428571,3.435694292285714,2.878171418428572,2.537436678166667,14.67674008
9350,8.931005772142859,6.559340075142857,23.046934479999997,3.705325712428572,2.870819985571429,2.0704233465,15.148654311428572
9351,9.089891504428572,6.416342949857142,23.87290300428571,3.595765709428572,2.8129571241428573,1.622776663,15.814551361428572
9352,9.212731534285714,6.336900083714285,24.333671537142855,3.5030428445714286,2.784025700571429,1.3270199848000002,16.176905617142857
9353,9.306640084,6.178014351428572,24.572000135714287,3.427157146142857,2.776911421714286,1.0468119908000002,16.36235123428572
9354,9.306640084,6.050905776857142,24.635554564285716,3.2334114244285717,2.7048200024285713,0.533124975,16.387488364285716
9355,9.28482293942857,5.9555743034285715,24.540223034285713,3.1658257180000002,2.5819799867142854,0.346291986,16.32013969857143
9356,9.16198290957143,5.733134255428572,24.429002841428574,3.047965723,2.488071422857143,0.2994799751999999,16.311602495714286
9357,8.981517158142859,5.5424713652857145,24.222451344285712,3.031128584857143,2.4015142777142855,0.32852997474999995,16.235716854285716
9358,8.808165629142858,5.383585633000002,23.968234307142858,3.0899400195714284,2.343651430571429,0.3769466406666666,16.184968342857143
9359,8.656394119142858,5.320031374,23.809348574285714,3.123614295714286,2.2497428667142856,0.3769466406666666,16.134456844285715
9360,8.519088405857143,5.256477115,23.61868574,3.1150771497142853,2.1703000004285715,-0.635100024,16.100782511428573
9361,8.374668470142856,5.272365665571428,23.380357141428572,3.1570514179999996,2.126902865142857,-0.479060021,16.008296715714287
9362,8.179737035142855,5.192922856,22.951365709999997,3.0897028372857145,2.083505729857143,-0.5180700465,15.746965457142858
9363,8.013499954714286,5.097591439285714,22.474708738571426,3.0643285531428575,2.083505729857143,-0.166980015,15.43535971285714
9364,7.840148538857142,4.9863714717142855,22.029828642857144,2.9042571217142856,2.076154311142857,-0.166980015,15.190865394285714
9365,7.681262863142856,4.875151504142857,21.52163135714286,2.7610228425714283,2.097971441714286,0.7667699849999999,14.853885392857142
9366,7.493445763714286,4.716265771714285,20.949880095714285,2.659999999857143,2.1197885722857146,1.156040003,14.407345529999999
9367,7.276697184142857,4.382842910285715,20.26690864,2.457717132,2.1342542841428576,1.156040003,14.086965570000002
9368,7.038368585571428,4.208068627285715,19.552160082857142,2.306182860714286,2.141605702857143,1.8175500119999999,13.623351415714284
9369,6.807154266,4.1445143117142855,19.012185695714287,2.2302971481428573,2.141605702857143,1.817273349,13.28637130142857
9370,6.604871426428572,3.9223114741428566,18.424545544285714,2.0870628548571433,2.141605702857143,1.8756500185,12.924017157142856
9371,6.381008567857143,3.9540885754285715,17.93223714857143,2.0365514264285713,2.127139991,1.8756500185,12.587037155714286
9372,6.207657151857142,4.0653085429999996,18.02733144,2.2388342941428574,2.0982085674285713,1.9340266963333335,12.848368527142856
9373,6.070588564142857,4.160639959857143,18.392531431428573,2.424042855714286,2.076391436857143,1.8947400243333334,13.303445592857141
9374,5.95509999542857,4.478174214142857,18.519640062857142,2.609488557142857,2.0545743062857142,1.8752350240000002,13.413005567142859
9375,5.875657129285713,4.684725654857142,18.773857098571426,2.8115342709999998,2.0327571757142855,1.9803960132,13.64066272
9376,5.796214263142858,4.938942804,19.091628562857146,3.0897028514285716,2.0111771708571426,2.0972600025999997,14.078665605714287
9377,5.709657118,5.399474240142857,19.79048868142857,3.4266828664285716,1.9895971659999998,2.1908840044,14.870722671428572
9378,5.644679991857143,5.764911413285715,20.457571472857143,3.797337171857143,1.975131440142857,2.3039300166666665,15.679616904285714
9379,5.558122846714285,5.844354279428572,20.36247718142857,3.7214514451428573,1.9822457331428571,2.3846771682857146,15.822851212857143
9380,5.43528287342857,6.162125744142857,20.18794002285714,3.7553628752857144,1.9677800072857143,2.5181885811428573,15.873362711428573
9381,5.334260044714284,6.352788634285714,20.50547424857143,3.932271459,1.9533142814285716,2.701737157,16.30330264571429
9382,5.204068610142856,6.479897209,20.50547424857143,4.109417168428571,1.9388485555714288,2.8852857399999996,16.665657015714288
9383,5.117511465,6.686448649857142,20.981894434285714,4.1767657208571425,1.9459628485714286,3.0187971600000005,17.095596951428572
9384,5.0380685988571425,6.7023372004285715,20.966005771428573,4.278025703571428,1.9459628485714284,3.0353971582857144,17.078759785714286
9385,4.972854290571428,6.591117176571429,20.632582882857143,4.227514261,1.9459628485714284,3.0519971424285717,16.84280267
9386,4.900525703428571,6.575228625857144,20.83889714142857,4.337074264,1.9314971227142856,3.1020342771428573,16.859639835714287
9387,4.850014260857144,6.686448593285713,21.108765602857144,4.539119977857143,1.9314971227142856,3.285582860142857,17.01971131
9388,4.821082837285714,6.750002852285713,21.235874234285713,4.665517118857143,1.9388485555714288,3.585805725,17.087059975714286
9389,4.821082837285714,6.750002852285713,21.61696288857143,4.682354285142858,1.9533142814285716,3.9028656995714286,17.263968388571428
9390,4.785037134714287,6.686448536714286,21.267414095714287,4.690891431142857,1.9317342765714287,4.286562877857143,17.204919912857143
9391,4.756105711142857,6.908888584714286,21.315079859999997,4.892937144857143,1.9172685647142855,4.620222865000001,17.39866571857143
9392,4.7418771532857145,7.0677743170000005,21.41041139,5.027871431857143,1.9101542857142857,4.753734285,17.415502884285715
9393,4.727411469714285,7.131328576142857,21.299191422857145,5.078619971857143,1.9030400067142854,4.786934281571429,17.322780075714288
9394,4.727411469714285,6.972442843714286,20.902214331428574,5.002971399142857,1.9030400067142854,4.636822849142858,17.179545768571426
9395,4.720060008571429,6.956554293000001,20.648234307142854,4.986134232714285,1.895688573857143,4.636822849142858,17.00263712857143
9396,4.7418771532857145,7.020108552000001,20.457571474285714,4.9524599,1.895688573857143,4.619985739285715,16.766680012857144
9397,4.813968614857143,6.781780009857144,20.314811644285708,4.901948457428571,1.9246199974285716,4.636585723428572,16.438000088571428
9398,4.886297145571429,6.241568553571428,19.568285987142854,4.354385610857142,1.9606657141428572,4.8867714534285716,15.536382935714286
9399,4.979968569571428,6.1621256874285715,19.75871158142857,4.185777047571428,1.9895971377142858,5.237031481142857,15.629105744285713
9400,5.0667628402857146,6.241568553571429,19.854043111428574,4.236288490142857,2.032994273142857,5.720802900714287,15.721828552857144
9401,5.174900004428571,5.971462853857143,19.647491612857145,3.974957062,2.0763914225714286,6.338085768428571,15.317262760000002
9402,5.261694331714286,5.780799963714286,19.440940115714284,3.7138628161428575,2.1053228602857144,6.5885086241428565,15.030794145714285
9403,5.362717160428572,5.5901371300000005,19.425051451428573,3.562091419142857,2.141368562857143,6.755457194714286,15.064468478571428
9404,5.471091393714286,5.653691389142857,19.488605654285717,3.4862057207142856,2.177414279571429,6.688820019428571,15.08130541857143
9405,5.651557145,5.812577065000001,20.076245580000002,3.629440014,2.2208114148571427,6.405197138857142,15.46049684142857
9406,5.7817485795714285,5.669579939714285,19.996802714285714,3.536717149142857,2.263971424571429,6.07153712357143,15.241376892857144
9407,5.940634312,5.621914231285714,19.790488455714286,3.267085729,2.3144828530000003,5.943756655166667,14.870485434285714
9408,6.135802872571429,5.9237970888571425,20.171577111428572,3.3512714477142858,2.3649942814285714,5.671239978,15.174028228571428
9409,6.468040020857143,6.082682821285714,20.711551498571428,3.334434281285714,2.4444371334285715,4.2931079506000005,15.350936868571427
9410,6.8076286302857145,6.1144599791428575,21.251762898571428,3.401782862,2.5241171394285713,3.62736491375,15.367774035714287
9411,7.074888652428571,6.1144599791428575,21.632851552857144,3.250011436714286,2.538582851142857,2.80981495125,15.46049707
9412,7.255591473,6.130348586285714,21.85529148714286,3.1994999941428572,2.5601628559999994,2.25537499025,15.53638271142857
9413,7.50103435042857,6.146237137000001,21.934734352857138,3.1321514135714286,2.683002857571428,1.6617866556666663,15.435359938571427
9414,7.7464771714285705,6.130348586428573,22.299934344285713,3.2163371322857146,2.747979997857143,1.7880849954999998,15.427059974285713
9415,7.977454365428572,6.178014294857143,22.474708514285712,3.2248742782857143,2.812957152285714,1.8406240017999997,15.224777191428572
9416,8.078477250714286,6.273345711714286,21.918845464285717,3.351271419428571,2.8924000184285714,2.2144560174,14.643302985714286
9417,8.114522953142858,6.321011420142858,21.14054270428571,3.267085700714286,2.8995142972857146,2.1871766856666666,13.92713144857143
9418,8.150568655714286,6.352788577857143,20.473459685714285,3.309297151285714,2.9716057165714287,2.323573360833333,13.092862847142856
9419,8.201080154857141,6.543451411571428,20.187702561428573,3.5030428729999996,3.0365828710000002,2.2845080258,12.620948615714285
9420,8.237362982999999,6.718225694571428,20.171813897142858,3.654577172428571,3.0294685638571432,2.2845080258,12.47771430857143
9421,8.331271532714286,6.734114245142857,19.88605677142857,3.6292028882857146,3.0439342755714285,2.3138900285,12.191245807142858
9422,8.410951524571429,6.750002852285715,19.584411208571428,3.7892743055714284,3.0368199684285715,2.401593362333333,11.91307726857143
9423,8.533791441285715,6.750002852285715,20.07671983,3.7639000214285714,3.007888544857143,2.6351000239999998,12.233220102857143
9424,8.598768624,6.940665685857143,20.489585585714284,3.923971466857143,3.0007742660000005,3.219420021,12.688060154285713
9425,8.620585768571427,6.988331394285715,20.854785577142856,3.949108597,3.000774266,1.0,13.008202988571428
9426,8.606119972,6.622894277571429,20.473459910000003,3.5950543040000005,2.979194247,1.0,12.805920092857145
9427,8.512211422285715,6.114697161285713,19.885819984285714,3.2495371500000005,2.921331399857143,1.0,12.40135430142857
9428,8.411188650142858,5.860480012142857,19.82226555571429,3.0643285742857143,2.942911418857143,1.0,12.426491431428571
9429,8.266531475571428,5.526819996714286,19.599825394285713,2.693674297142857,2.935559986,1.0,12.300094291428573
9430,8.078714376142857,5.1454942728571424,18.726191105714285,2.567277156,2.863468538571429,1.0,11.550248534285714
9431,8.049782896,4.732391391285715,17.995553885714283,2.2808085552857142,2.8776970964285717,1.0,10.834077110857143
9432,7.977454365285714,4.732391391285715,17.550911028571427,2.2388342587142858,2.899514241,1.0,10.572982752285714
9433,8.013500067714286,5.050162799571429,17.789239627142855,2.5506771294285713,2.9429113764285715,1.0,10.867988569428572
9434,8.085591472857143,5.208811349857143,18.075233991428572,2.710985707714286,3.0007742235714288,1.0,11.036597132285712
9435,8.085591472857143,5.526582757999999,18.10701132,2.980617128,3.0081256564285717,1.0,11.137857142285714
9436,8.107408617571428,5.6378027820000005,18.250008615714286,3.123851407285714,3.073339964714286,1.0,11.222042860857142
9437,8.129225762285714,5.923797089,18.742554475714286,3.115551415285714,3.0949199695714285,1.0,11.786442888000002
9438,8.114760078714285,6.178014238285715,19.441414595714285,3.166062843857143,3.116737114142857,0.065419961,12.38475426
9439,8.230248647428573,6.019128505857144,20.076720512857143,3.0984771375714284,3.1238514214285718,0.065419961,12.755408594285713
9440,8.28076014657143,5.717245648285713,20.140274714285713,2.9130314079999997,3.0444085835714287,1.116199988,12.721497135714285
9441,8.309691626714287,5.669579939857143,20.37836607428571,2.904494262,2.972080024571429,1.5444799819999997,12.982591494285714
9442,8.439645879,5.4153628472857145,20.743566064285716,2.7275857065714284,2.9431485727142856,1.7001049902499998,13.243685627142854
9443,8.576714466714288,5.320031374,21.219986022857142,2.668537146142857,2.870819985428571,1.8170519885999998,13.64825141857143
9444,8.735600199,5.240588507857142,21.839403049999998,2.702211422285714,2.8781714182857145,1.8170519885999998,14.12016565
9445,8.829508748714286,5.192922799428572,22.34783734714286,2.7863971409999997,2.8347742830000002,2.1908840042,14.57524282857143
9446,8.945234443142857,5.177034248857142,22.745051451428573,2.820308571142857,2.7408657050000005,2.1481666766666665,14.988345597142857
9447,9.075425821142858,5.367697139,23.396245805714283,2.854220001285714,2.7553314167142857,2.1444040089999996,15.477096995714287
9448,9.198265737857142,5.447140005142857,23.825237237142858,2.828845717142857,2.726399993142857,2.0511120228,15.763802622857144
9449,9.198265737857144,5.4153628472857145,23.872902775714287,2.7612599967142857,2.6324914292857144,2.0046320276,15.797476955714286
9450,9.191151402285714,5.335919980999999,24.015899844285713,2.7107485682857146,2.574628582142857,1.934580039,15.915573907142857
9451,9.176685605714285,5.1929228557142855,24.047676945714283,2.6180257175714283,2.5238800138571427,1.934580039,15.898736741428573
9452,9.155105586714285,5.018148572714286,23.888791214285714,2.4664914322857143,2.4660171665714286,1.934580039,15.780639564285716
9453,9.09724273957143,4.906928548714285,23.714017044285715,2.3820685737142857,2.458902873428571,2.1680867006666666,15.662542612857143
9454,9.010448525285714,4.732154209142857,23.586908414285713,2.297645715142857,2.4155057238571422,2.2557900345,15.570056817142857
9455,8.923654311000002,4.684488500714286,23.412134244285713,2.2639714248571425,2.379460007142857,2.6351000239999998,15.502471139999999
9456,8.887608608428572,4.668599893571428,23.380357142857143,2.2556714327142857,2.3505285835714287,2.9563100194999996,15.477334009999998
9457,8.808165742285714,4.668599893571428,23.205582972857144,2.2556714327142857,2.321597145857143,2.9388800311999996,15.359237058571429
9458,8.714257192571427,4.636822735857143,22.919588835714286,2.2388342947142856,2.321597145857143,2.9388800311999996,15.19086562
9459,8.605882959428572,4.605045578,22.522374504285715,2.2302971487142855,2.321597145857143,2.829873356333333,14.896097154285716
9460,8.439882891571429,4.541491319,22.06184298428572,2.2051600042857142,2.299780001285714,2.829873356333333,14.609628425714286
9461,8.266531419142858,4.462048481142857,21.474203058571426,2.163185721714286,2.2779628567142853,2.790863347333333,14.230437115714286
9462,8.107645686857142,4.065071332428571,21.04544863857143,1.8684171500000002,2.2850771357142854,2.576723350333333,13.918831482857144
9463,7.876431367285714,4.001517073428571,20.997782874285715,1.9103914324285716,2.285077135714286,2.362583353333333,14.070365754285714
9464,7.645217104142857,4.112737097428572,20.886562907142856,1.9609028608571428,2.2708485637142855,2.2612680084,14.213599835714287
9465,7.3779571385714275,4.160402805857143,20.886562907142856,2.1378114302857143,2.249268558857143,2.2612680084,14.42418280857143
9466,7.168559963571427,4.144514255285714,20.838897142857142,2.196860004714286,2.2205742610000003,2.2553750150000003,14.601091335714285
9467,6.966277180571427,4.398731404428571,21.04521140142857,2.3906057264285714,2.2134599820000003,1.5839050022499999,14.963445705714284
9468,6.7858114857142855,4.875388573285714,21.74407129428571,2.6434000085714286,2.1918799912857145,1.350260009,15.772339938571426
9469,6.576414310714286,5.637802838714285,22.42704275,3.3258971635714287,2.170300000571429,0.941900006,16.598071337142855
9470,6.431994318285715,6.082682821571429,22.728925777142855,3.5703914535714287,2.1631857075714285,-0.050780027,17.053148628571428
9471,6.2949257305714275,6.130348529999999,22.760702877142855,3.772674293142857,2.1558342888571427,-0.050780027,17.221757305714284
9472,6.193902845285713,6.3527885212857145,22.856034179999998,3.840022873857143,2.141368577142857,1.0,17.466014385714285
9473,6.035017112857143,6.734114245,23.332691377142858,4.219214325285714,2.1269028652857145,1.0,18.030651425714286
9474,5.904825678428572,6.9565542364285715,23.539242874285716,4.345611466428571,2.090857148714286,2.050780027,18.45205415857143
9475,5.738588541428571,6.908888527999999,23.126140105714285,4.446634351571428,2.061925711,2.050780027,18.224397005714287
9476,5.630214308142857,6.750002852142857,22.919588608571434,4.513982904000001,2.0329942732857145,2.050780027,18.241234172857144
9477,5.4857943158571425,6.781780009857143,22.792479977142857,4.674054349571429,2.004062849714286,2.2455533593333334,18.241234172857144
9478,5.362954342571428,6.908888584428572,23.173805644285714,4.867800099571428,1.975131412,2.255375015,18.65409992857143
9479,5.269045792857142,6.829445774857143,23.173805644285714,4.969060110428571,1.9606657001428573,2.255375015,18.671174334285713
9480,5.160671503142857,6.877111483285715,23.09436277714286,4.969060110428572,1.9243828437142858,2.255375015,18.713148630000003
9481,5.052534339,7.035997159142858,23.15791698,5.280902981142857,1.895451413,2.2144560174,18.805871664285714
9482,4.965977193857142,7.051885709714286,23.380356914285716,5.424137232142857,1.8809857011428572,2.342940009,19.04182878
9483,4.864954308714286,7.163105677142856,23.09436277714286,5.339951513285714,1.8665199892857145,2.440326675166667,18.881757305714284
9484,4.799977182571429,7.147217126571428,23.26913694714286,5.449511488,1.8375885585714287,2.303930008333333,19.041828552857144
9485,4.735000056428571,7.3696571745714285,23.15791698,5.390462899285715,1.823122846714286,2.4400500203333335,19.024991385714287
9486,4.648205785714285,7.433211433571429,22.951365482857142,5.322877164714286,1.794191409,2.6151800248333337,18.847845505714282
9487,4.612160083142856,7.528542907000001,23.06258545,5.280665685857143,1.794191409,2.768137171428571,18.890057041428573
9488,4.590342938428571,7.46498870457143,23.03080834857143,5.171105654571429,1.801305695,2.9851228767142857,18.90689420714286
9489,4.5758771984285715,7.433211546857143,22.96725414714286,5.154268544714285,1.801305695,3.0685971619999997,18.991317051428574
9490,4.590342938428571,7.576208672,23.523353984285716,5.246991409571428,1.801305695,3.102034312571429,19.370508474285714
9491,4.590342938428571,7.766871562142858,23.380356915714284,5.145968580857143,1.8157714138571426,3.202345743,19.35367130857143
9492,4.582991477285715,7.639762930999999,23.285025385714285,5.331414310571428,1.8157714138571426,3.1357085958571425,19.395882618571427
9493,4.604571439714285,7.782760056285714,23.428022681428576,5.407300008999999,1.8447028515714285,3.1414000195000003,19.707725602857145
9494,4.618799997571428,7.719205740714286,23.15791698285715,5.432674321428571,1.8520542844285715,3.0325040132,19.555954092857142
9495,4.6406171422857145,7.592097109571428,23.20558274714286,5.365325769,1.8449399984285715,2.7287240258,19.496905391428573
9496,4.6982428637142855,7.623874267285713,23.332691377142858,5.43267432142857,1.8522914312857142,2.4249440384,19.699188401428568
9497,4.770334268857143,7.417322883142857,23.06258567714286,5.2386914739999995,1.8667571431428571,2.3138900285,19.311459775714287
9498,4.813494250285714,6.972442843714284,22.935477045714286,5.213317161571429,1.8522914242857145,2.22591002325,19.07550266
9499,4.936334280142858,6.924777135285713,22.967254374285716,5.011034265571429,1.8741085690000001,2.079830024,19.016454184285717
9500,5.073639993571429,6.686448593142857,23.046697240000004,4.951985733428572,1.8741085690000001,2.0972600222,18.80587121142857
9501,5.246991466,6.765891459285713,23.300914275714288,4.960522879428571,1.895688573857143,2.070146691666667,18.92396838857143
9502,5.405877198428571,6.511674309999999,23.07847434142857,4.758240011714285,1.9172685717142859,2.0740200246000002,18.637499774285715
9503,5.622625778,6.511674309999999,23.33269137857143,4.615005704285714,1.9388485765714287,2.079830024,18.435216764285713
9504,5.998260089857142,6.511674309999999,23.634574405714286,4.690891431,2.0182914427142857,2.079830024,18.536476775714284
9505,6.395711489999999,6.781780009857142,24.110994591428575,4.5727943102857145,2.0977343018571433,2.050780027,18.57868831
9506,6.684551474714285,6.686448593,24.238102995714286,4.522282924142858,2.162711442,2.2455533593333334,18.283682492857142
9507,6.908414333142856,6.8930000338571435,24.17454856714286,4.615005732428571,2.220574289142857,2.8686066856666663,18.11507404285714
9508,7.074651470142858,6.750002852142857,23.65022583142857,4.547419997857142,2.278437136285714,3.4136399940000004,17.415739672857143
9509,7.262468626,6.956554292999999,23.046697241428575,4.631605744857143,2.343414290571428,3.42318499475,16.66565690285714
9510,7.363728636857144,6.7658914594285715,21.680517317142858,4.471534327571428,2.422857142571428,3.1719439988,15.165728377142855
9511,7.291400049571429,6.432231444,19.82202865857143,4.134554312571429,2.4807199897142858,2.9850833368333336,13.32858272442857
9512,7.219071518857143,5.907908595,17.66189421,3.806111429428572,2.524117139285714,2.9850833368333336,11.373576964285714
9513,7.1830258162857135,5.5427086039999995,15.406428571714287,3.5196428287142862,2.545697144142857,3.0550799993999997,9.224825636428573
9514,7.183025816285714,5.161382880142858,13.59560579057143,3.1153142895714288,2.5528114372857145,2.6111960052,7.286657013285714
9515,7.190140095142858,4.764168605714285,11.594357188,2.8373828772857137,2.5454600185714287,2.3074160178,5.221854264857143
9516,7.226185797714286,4.668837188857142,9.815311451571429,2.7700342684285713,2.574391442142857,2.0972600124,3.3258970929999996
9517,7.348788645428571,4.764168605714285,8.020614261714286,2.812245690714285,2.5962085868571423,2.1908840142,1.497051404
9518,7.442697251714287,5.097828621142858,6.384565678714287,3.0396657027142853,2.5456971584285712,2.4010400196,-0.2642086068571431
9519,7.4860943588571445,5.431488636571429,4.6531857357142865,3.241711416571429,2.5238800137142863,2.6151800248333332,-1.958120008857143
9520,7.478980079857143,5.780800077000001,3.160134278,3.3681085718571424,2.494948590142857,2.6680628737142853,-3.5593086165714283
9521,7.435820098428572,5.796688627714286,0.888779976,3.3681085718571433,2.4878342969999996,2.7849743024285716,-5.733434412
9522,7.341911492285715,5.764911498142856,-1.5255713942857143,3.368108571857143,2.4878342969999996,2.8684485877142856,-8.06763148357143
9523,7.240651481428571,5.653691474142858,-4.193902732142857,3.2417114307142856,2.502300008857143,2.918485722428571,-10.764182811714287
9524,7.1106971727142865,5.41536287557143,-6.560588479428572,3.0308914451428572,2.5309942785714283,2.885048571857143,-13.157191288428569
9525,6.980742864,5.240588592571428,-8.800165595,2.9635428644285713,2.610437130571428,2.751537137714286,-15.230057044857144
9526,6.937345756857143,5.35180856,-10.912634249142858,3.191199988142858,2.689879996714286,2.595813318833333,-17.370508478428572
9527,6.908414276857143,5.431251369571428,-12.69168001457143,3.275385706857143,2.8056056911428575,2.4400499955,-19.114931322857142
9528,6.929994295857142,5.558359944142857,-13.771628562857144,3.401782833714286,2.885048543285714,2.2842866556666666,-20.18515692571429
9529,6.973391459428571,5.876131380714285,-14.327491387142858,3.637739949428571,2.978957121285714,2.2842866556666666,-20.817142630000003
9530,7.002322883,6.035017113142858,-14.740594381428574,3.604065673285714,3.000774266,2.1481666766666665,-21.103848482857142
9531,7.023902901857142,6.098571428714286,-14.597834325714288,3.679951371714285,3.000774266,2.1481666766666665,-20.918640105714285
9532,7.016788566428572,6.162125687714286,-13.867197218571429,3.789511374714285,2.993422861428571,2.1288000119999997,-20.312028542857142
9533,7.009674287428572,5.892019987857142,-13.041228581428571,3.384945681571428,2.986308554285714,2.1010543015714283,-19.545108494285717
9534,7.081765749,5.701357154285715,-11.64350851157143,3.258548512285714,2.9644914378571428,2.1094333473333333,-18.21355129285714
9535,7.117811451571428,5.701357154285714,-10.372897073142857,3.1741256678571426,2.9860714568571427,2.1912160197999997,-17.008391345714283
9536,7.197254317857142,5.383585717714285,-8.657405737714285,2.862282839571429,2.9716057168571433,2.08024501875,-15.314480000714283
9537,7.247765760428571,4.970720018285715,-6.195388559714284,2.718811413571429,2.978719995714286,2.02173000525,-12.76946283142857
9538,7.305628607714286,4.780057156285714,-2.843848584,2.5419028582857144,2.9716057167142864,1.8952933503333333,-9.356502727714286
9539,7.4716286190000005,4.541728586,0.8411142817142852,2.171011420142857,2.9429114188571432,1.8175500119999999,-5.724422844285714
9540,7.601582927857142,4.398731432571428,4.796182847428573,2.1290371375714288,2.8705828598571435,1.758620004,-1.8563857328571423
9541,7.746002976714285,4.255734307285715,8.354274377571429,1.9775028662857146,2.8129571384285716,1.758620004,1.5480371114285716
9542,7.962751556285714,4.112737182,12.150457266285713,1.9186914315714285,2.740865705142857,1.758620004,5.196717148571429
9543,8.172385800285713,4.19218002,15.660645763714285,1.876479995142857,2.675888579,1.758620004,8.516717147857143
9544,8.446997170571427,4.271385732285714,18.869188515714285,1.876479995142857,2.6687743001428577,1.816720023,11.314528485714286
9545,8.692677173714285,4.350828570285715,20.69589984857143,1.8511057038571426,2.6471943094285715,1.816720023,12.907179989142858
9546,8.880494386142855,4.303400015714286,21.79197407285714,1.8174314205714286,2.581980029285714,1.816720023,13.935194397142856
9547,9.046494340857143,4.255971461142857,22.729162564285712,1.758382846142857,2.567514317428571,1.0,14.718714374285716
9548,9.169334257571427,4.224194303428571,23.459799558571426,1.7244714159999999,2.5096514559999994,1.0,15.384374300000001
9549,9.241662788285714,4.176528595,23.95234519428571,1.6737228477142858,2.4589028735714287,1.0,15.805777145714286
9550,9.284822826285716,4.081197178142857,24.349559525714284,1.6483485707142855,2.4012771519999996,-0.166980015,16.159831439999998
9551,9.299288622857144,4.065308599285715,24.54022258428572,1.6400485715714286,2.3000171552857145,-0.2259099985,16.370414414285715
9552,9.270357142714285,4.017642890857143,24.71499698,1.673722862,2.2061085772857143,-0.1675333413333333,16.555860031428573
9553,9.226959979142856,4.065071445428572,24.857994274285716,1.7159342912857143,2.170062860714286,-0.16739500975,16.673956982857142
9554,9.161982796571428,4.096611449285715,24.810328735714286,1.7242342904285715,2.1340171441428573,-0.2609360126,16.673956982857142
9555,9.039142879857144,4.207831473285714,24.540223035714284,1.800120003142857,2.1269028511428574,-0.28428667216666664,16.530722675714287
9556,8.836860096857142,4.2554971817142855,24.158897368571427,1.909680006142857,2.0982085672857145,-0.2675285782857143,16.294765560000002
9557,8.641928662,4.414382914142856,23.698128834285715,2.002402863857143,2.0982085672857145,-0.2842866721666667,16.016596908571433
9558,8.410714342428571,4.239845785142856,23.237360075714285,1.8591685740000001,2.1055599860000003,-0.28417601020000005,15.746965460000002
9559,8.150568655714284,4.366954359714286,23.23736007571429,2.078288572714286,2.1055599860000003,-0.342525006,15.923874099999997
9560,7.883308633428571,4.6370600877142865,23.09436278142857,2.2888714397142857,2.1055599860000003,-0.40104000300000003,16.19350554857143
9561,7.644980091428571,4.954831524285715,22.951365485714287,2.4828542942857146,2.098445692857143,-0.28400999250000003,16.353814034285712
9562,7.414002897428571,5.113717200142857,22.935477048571432,2.6429257255714282,2.083979981,-0.28400999250000003,16.623445481428572
9563,7.2551171085714286,5.240825774714286,23.253248512857144,2.8788828695714286,2.083979981,-0.40103997,17.078522545714286
9564,7.103345655142857,5.574485733571429,24.11099413857143,3.4352200020000003,2.0766285622857144,-0.40103997,18.056025567142857
9565,6.944459922714286,6.368677128428572,24.952851552857144,4.143091416285714,2.0548114317142856,0.7078400265,19.109414230000002
9566,6.785574246857143,6.8612228197142855,25.159165811428572,4.370748568285714,2.047460013,0.7078400265,19.57302849857143
9567,6.634039975714286,7.083662811142857,25.556143130000002,4.657217126571429,2.025880008142857,0.5329866766666667,19.884871481428572
9568,6.504085723428572,7.321991353142857,25.93746902428572,5.103757130428571,1.9969485845714285,0.5329866766666667,20.348248737142857
9569,6.959162845571428,7.782759886571429,26.96998904571429,5.491485699714285,2.054574306142857,1.0,20.769651695714284
9570,7.399774284142857,8.227639926,27.684737602857144,5.7611171198571425,2.1340171724285715,1.0,21.216191784285712
9571,7.847737183285714,8.37063705114286,27.923066428571428,5.718905697714286,2.213460024428571,1.0,21.12346875
9572,8.302814304857142,8.370637051142857,28.050174832857145,5.6261828330000005,2.321834300142857,0.183279977,20.668391458571428
9573,8.772357166571428,8.529285657857143,28.479166264285716,5.786254250285715,2.430208575857143,0.9418999809999999,20.65131705285714
9574,9.285060009714286,8.672282783142856,28.638051769999997,5.718905697857143,2.5456971445714283,1.8756500059999999,20.41535993714286
9575,9.783297169285715,8.704059884428572,29.019140198571424,5.710368551714287,2.6830028579999996,2.1288000119999997,20.305799962857144
9576,9.732548656999999,8.576951366285714,28.63781453142857,5.6008085770000005,2.740865705142857,2.4595550082499997,20.145728490000003
9577,9.681800144714286,8.481619836428573,28.431263034285713,5.390225717142859,2.7624456958571426,2.7981120228,19.85072267285714
9578,9.623937297571427,8.465731285857142,28.36770837857143,5.263828576,2.7987285524285714,3.1212033323333332,19.817048565714284
9579,9.587891595142858,8.43395418457143,28.431262581428573,5.364851461142856,2.8060799852857143,3.3685828798571427,19.985420004285714
9580,9.595242943142855,8.418065633857143,28.415374144285714,5.364851461142857,2.820545697,3.735680031571428,20.027631539999998
9581,9.537617221571427,8.290957059285715,28.463040135714287,5.2975028804285715,2.827897129857143,4.169414288142857,20.035931504285717
9582,9.494457183571429,8.529048532142857,28.68548007,5.289202860142857,2.827897129857143,4.469637124714286,20.29726298857143
9583,9.443945684428572,8.608491398428571,28.812588474285715,5.289202860142858,2.7989657062857143,4.719822854857142,20.389985797142856
9584,9.378968501714287,8.735600029571428,28.971474205714287,5.407300037428572,2.7844999944285718,4.869934287285714,20.508082974285717
9585,9.350037021571428,8.767377243857142,28.828477362857143,5.415837183428571,2.770034282571428,4.853334303142858,20.25528869285714
9586,9.335571338000003,9.069022919285713,28.971474657142856,5.533934304142856,2.7626828497142855,4.903371437857143,20.415597404285716
9587,9.29217428742857,8.878597211428572,28.892031564285713,5.416074309,2.7482171380000002,5.070082882714286,20.171340324285715
9588,9.277708603857144,8.830931502999999,28.463277144285716,5.424374301142857,2.7263999932857144,5.036645788714287,19.842660174285715
9589,9.263242920285714,8.84682005357143,28.57449711142857,5.517097165999999,2.7263999932857144,5.120120074,19.87633428142857
9590,9.27059438142857,8.957802895285713,28.701605517142855,5.643494306999999,2.7482171380000002,5.103520033285714,19.97735727857143
9591,9.306877209714285,8.941914344571428,28.87637968714285,5.719142823285715,2.8131942924285718,5.136957183714285,20.044705944285713
9592,9.371854392428572,8.973691445857142,28.892268125714285,5.837002818428571,2.834774283142857,5.2704686035714285,20.23015156
9593,9.472877277,8.656157219857143,28.76515926857143,5.7357428075714285,2.8421257160000004,5.303905754,20.011031385714286
9594,9.610182990857144,8.560825746428572,28.653939301428572,5.609108540857143,2.8637057067142857,5.303905754,19.842422709999997
9595,9.740137243285714,8.878360085428572,29.511685152857144,5.760879994285715,2.871057139571428,5.437417173857142,20.474408414285712
9596,9.92060288142857,8.497271543857142,29.098582611428572,5.491248602285714,2.9286828609999995,5.504054349142857,19.960282872857142
9597,10.115534316,8.275068734714285,29.32102254571429,5.263828576142857,2.9357971398571427,5.437417230285713,19.951982682857142
9598,10.360977249857143,8.306845835999999,29.622668561428572,5.196480023714286,2.9863085541428567,5.487454364999999,20.204776964285713
9599,10.577725830000002,8.290957285285716,29.860997385714285,4.926848603428572,3.0368199967142857,5.554091540428572,20.053005454285714
9600,10.837871461428572,8.402177252714285,30.226197602857148,4.749940076285715,3.1162628628571425,5.704202944714287,19.993956978571426
9601,11.170108608571427,8.465731511714285,30.750283552857137,4.767014311857143,3.1885914501428574,5.837714364714286,20.07814281
9602,11.487880072857141,8.322971455714287,30.639063585714286,4.6911285568571435,3.304080018857143,5.954625800571429,19.732625719999998
9603,11.683048634285713,8.370637164142856,30.591397594285713,4.556194241571428,3.333011442571429,6.121574371142857,19.496668378571428
9604,11.300300100285714,8.164085666714286,29.511212034285712,4.581331371714286,3.260682883571428,6.455234386428572,18.872982864285714
9605,10.794711479714286,7.830425651285714,27.970494725714286,4.438097120714286,3.195705757428571,6.572145822285713,17.79445707142857
9606,10.231260011142856,7.719205570857143,25.667363095714286,4.513982847428572,3.1523085938571427,6.5555457815714275,16.067108576285715
9607,9.573900049428572,7.814299862,21.474203086142857,4.783614239428572,3.123377142,6.422271487142857,12.477240001714287
9608,8.801051463714284,7.87785417757143,16.041971528857143,4.960522823,3.0078885732857144,6.172085757142857,8.027965583142858
9609,8.078714263714286,8.052391334857143,10.46674279,5.255528527285715,2.906865716428572,5.871625710142857,3.1572885459999998
9610,7.356377175857142,8.687697082857143,5.018622908571429,6.089797156857142,2.8418885620000003,5.6714771147142855,-1.6460398268571432
9611,7.219071405999999,9.545442822,-0.11196263428571436,6.730320008142857,2.8781714185714287,5.4378913688571435,-6.7104626711428565
9612,7.103582837285714,10.403188561142857,-5.289976928571428,7.530914219571429,2.813194264142857,5.170868472428571,-11.791959695428572
9613,7.089117153714286,11.086160016571428,-9.499262642857143,8.365182764428571,2.7844999944285713,5.020519942714286,-15.963302531714286
9614,7.096231432571429,11.769368598285713,-12.120165539,9.098428537571428,2.719522868285714,5.020519942714286,-18.423896799999998
9615,7.117811395142858,12.801651494571429,-13.772102814571427,9.974671435857143,2.7266371471428568,5.154031362571429,-20.04192239
9616,7.02390284542857,13.595842917142857,-15.37637421142857,10.733054338285713,2.726637147142857,5.1374313784285714,-21.550388345714286
9617,6.944459979285715,13.897725717142858,-16.932979844285715,10.960711377428572,2.683240011714286,4.970482808,-22.99126862285714
9618,6.800039986857143,14.008945684285715,-18.632345645714285,11.12931994,2.654308573857143,4.820371403714286,-24.508271781428572
9619,6.648268533428571,14.120165651428573,-20.18895139142857,11.348440002857144,2.625377150285714,4.8037714195714285,-25.915477725714286
9620,6.496734262285714,14.294939934285717,-21.411897234285714,11.39895138857143,2.5601628561428567,4.870645664142857,-26.952029224285717
9621,6.323382846428572,14.437699989999999,-22.38086282714286,11.390414185714286,2.5962085587142854,4.837208513714286,-27.78629793857143
9622,6.207894277714287,14.310828597142857,-23.159165585714284,11.339902685714284,2.574628553857143,4.820371403857143,-28.595192284285712
9623,6.186314258714286,14.310828597142857,-23.63582278285714,11.280854097142859,2.588857111714286,5.087394243714286,-28.814074768571427
9624,6.193428537571429,14.406160127142858,-23.651711445714284,11.30599134,2.5528113949999995,5.537728512714286,-28.86458604142857
9625,6.178962797571429,14.517380207142859,-23.111737284285713,11.347965637142858,2.5743913998571424,5.9546256312857135,-28.451483045714287
9626,6.193428537571428,14.596823072857145,-22.365211625714288,11.196194239999999,2.603322823428571,6.4549970348571435,-27.684562995714284
9627,6.150031373857142,14.453826004285714,-21.602797302857145,11.052960045857143,2.6540714058571426,6.721782749142856,-26.92618014857143
9628,6.150031373857142,13.977405932857144,-20.87216030857143,10.67376862242857,2.6396056939999997,7.088642789285714,-26.06677430428572
9629,6.070588507571428,13.627857254285713,-19.69664321857143,10.46318576242857,2.6611856988571425,7.355665629285714,-24.82817726285714
9630,5.969565679,13.087882981428573,-18.489349027142858,9.974434364999999,2.6180257174285715,7.455739955285714,-23.77502606428572
9631,5.9119399574285705,12.484117152857142,-17.123406228571426,9.275100050857144,2.6396057222857143,7.289028566857143,-22.35952038285714
9632,5.890359994999999,11.562817099,-15.773351868571426,8.533554371,2.6180257174285715,7.155754272428572,-20.83445472714286
9633,5.92640569757143,10.562074292,-13.787991816857142,7.690985749857143,2.6109114244285716,6.905568598857143,-18.458283190714287
9634,5.998734284857143,9.386557088857144,-9.737828847857141,6.696645703142857,2.5890942797142857,6.872368630428572,-14.447011686571429
9635,6.056597131999999,8.274594229142858,-5.115440139285714,5.7191428651428575,2.5385828512857147,6.739094336142857,-9.938451666714286
9636,6.215482864428571,7.146742846857142,-0.5568428707142853,4.573031478571429,2.517002846428572,6.6890572014285725,-5.505777289571429
9637,6.417528578142857,6.114222852857142,4.208305667857142,3.654577158428571,2.4662542640000003,6.77229430457143,-0.8961943838571449
9638,6.677437195714286,5.256477171285715,8.751251396428572,3.0982399977142854,2.444674259142857,6.955842915857143,3.4183828175714277
9639,7.031254363,4.891040054714287,13.309848552142856,2.676837124142857,2.459139971,7.2060287025714285,7.648774299
9640,7.298514385142858,4.57326859,17.15369715042857,2.3564571214285714,2.4157428355714288,7.439614448571428,10.825777116857143
9641,7.515025838999999,4.493825752,18.837411300000003,2.255197124714286,2.3796971188571434,7.572888742857143,12.27519428557143
9642,7.724423014,4.382842882,19.853805419999997,2.154174264285714,2.3291856904285715,7.723000203571429,13.109462774285715
9643,7.919354448857143,4.3987314327142855,20.695662607142854,2.1963857007142855,2.278674262,7.873111664285714,13.75828564714286
9644,8.107171604857143,4.589394294571428,21.48985403142857,2.2974085577142853,2.2715599830000004,7.923148855428571,14.348059930000002
9645,8.222660173571429,4.668837160714285,22.093382621428567,2.2974085577142853,2.2426285594285718,7.889711648285713,14.862185697142857
9646,8.273171559571429,4.589394294428572,22.458819849999998,2.280571419571429,2.2063457029999998,7.739600187571428,15.190865734285714
9647,8.374431570428571,4.589394294428572,22.935477047142857,2.305945717857143,2.2063457029999998,7.6226886952857145,15.561757081428572
9648,8.482805803714287,4.700614290142857,23.300914277142855,2.3818314304285715,2.2063457029999998,7.589488727,15.822851327142857
9649,8.562248669857144,4.891039998142857,23.507465774285713,2.5165285669999995,2.2063457029999998,7.6729629557142855,15.991222764285714
9650,8.540668650857144,4.906928548714285,23.58690864142857,2.524828559,2.206345703,7.739600018,16.092245535714287
9651,8.468577245857144,4.748042816428573,23.332691604285714,2.482854276571428,2.1992314100000003,7.873111381428572,15.949011228571427
9652,8.324157197,4.684488500857142,23.014920139999997,2.4491799861428567,2.192117117,8.090097086714286,15.772102588571428
9653,8.187088609285714,4.668599893714286,22.713037112857144,2.424042841857143,2.185002838,8.306845609714285,15.60349413857143
9654,7.999271453285713,4.303399902714285,22.17306272571429,2.103899979142857,2.192117117,8.356882744428571,15.232602791428572
9655,7.746477171142857,4.144514198571429,22.03006565714286,2.002877122142857,2.1776514052857143,8.306845553142855,15.283351302857142
9656,7.479217149,4.128625647857143,22.04595432,2.0704628427142855,2.1631856934285714,8.139896982571429,15.392911277142856
9657,7.240651424857143,4.192179963428571,21.87117992285714,2.0958371409999996,2.1342542698571427,8.139896982571427,15.485634085714285
9658,7.016788509857143,4.271622829571429,21.966511452857144,2.087299995,2.119788558,8.173334189714286,15.628868392857145
9659,6.836322815142858,4.239845728285714,21.982400115714285,2.1548857155714285,2.1124371392857144,8.089859961,15.704754034285715
9660,6.576177128428571,4.303400043857144,22.06184298285714,2.415980003857143,2.0763914227142855,7.8731114380000005,15.949248127142857
9661,6.35231427,4.827485767142856,22.315823005714286,2.879357145714286,2.0258799942857144,7.739837200142858,16.497048114285715
9662,6.178962854142855,5.049925730285715,22.236380139999998,3.199500008571429,1.9969485565714287,7.57288862957143,16.74984239714286
9663,6.0056114382857135,5.177034304857143,22.220491477142854,3.3678714461428574,1.968017133,7.406177184714286,17.070222584285712
9664,5.832260022285715,5.463028611857142,22.57004004285714,3.679714316857143,1.953551421142857,7.072517225857143,17.398902734285716
9665,5.666022885285715,5.7490229188571425,22.458819849999998,4.025231477857143,1.9246199975714284,6.572145765571428,17.677071385714285
9666,5.499785748285715,6.178014351142857,22.77659131571429,4.311700036142857,1.8885742808571426,6.054937139000001,18.14044864
9667,5.369831439571429,6.607005726857143,23.046697015714283,4.488845773714286,1.874108569,5.721277123714286,18.69654870285714
9668,5.261457149714285,6.877111426714286,23.094362781428572,4.648917219285714,1.859642857142857,5.554328553142858,18.839783009999998
9669,5.174900004571428,7.147217183142858,23.25324851285714,4.851200058714285,1.8451771452857142,5.287542838857143,18.890294508571426
9670,5.080991398285714,7.449100040857144,23.28502561428571,5.019808621999999,1.8307114264285715,4.987082876714285,18.99131728
9671,5.016014272142856,7.560320008285714,23.364468481428567,5.238928627857143,1.8233599935714289,4.736897146714286,19.252648764285713
9672,4.936571406,7.4014342758571425,23.42802291,5.264302883714285,1.8160085607142857,4.5699485762857135,19.269485930000002
9673,4.886059963428571,7.512654299857142,23.45980001142857,5.331651492714286,1.808657127857143,4.536511425714286,19.454931547142856
9674,4.871594279857143,7.385545781714286,23.44391157285714,5.331651492714285,1.8086571278571426,4.4696371528571435,19.362208738571432
9675,4.835311395142857,7.369657231142857,23.79346013857143,5.43291150357143,1.8160085607142855,4.319525692285715,19.56449152142857
9676,4.784799952571428,7.369657231142857,23.68224017142857,5.297977216571428,1.8160085607142857,4.302688554285714,19.58986589
9677,4.777685673714286,7.496765749142857,23.69812883428571,5.323351529,1.8304742795714284,4.336125676571428,19.581565927142858
9678,4.756105654857143,7.337880016714285,23.2373603,5.087394356857144,1.8449399914285713,4.269488529428571,19.160162968571427
9679,4.756105654857143,7.528542850428572,23.30091450142857,5.205254351857143,1.852291424285714,4.286088513571428,19.236048610000005
9680,4.748991375857144,7.464988534857142,23.126140104285717,5.129368596857143,1.8596428571428572,4.319525664142858,19.059140195714285
9681,4.727411356857144,7.353768511,22.999031472857148,5.280902868142857,1.859642857142857,4.252888517000001,19.04230303
9682,4.727411356857142,7.258437094142857,22.617705805714287,5.246991409714285,1.866757136142857,4.2194513947142855,18.806345914285714
9683,4.727411356857144,7.163105620714286,22.840145741428575,5.3397142745714286,1.866757136142857,4.269488501142858,18.89053152
9684,4.727411356857142,7.163105620714286,22.99903147428572,5.541759988428572,1.873871415142857,4.219451366428571,18.983017088571426
9685,4.727411356857142,7.306102802571428,23.380357141428572,5.668157129428572,1.8883371410000003,4.319525664142858,19.21897420428571
9686,4.770808520428572,7.464988534857142,23.71401727,5.7018314057142865,1.9028028528571428,4.453037140571428,19.497142855714284
9687,4.857365665571429,7.449099927714286,23.825237238571425,5.693531441857144,1.9243828577142856,4.536511425857143,19.497142855714287
9688,4.9655028297142865,7.766871335857145,24.09534293857143,5.668394311571428,1.9459628625714285,4.6365856952857145,19.648914365714287
9689,5.073877119571429,7.846314145571428,24.349559974285715,5.777954286285714,1.9677800071428568,4.686622801714286,19.775311507142856
9690,5.182014283714286,7.8145370444285716,24.381337074285714,5.634720035285713,2.0185285754285713,4.786697127714286,19.78361147142857
9691,5.348251420571429,7.496765636285715,24.222451341428574,5.2303914254285715,2.04034572,4.953408572571429,19.53081719
9692,5.565000000142858,7.274325644857144,24.15889714,4.994434281428572,2.054811431857143,5.0366457321428575,19.446631584285715
9693,5.767282839714286,6.765891346571429,23.65046284285714,4.539594313714286,2.0837428554285715,5.0032085817142855,18.73876001142857
9694,5.962214274571428,6.464008488857144,23.72990570857143,4.413197144428572,2.1055599860000003,4.969771431142858,18.54477696714286
9695,6.200779998714286,6.368677072,24.142771464285715,4.202377102428571,2.1200256978571432,5.086445741285715,18.612125405714288
9696,6.511437184428572,6.193902789,24.539748557142854,3.9495828485714286,2.163185707571429,5.153320042428571,18.56991409571429
9697,6.851025737285715,6.352788464857143,24.762188492857142,3.974957104571429,2.2281628620000005,5.0866828669999995,18.519402822857142
9698,7.183262885571429,6.6228942211428565,24.984628428571426,4.118191412,2.3220714399999998,5.170157152142857,18.460591585714287
9699,7.3781943204285705,6.940665629285713,25.159402598571425,4.337311446142857,2.379934287142857,4.986845694857143,18.31712004
9700,7.60205723542857,7.194882778428571,25.25473390142857,4.522520021857143,2.4449114415714286,4.786697099428571,18.207560065714286
9701,7.703317246285714,7.4967656361428565,24.65120553857143,4.665754301,2.5530485774285716,4.569948548142857,17.701971614285714
9702,7.7175458041428575,7.5126541868571435,22.951602725714285,4.792151442,2.610911424571429,4.2865628214285705,15.966085972714286
9703,7.60917151442857,7.782759943142857,19.346082832000004,5.053482841857142,2.7192857144285716,4.103014266714285,12.578500182142857
9704,7.500797224714286,7.893979967000001,15.29568290642857,5.289440013999999,2.755331416857143,4.0195400097142855,8.575765851857142
9705,7.320094404285714,8.243291406714286,10.848068706142856,5.761354245428571,2.7479799840000005,3.7859542921428573,4.143091473285716
9706,7.1827886908571426,8.703822814428571,5.7492601518571425,6.216194184857143,2.784025700714286,4.002702899857143,-0.7190485881428569
9707,6.994971478285714,9.466237136999998,0.809337443285715,7.075836984857141,2.791139979571429,4.286325780428571,-5.539214353857142
9708,6.951574314714286,10.21276285142857,-3.9081455581428566,7.724659856428572,2.8056057195714286,4.619985767428571,-10.426728670999998
9709,7.038368585571428,10.991065723999998,-8.260191328142858,8.32297128542857,2.9066285905714286,5.153794349857143,-14.83402867942857
9710,7.146742875285715,11.801145698,-10.515656958714285,8.92128271457143,2.8776971387142853,5.804514339857143,-17.353671423142856
9711,7.211720001285714,12.531782805714284,-12.628362597428572,9.494219830714286,2.8992771577142853,6.271685746857143,-19.502422934285715
9712,7.204605665857143,13.071994092857143,-14.454836917142858,9.966134175000002,2.8848114458571428,6.638782884428571,-21.305657014285714
9713,7.190139925857143,13.43743121,-16.122662517142857,10.24430282557143,2.8776971668571427,6.8223314391428564,-23.04154243
9714,7.1612085022857155,13.659871144285715,-17.80613988142857,10.235765736714285,2.906628590428571,6.939242874999999,-24.65956790714286
9715,7.0601856735714295,13.850533978571429,-19.299428435714287,10.471722853,2.856117147857143,6.922405765142857,-26.02479910285714
9716,6.836322815142858,14.088625338571429,-20.744814214285718,10.631794326857143,2.755094276857143,6.722257169714285,-27.238259241428572
9717,6.634039919142858,14.342605248571427,-21.936219968571432,11.019522952571426,2.7479799978571426,6.288285759285714,-28.31678526142857
9718,6.468039964428572,14.58069660857143,-22.90494854857143,11.204968682571428,2.7192857000000004,5.971225784714285,-29.13421680857143
9719,6.359665731142857,13.627619566142856,-23.57226857857143,10.218928684571429,2.813194278,5.7710771894285715,-29.64834280285714
9720,6.287574326,12.785762490714287,-23.508714375714284,9.367822917285716,2.813194278,5.737640039,-29.56415719714286
9721,6.193665776285713,11.991571067428572,-22.96873998857143,8.693862915428571,2.784262854428572,5.737640039,-29.058568632857142
9722,6.106871448999999,10.895496842857144,-22.44441702714286,7.615100080142858,2.7987285662857144,5.837714308571429,-28.38437161857143
9723,6.063474285285714,9.736105541571428,-21.69789114285714,6.544874334857142,2.8708200137142854,5.770840007571429,-27.499591404285713
9724,6.027428582714285,8.41782850842857,-20.840145517142854,5.221854307285715,2.8492400229999997,5.854314292714285,-26.43790255142857
9725,5.991145698000001,7.178994341,-19.426537067142853,4.117954286,2.856354301857143,5.904588552999999,-24.980185334285714
9726,5.955099938857143,6.750002908857143,-17.965025612857143,3.9325085562857143,2.798728580428571,5.921188593571428,-23.421208105714282
9727,5.933519919857142,6.257457161142858,-16.424308531428572,3.5447799942857143,2.784262868714286,5.821114324,-21.769508295714292
9728,5.969565622428571,5.796688627714286,-14.708817053428573,3.1316771268571424,2.784262868714286,5.754240022857142,-20.025085677142858
9729,6.041894209714286,5.447140033428572,-12.675791406142855,2.921094267,2.762682878,5.671002863142857,-17.884634355714287
9730,6.135802816,4.986371443428572,-8.927274337857144,2.719048553142857,2.7050571565714283,5.804514339571429,-14.075645875000001
9731,6.273108529428571,4.684488585714285,-4.511437126428572,2.4913914012857146,2.7195228684285717,5.771314314714286,-9.710557400857143
9732,6.48274283,4.3190514407142855,-0.1911684578571438,2.179548551714286,2.7266371474285718,5.754477204857143,-5.572888727857142
9733,6.786048611285714,4.239608602714286,4.303874380714285,1.977502837857143,2.683239997857143,5.737877164285714,-1.3173602292857143
9734,7.110934298428573,4.160165764714286,8.656157389285713,1.9606656925714288,2.690354276714286,5.704677139428571,2.7612598549999996
9735,7.457637186714286,4.0648343197142855,12.785762998428572,1.8596428427142857,2.683239997857143,5.504528544142857,6.6966456321428565
9736,7.796988613857143,4.033057190142857,16.534280009714287,1.758619992857143,2.668774271857143,5.287542838999999,10.058857053571428
9737,8.028202876857142,4.033057190142857,18.614971364285715,1.7078714245714284,2.6903542625714287,5.0539570931428575,11.6768828
9738,8.201554292714286,3.9536143239999997,19.615477045714282,1.6236857164285714,2.6251399824285713,4.970482808,12.527988567285714
9739,8.382020044142857,3.9377257451428562,20.489111335714288,1.581474287142857,2.5601628562857144,5.070557077428572,13.227322824285713
9740,8.519325757571428,3.9218371662857145,21.14030569,1.5224257127142857,2.5672771492857143,5.187231387428571,13.716074222857145
9741,8.64216578742857,3.8900600085714285,21.696168514285713,1.4972885684285713,2.538345725714286,5.220431412285714,14.137239942857144
9742,8.685562951142856,3.9059485874285715,22.093382845714284,1.5055885675714287,2.4875971432857145,5.320505738142857,14.440545724285714
9743,8.692914412285713,3.953614295857143,22.458820075714282,1.5897742792857144,2.451314286857143,5.4874543085714285,14.80289998142857
9744,8.743425798428571,4.001280004285714,22.77659154142857,1.6066114245714285,2.3789857137142856,5.554091484,15.055694149999999
9745,8.786585836428571,4.0330571338571435,23.014920139999997,1.6571228565714284,2.364519987857143,5.637565769142857,15.266514022857143
9746,8.750540020857143,4.080722842285715,23.09436300571429,1.7161714311428573,2.3500542759999994,5.620965785000001,15.401448367142857
9747,8.656631358,4.080722842285715,23.014920140000005,1.7413085754285713,2.3211228524285707,5.687840086142856,15.401448367142857
9748,8.519325644714286,4.1125,22.79247998,1.7664457197142855,2.3066571405714282,5.7879143557142845,15.308962571428571
9749,8.353325576857143,4.096611421142858,22.490597178571427,1.7496085745714285,2.328474285142857,5.904825735000001,15.115216764285716
9750,8.187088383285714,4.096611421142858,22.07773142285714,1.7073971452857144,2.3502914297142854,6.038100029428571,14.769699674285715
9751,8.006385562714286,4.223719995714285,21.902957252857142,1.8254942871428574,2.379222867428571,6.205048599857143,14.904397005714287
9752,7.796988387857143,4.509714274428572,21.934734354285712,2.171011434,2.3865743002857145,6.271685775285715,15.140354347142859
9753,7.522377017571429,4.827485682714285,21.855291488571428,2.339619997285714,2.3721085744285717,6.255085734571429,15.182565655714285
9754,7.262231330857143,5.1452570909999995,21.74407152142857,2.676837152142857,2.3721085744285717,6.221648584,15.308962797142858
9755,7.0312541934285715,5.478917078142857,21.680517318571425,2.9381685802857147,2.372108574428571,6.205048599714286,15.494171401428572
9756,6.85790277757143,5.653691389428571,21.839403051428572,3.2668485961428573,2.3576428627142856,6.255085791000001,15.780640017142858
9757,6.677437082857144,6.114459979428572,22.31582301,3.7809743134285716,2.350291444,6.305122925714286,16.43800009142857
9758,6.489619983428573,6.432231387714286,22.442931414285713,4.168702910857142,2.3213600062857145,6.455234329857142,16.707631312857142
9759,6.287337143857143,6.654671379142857,22.66537134857143,4.227751471285714,2.2853142895714287,6.588745749857144,16.95188839285714
9760,6.713482898428571,7.004220001571428,23.634336941428575,4.590105756285714,2.328711439,6.671982909571428,17.592174062857143
9761,7.132514317571428,7.274325757857143,24.34908549714286,4.623780032571429,2.379460007285714,6.671982909571429,17.920854212857144
9762,7.565774351000001,7.417322883142858,25.27038555142857,4.783851478142857,2.4807199898571426,6.638545759,18.40130564714286
9763,7.999034384428572,7.671540032285714,25.85802547714286,4.918785737,2.538582851142857,6.588508567714286,18.662399892857145
9764,8.417828677714287,7.925757124857142,26.49333139285714,5.087394300285715,2.5964456984285715,6.4718343140000005,18.805634199999997
9765,8.872905799285714,8.005199991,26.82699152142857,4.977834269142858,2.6543085597142855,6.321722909857144,18.595051454285713
9766,9.36402868,8.084642913714287,27.35107747142857,5.104231410142857,2.7553314167142857,6.1716114491428575,18.763659904285714
9767,9.291937161857144,8.179737204857144,27.27163483142857,5.1462057067142855,2.7771485614285716,6.138411424142857,18.814408641428574
9768,9.241188650142856,8.32273427357143,27.54174030571429,5.339951400142858,2.8276599757142855,6.088374289428572,19.0757399
9769,9.183325803,8.513397163714286,27.47818587714286,5.508559963428572,2.7697971285714287,6.138411424285715,19.016691424285714
9770,9.125462955857142,8.704059997285714,27.55762874285714,5.5000228174285715,2.740865690857143,6.088374289571428,19.168462934285714
9771,9.103882936857143,8.735599972857143,27.589405618571426,5.457811395285714,2.7048199741428576,6.004900004285715,19.370745717142857
9772,9.067837234428572,9.037245648285715,28.17704554428571,5.735742807571428,2.697705695285715,6.021499988428572,20.036405754285713
9773,9.060722898857142,9.291225558714286,28.38359704142857,5.836765692714286,2.661659978571429,6.004662878571429,20.29750022714285
9774,9.046257215285713,9.338891210571429,28.62192541428571,5.811628562428572,2.668774257571429,6.054700069857142,20.407060202857142
9775,9.039142879714285,9.370431299142856,28.79670003714286,5.988537146142859,2.6398428340000004,6.204811474,20.626180377142855
9776,9.053608563142857,9.576745557714286,29.193914368571427,6.224494261857144,2.661659978714286,6.354922878142856,21.0558833
9777,9.082539930142858,9.672076974571427,29.543462934285717,6.426777157857143,2.690591416428571,6.404960012857144,21.26646604714286
9778,9.118585632714286,9.783297055,29.70234866714286,6.519500022571428,2.7339885660000003,6.438397107,21.34235168857143
9779,9.147516999714284,9.703854188714287,29.49579717,6.418477193857143,2.755568556714286,6.471834257571429,21.148605882857144
9780,9.198028498857141,9.67207708742857,29.41635407714286,6.452151470142858,2.8060799851428575,6.6553828122857155,20.99707138428571
9781,9.234074201428571,9.592871346999999,29.321022547142853,6.561711444857144,2.849477120428571,6.705419947,21.01390855
9782,9.284585700571428,9.592871346999999,29.289245218571427,6.435314303714287,2.856591399428571,6.738857097571429,21.00537134857143
9783,9.421891414142857,9.608759897,29.479908277142858,6.207657151857143,2.907102813714286,6.605582859714285,20.887511182857146
9784,9.624174309857143,9.561094245142858,29.241579905714282,6.0307485682857145,2.9865456798571435,6.572145765714285,20.609579770000003
9785,9.811991522714285,9.497539929714284,29.321022997142855,5.82016570842857,3.0370570941428574,6.6387829410000005,20.424134154285714
9786,10.09371728457143,9.783534293,29.924551587142854,5.887514260857143,3.130965672142857,6.655382925285715,20.676928435714284
9787,10.360977250857145,9.847088608428574,30.289751804285714,5.719142823142858,3.210408538428571,6.621945774857144,20.660091495714283
9788,10.68610017657143,9.910405798285714,30.464526425714286,5.559071405857144,3.2319885574285716,6.588508624285715,20.53369435428571
9789,11.025688672857143,10.069291530714285,30.797949315714284,5.525397129714286,3.297202865714286,6.571671457999999,20.491482818571427
9790,11.321880118571428,9.973960114428573,30.67084045857143,5.365325712428572,3.354828587285714,6.688345711571428,20.331411345714287
9791,11.582025861428571,10.116720057428571,31.35381168714286,5.449511431142858,3.434271425285714,6.588271385714286,20.71060276857143
9792,11.892682989999999,10.116720057428571,31.893786074285714,5.491485727714286,3.5208285704285722,6.488197116285714,20.90434834857143
9793,12.145477272857145,9.783297168,31.63980627714286,5.179642885285714,3.5568742728571427,6.3881228467142845,20.381922618571426
9794,12.340645832857144,9.719742852571429,31.211051858571427,5.196480051714286,3.578454263571428,6.404960012999999,19.97735682714286
9795,11.972362982285714,9.561094245857143,30.51219174,5.2133172181428575,3.585805696428572,6.505034282428572,19.530579725714286
9796,11.452308734714288,9.354779874142858,29.416354528571425,5.188180087857143,3.542408532714286,6.621945774714285,18.907131222857142
9797,10.917788690285716,9.069022749428573,28.081951705714285,5.171342978,3.4918971182857144,6.755457251285714,17.92109133714286
9798,10.346985818428573,8.735599916285715,25.540728942857147,4.910248675571429,3.4051028474285716,7.072280100285714,16.00805992971429
9799,9.675160061142858,8.004962752142857,20.91857733157143,4.387822945000001,3.3545914331428572,7.389340131571428,12.056074337428573
9800,8.923891493428572,7.591859927142857,16.153428622714284,4.3290115102857145,3.2896143070000003,7.756437297571429,7.87619435457143
9801,8.158157186,7.147217070000001,10.991065752285715,3.9498200588571426,3.2391028925714287,7.990022987000001,3.342497204571429
9802,7.898011442714286,7.020108552000001,6.082919918,3.8063486257142856,3.224637152571429,8.173571598285715,-1.3427342168571432
9803,7.818568576428571,7.321754340857142,0.9841113637142855,4.269725711142857,3.2462171715714283,8.24020866057143,-6.390557133999999
9804,7.688614324142857,8.115945764714285,-3.892019903428572,5.129368567714286,3.2535686044285717,8.140134391142857,-10.991602836857142
9805,7.587591439,8.941914346142857,-7.736105739142857,5.955100023,3.2535686044285717,8.223608676285716,-15.01947429657143
9806,7.5804772165714285,10.33987154142857,-9.880351495,7.126348624857143,3.2246371807142857,8.423757215142858,-17.151625654285713
9807,7.609408640142858,11.594594315857142,-11.643508567571429,8.188037195714285,3.2175228735714287,8.607305713285715,-18.752577065714288
9808,7.638340063714286,12.75422296842857,-13.231891414285714,9.359285712857144,3.18859145,8.774017158142858,-20.286179925714286
9809,7.638340063714286,13.516637290000002,-14.82027426,10.159879981428572,3.1523085935714286,8.740579950999999,-21.820020022857143
9810,7.515500033857142,13.866185855714289,-16.059108427142856,10.345325711285714,3.1089114299999996,8.707379982714285,-22.999805827142858
9811,7.4071257441428555,13.770854438571432,-17.409399912857143,10.159879982142856,3.087094285428571,8.723979910285715,-24.305988545714285
9812,7.284285770857141,13.818520090000002,-18.680011408571428,10.269439956285714,3.0655142664285715,8.59046849042857,-25.443562815714284
9813,7.125399982,13.834408527142857,-19.74430853142857,10.277977046285713,3.051048554714286,8.273408459285715,-26.42936557428572
9814,6.923117142428572,13.86618562857143,-20.649719922857145,10.218928457714286,3.036582842857143,7.806237080428571,-27.145774124285715
9815,6.74976572657143,13.818519864285715,-20.82425708,10.159879981999998,3.0583999592857145,7.522614199714285,-27.21312278857143
9816,6.655857120285715,13.94562838285714,-20.856034181428573,10.387537133714288,3.087331411142858,7.556051406857144,-27.019139969999998
9817,6.648505715714285,13.977405484285713,-20.347837121428572,10.463422888,3.1236142675714293,7.7061628110000004,-26.479639834285713
9818,6.569062849571429,14.168068317142858,-19.505979934285712,10.640331415714286,3.0875685367142855,7.939748557,-25.409414231428574
9819,6.453574280857143,14.183956867142857,-18.64823408142857,10.690842802857143,3.058637113142858,8.123297111571429,-24.221328462857148
9820,6.38124575,13.91385128,-17.790488455714286,10.674005635714284,3.044171401285714,8.340282873285714,-23.159640061428572
9821,6.345200047571427,13.437431434285715,-16.599082927142856,10.421211353714286,3.0152399777142853,8.557031452857144,-22.022065792857145
9822,6.3307343640000004,13.056105654285716,-15.23314012857143,10.151579905714287,2.964728563428572,8.440357199285716,-20.67390855142857
9823,6.337848643,12.59533712,-13.438205785285716,9.502757034285716,2.957614256142857,8.02322289857143,-19.047582882857142
9824,6.352314326571429,12.039237170000002,-11.865711489999999,8.778048464714285,2.9431485442857137,7.539451479,-17.244348575714287
9825,6.381245750142858,11.181491431714287,-9.896002976142857,8.019665674428571,2.9360342654285714,7.005642868285714,-15.146108676714288
9826,6.467802838714286,10.196637175428572,-6.401703058000001,7.126348597000001,2.9360342654285714,6.788894345285714,-11.682637243571431
9827,6.532779964857143,9.354779987714286,-2.097323052285715,6.241568638571429,2.9215685254285715,6.722020044142858,-7.140640129285715
9828,6.706131380714285,8.60825421657143,2.413608450571428,5.516860096714287,2.9144542465714287,6.655382868714286,-2.573268646428571
9829,6.973391402857142,7.925282816714286,6.829208536285715,4.868037225,2.9144542465714287,6.588508567714285,1.657122722142857
9830,7.219071462571428,7.321754227857142,11.006479910142858,4.446634379571428,2.8784085441428573,6.855531464285714,5.718905640714285
9831,7.4863314847142854,6.90888847142857,15.088657106285712,4.075742920285714,2.820545697,6.9556057902857145,9.384659970714285
9832,7.760705785714285,6.670559929428571,18.630622789571426,3.7470628831428567,2.820545697,7.239228727428572,12.376217058857142
9833,8.027965807857143,6.638782828285715,20.520888662857143,3.620665713857142,2.705057128285714,7.339303053428572,13.994242648571428
9834,8.317042918142857,6.607005727142857,21.616963112857146,3.4688942887142855,2.654545713857143,7.1725916085714285,14.634765555714285
9835,8.555371460142856,6.575228569428572,22.490597401428573,3.409845700142857,2.690591416285714,7.055917354999999,15.140591359999998
9836,8.706905731428572,6.4481199948571435,23.126140105714285,3.258074246714286,2.625377136142857,7.0393173707142855,15.587131448571428
9837,8.865791463714285,6.527562861000001,23.76144579714286,3.2412370804285713,2.589094279571429,6.772294474142856,16.01683437
9838,8.952585791,6.3845657358571435,24.15866012857143,3.3424970912857144,2.5964457124285714,6.622183013428571,16.353814257142858
9839,9.010448638285714,6.4163428935714295,24.682983091428575,3.393008533857143,2.5746285677142855,6.338560076285715,16.800591585714283
9840,9.111708649142857,6.400454286428571,25.111974524285717,3.4774314065714287,2.6685371457142857,6.071537179714285,17.179783235714286
9841,9.133288668142857,6.432231387571429,25.461523089999996,3.5533171332857143,2.6903542904285715,6.038100029285715,17.457951659999996
9842,9.154868687142857,6.448119994714285,25.636297487142855,3.4522942764285713,2.654308588,6.004662878714286,17.542137265714285
9843,9.14775435157143,6.511674310285713,25.604520385714284,3.536717149142857,2.7121714352857142,5.904588552857143,17.601185741428573
9844,9.024914321714286,6.305122869428571,25.271097495714287,3.4271571744285714,2.7484542918571426,5.737877108142857,17.34839146
9845,8.938119994428572,6.336899970714286,24.98510313142857,3.4103200362857145,2.7629200037142856,5.671002807142857,17.129271510000002
9846,8.974165696857144,6.08268282157143,24.746774532857142,3.166062893142857,2.777385715571428,5.637565713000001,16.783754192857145
9847,8.880257147142858,6.082682821571429,24.76266297,2.972317171428571,2.8568285817142858,5.554091427857143,16.74154265714286
9848,8.706905731285714,6.019128562571429,24.778551408571428,3.0228285857142856,2.8568285817142853,5.370542873142858,16.89307692857143
9849,8.519088631857143,5.987351404714286,24.68321987857143,3.351508566285714,2.842362869857143,5.186994262,17.213219875714287
9850,8.345737216,5.923797089142857,24.492557044285714,3.435694285142857,2.827897158,5.003445707285715,17.187845732857145
9851,8.157920059999999,6.146237080571429,24.79420283285714,3.621139958285714,2.791614301428571,4.919971422000001,17.65122276142857
9852,7.970102903999999,6.574991330428572,25.286511455714283,4.000331409714286,2.769797156714286,4.703222870714286,18.426680012857144
9853,7.637865755714286,7.035759863857144,25.651711445714287,4.539594257285714,2.7626828777142856,4.536511425857142,19.134551585714288
9854,7.348788588857142,7.083425572142858,25.540491478571425,4.767014255285714,2.661422866857143,4.5033114009999995,19.336834368571427
9855,7.283811462714285,7.226422697428572,25.492825938571425,4.817525697857143,2.6469571551428572,4.420074241428571,19.488605878571427
9856,7.124925673857143,7.2581998552857145,25.30216310428571,4.783851421571428,2.610674298714286,4.353437122571429,19.26118573857143
9857,6.937108517857142,7.623636971857143,25.635585994285716,5.0449456957142855,2.574628582,4.386874273142857,19.674051268571425
9858,6.792688525571428,7.75074549,25.572268804285716,5.171342893285714,2.5675142890000004,4.470348558428571,19.825822778571425
9859,6.619337109714286,7.7350940651428575,25.524603038571428,5.230154299714286,2.531468572285714,4.737134300857143,19.70772560142857
9860,6.503848541000001,7.687428413285715,25.127625947142857,5.263828575857143,2.4880714227142855,4.987320031,19.615002792857144
9861,6.3449628087142855,7.925757011857144,25.07996018142857,5.508085711857143,2.4520257061428574,5.087394300428571,19.68235145857143
9862,5.925931389714285,7.909868461142858,24.905185785714284,5.710368551428572,2.350765695285714,5.204068610428571,19.8087486
9863,5.680488568714286,8.179974160857142,25.048182854285717,5.870439968714287,2.2713228291428575,5.320742920428571,20.17110285714286
9864,5.413228603142857,7.989311327285715,24.508208467142858,5.862139948428572,2.191879977142857,5.403980079999999,19.91000861142857
9865,5.174900004571429,8.036977092142859,24.19043700285714,5.862139948428572,2.0979714132857143,5.52065439,19.81728580285714
9866,4.951037146,7.9575343389999995,23.904679878571432,5.895814224714286,2.0111771284285713,5.487217239571429,19.867797075714286
9867,4.748754306571429,7.89398002342857,23.60279685142857,5.78625425,1.9243828435714285,5.387142913714285,19.62330275857143
9868,4.589868630714285,7.878091472857143,23.475688221428573,5.828465672285715,1.8520542704285714,5.337105779,19.732862732857143
9869,4.597220035285714,8.227402913285715,23.71401682,6.047585678142857,1.8375885585714287,5.437180048428572,19.926608539999997
9870,4.524891448,8.275068678285715,23.77757124857143,6.233031407857143,1.8231228467142857,5.537254317857143,20.128891548571428
9871,4.510425707857142,8.43395441057143,23.80934857571429,6.132008579142856,1.8157714138571428,5.6707657377142855,20.255288689999997
9872,4.503311428999999,8.370400094999999,23.984122971428572,6.342591382428572,1.808419981,5.754240023,20.331174331428574
9873,4.488845745571428,8.38628864557143,24.015900072857146,6.250105699714287,1.808419981,5.854551418,20.263825892857145
9874,4.481494340999999,8.656394345285715,24.508445932857143,6.561948570428571,1.808419981,5.921188593285714,20.65985448142857
9875,4.481494340999999,8.465731455142857,24.397225964285717,6.4104142991428565,1.801305695,5.904351483428572,20.39852299714286
9876,4.488608619857143,8.370637164,24.41311462857143,6.317691434285714,1.801305695,5.7042028881428575,20.28896302142857
9877,4.524654322428572,8.434191366428571,24.365448864285717,6.208131459571428,1.801305695,5.570691468285714,20.297262985714287
9878,4.568051486142857,8.529522783285714,24.873645924285714,6.342828621,1.801305695,5.487454308714286,20.5837316
9879,4.633028612285714,8.704297066285715,25.03253165714286,6.207894334000001,1.8302371327142857,5.370542873,20.667917205714286
9880,4.7269371620000005,8.847057009285715,25.064308758571425,6.148845745428572,1.8520542774285713,5.253631437285714,20.752102811428575
9881,4.856891414142857,8.656394175714286,25.06430875857143,5.963400015857142,1.895451427,5.170157152142857,20.743802621428575
9882,5.037594234571429,8.926499932,25.588394482857144,5.8958142812857135,1.9388485694285715,5.1201200174285715,21.089319711428573
9883,5.232762795142857,8.70405994057143,25.52484005428571,5.651557145285714,1.9751314258571429,5.186757192857143,20.88703670285715
9884,5.435045691142856,8.52928565757143,25.762931414285713,5.482948582,2.025879994142857,5.103520033285713,20.718428027142856
9885,5.629977126,8.195625642142858,25.794708515714287,5.2555285558571425,2.0621628505714287,5.053245773,20.62570521857143
9886,5.846725705571429,7.973185650857144,26.128131404285714,5.145968581142857,2.0766285624285716,5.003208638285714,20.735265419999998
9887,6.113985727714286,7.7350942911428575,26.44566563,5.019571440142856,2.112674279,4.986608654142857,20.726965455714286
9888,6.403062894571429,7.496765749142858,26.255002797142858,4.5984057204285715,2.134254269714286,4.953408629285714,20.271888391428572
9889,6.6703229167142855,7.369657118,25.969245671428574,4.539357188285714,2.191879991285714,4.970245739142858,19.926371301428567
9890,6.951811553285714,7.353768510857144,25.619697104285713,4.3790486170000005,2.2784371364285714,4.970245739142858,19.46299427285714
9891,7.132514373857142,7.226659992857143,24.873171445714288,4.1936028872857145,2.328948564857143,5.086920049142857,18.755359937142856
9892,7.276934366142858,7.194882891714285,24.14253422428572,4.084042884285714,2.4660171525714283,5.053720024285715,17.79469419571429
9893,7.406888674857143,7.163105790428572,22.903699944285716,4.016694331857143,2.559925716428572,5.103757159,16.673956980000003
9894,7.406888674857143,6.988331450857143,20.425794371428573,3.9322714872857136,2.6322542895714283,5.187231444142857,14.213362740142857
9895,7.341911492285715,6.8294457184285715,16.629611425285713,3.8900600649999997,2.690117150857143,5.153794293571428,10.396074139428572
9896,7.255117221571429,6.543451468,12.134331461,3.713151481428571,2.7479799980000004,5.203831428285715,5.828702883714286
9897,7.096231432714285,6.464008601714285,7.607511521428571,3.780737187857143,2.769797142714286,5.220668538142857,1.4214028737142843
9898,6.980505738285714,6.448119994571428,2.890028634285716,3.763900049714285,2.8058428594285716,5.187231387714285,-3.3145770591428567
9899,6.872368574285715,6.638782828142857,-2.017879734285714,4.024994323857142,2.7697971287142855,5.220431412571429,-8.117905544857143
9900,6.763994284571429,6.543451354714286,-6.703585632857143,3.9239714387142857,2.755331416857143,5.370779942285714,-12.980282731999997
9901,6.7134828419999995,6.670559929285715,-10.023111381428572,3.890297134285714,2.740865705142857,5.620965672428571,-16.494265692142857
9902,6.720597177428571,7.099551305,-11.913377028142857,4.117717132285715,2.7697971287142855,6.138174299,-18.348248511428572
9903,6.756642879857142,7.321991296428572,-13.199876959571428,4.353674248,2.740865705142857,6.638545702571428,-19.71324292142857
9904,6.763994341,7.449099871142858,-14.804148470000001,4.446397112857143,2.6974685555714286,7.038842836714286,-21.406917254285712
9905,6.778460024571428,7.544431288,-16.217757032857143,4.615005648,2.711934267285714,7.422539986714287,-22.822660174285712
9906,6.742177196285715,7.321991296571428,-17.72693425142857,4.286325667428572,2.6540714199999997,7.823074303142858,-24.145680287142856
9907,6.641154311,7.258437037571428,-19.267651332857138,4.075505681857143,2.603559991571429,8.056422923428572,-25.578022910000005
9908,6.547245704714285,7.083662754571429,-20.967254147142857,4.100879966,2.603559991571429,8.139660083,-26.960091498571433
9909,6.4606885595714285,6.972442787142858,-21.967997068571428,3.991319963,2.589094279857143,8.006148606428571,-28.047154494285714
9910,6.345199990857142,7.051885596857143,-22.90518578714286,3.999857109,2.589094279857143,7.856037202285715,-28.81407431571429
9911,6.280222864714285,7.067774204,-23.016405754285717,4.2019028227142865,2.6106742847142854,7.739362948714286,-28.940471230000004
9912,6.237062883285715,7.131328463,-22.79396582,4.2441143014285725,2.5746285822857145,8.006385788714285,-28.72988825714285
9913,6.208131459714286,7.369657005,-22.25375442,4.438097177142858,2.646957141285714,8.406682866857142,-28.190625360000002
9914,6.208131459714286,7.528542737428571,-21.50722876142857,4.817288600285714,2.6830028578571428,8.740342882857144,-27.415405572857143
9915,6.208131459714286,7.655651312000001,-20.649483135714288,4.943685741285714,2.683002857857143,8.907291453428572,-26.522088382857145
9916,6.164734296,7.735094178142858,-19.759960182857146,5.120831450714285,2.704582848571428,9.224351428142857,-25.561422528571427
9917,6.157620017142857,7.496765636142858,-18.918102994285714,4.985897191857143,2.7119342814285714,9.341262863999999,-24.62613126857143
9918,6.143154277142857,7.385545612142857,-17.790251442857144,4.699428633571428,2.7697971285714282,9.474774284,-23.48025726142857
9919,6.157382835,7.178994227857144,-16.424308531428572,4.463471461285715,2.827422849999999,9.124514284428571,-22.115025839999998
9920,6.258642789285713,6.734114245142857,-15.137808487142857,4.067442871714285,2.7695600028571428,8.707380039857144,-20.74979441857143
9921,6.338085655571429,6.543451355000001,-13.088894120285715,3.6799514422857142,2.812957138285714,8.423994284285714,-18.668391572857143
9922,6.4464599452857145,6.066794214428571,-9.594594088714285,3.267085728857143,2.784025700428572,8.357357108857142,-15.22199434657143
9923,6.569299918714286,5.606025624428571,-5.067774147285715,2.946705726142857,2.740865719,8.273882880142857,-10.646322899285712
9924,6.742651334571429,5.431251341428571,-0.20729407871428712,2.727585706142857,2.7190485742857144,8.257045713714286,-5.9186429307142845
9925,6.930468490428572,5.145257091,4.414857165571429,2.500165694,2.6685371599999996,8.290245682,-1.1826628850000003
9926,6.663445650428572,4.748042816571429,8.783028612714286,2.2978828404285716,2.5314685722857138,8.406919935571429,3.3088227292857146
9927,6.655066616500001,4.478174270714286,12.515657129857145,2.4325799735714284,2.2860257124285717,8.373719967285714,7.640237096428572
9928,5.921899956333334,4.239845728571429,15.517648653,2.508465686285714,2.047697147428571,8.256808531428572,11.145682824999998
9929,5.1718566489999995,4.208068599,17.249028681428573,2.5589771147142857,1.874345722714286,8.073259976714287,13.421068517285713
9930,4.430113350166667,4.14451434,17.709797214285715,2.6685371318571427,1.672062860142857,7.756199945571429,14.432245645714287
9931,3.5367566746666665,4.112737238714286,18.02756867857143,2.786634295,1.4697800012857145,7.556051406714286,15.198928455714285
9932,2.7360833266666673,3.985628635857143,18.09112310714286,2.904494304285714,1.2530314269999998,7.339302883714287,15.620331301428573
9933,1.9268333398333333,3.8905343447142857,17.392025975714287,3.014054293,1.1157257162857142,7.272665821428572,15.923637082857143
9934,1.9268333398333333,4.144514339857143,17.757463205714284,3.0982400118571434,1.1770666676666666,7.139154344857142,16.353339778571428
9935,2.3650733375,4.176291441142857,18.55165462857143,3.123377170285715,1.1719760008,7.039080075428571,16.92651402142857
9936,2.7612600319999996,4.2239571495714285,19.155183217142856,3.207562889142857,1.2224399968,6.855531520714286,17.19614547
9937,3.106816685666667,4.208068570714286,19.53627187142857,3.2412371652857144,1.2729039928,6.705420116428571,17.34791698
9938,3.6714933711666666,4.239845672,19.77436323142857,3.2832114335714286,1.3439519958000001,6.521871561714286,17.390128515714284
9939,4.3202767123333325,4.366954274857143,20.091897457142856,3.2243999988571423,1.4651319916000003,6.404960125857143,17.390128515714284
9940,5.483383377999999,4.541491432142857,21.092640377142857,3.1990257147142858,1.6371079902,6.254848665142857,17.39866571857143
9941,5.623100029285714,4.446159987142857,21.712057404285712,3.1738885845714284,1.6742366603333334,6.071300110428571,17.221757305714284
9942,5.861428627857143,4.271622858142857,21.56906010857143,2.8791200022857146,1.6934057061428571,5.821114380428571,16.81719174
9943,6.085291486428571,4.0494199924285725,21.457840141428573,2.601188568714286,1.7583828464285713,5.6209657851428565,16.555860255714286
9944,6.302040065999999,4.2241943037142855,21.98216287714286,2.5760514385714286,1.8233599867142858,5.420817189857142,16.817191514285714
9945,6.338085768571427,4.144751437428572,22.252268577142853,2.5509143084285717,1.8665199822857144,5.220668594571428,17.019474297142857
9946,6.208131459857142,4.097085672428571,22.458820074285715,2.736122884142857,1.873871415142857,4.937045742285714,17.154171401428574
9947,6.027428582857143,4.176528538714286,22.60181714285714,2.820308603,1.8594057032857143,4.653422861714285,17.36475414857143
9948,5.940634311999999,4.430745716142857,22.85603440571429,2.9213314598571425,1.859405703285714,4.553348535857142,17.634385369999997
9949,5.861191445857143,5.209048616857143,23.682002931428574,3.5952914652857144,1.866757136142857,4.519911385285715,18.586751035714286
9950,5.7599314349999995,5.907908595,24.428528590000003,4.260951439714285,1.859642857142857,4.6031485448571425,19.45469385714286
9951,5.658671424142857,6.257457161,24.444417254285717,4.572794310428572,1.8525285781428569,4.770097115285715,19.682113995714285
9952,5.572114278999999,6.765891516000001,24.587414322857146,4.951985705285715,1.8598800109999998,4.970245710571429,19.943208241428575
9953,5.485557133857143,7.2425486565714285,24.714522728571428,5.120594296857143,1.852528578142857,5.03711998342857,20.196002524285714
9954,5.4061142675714295,7.687428582857143,24.90518556142857,5.474648561571429,1.8451771452857142,5.053719967571429,20.40682251
9955,5.297739977857143,8.036977148857144,24.873408234285716,5.6854685471428565,1.8451771452857142,5.087157118142858,20.659616792857143
9956,5.174899947999999,7.735094234714286,24.190437004285716,5.584445661999999,1.8451771452857142,5.053719967571429,20.069605384285715
9957,5.073877062857142,7.639762817857142,23.618685515714283,5.500259999714286,1.8378257124285715,4.9370456574285715,19.42078251285714
9958,4.980205638857143,7.623874210714286,23.28502538714286,5.517097109571429,1.8304742795714284,4.686622801714286,19.04159109
9959,4.907877051714286,7.480877028857143,23.094362552857145,5.348488546285714,1.8231228467142857,4.4029999211428565,18.805633974285715
9960,4.850014204571429,7.353768510857143,22.72892554857143,5.348488546285714,1.8304742795714284,4.286088485285714,18.687774035714284
9961,4.813968502142857,7.099551418142857,22.188714150000003,5.095694292428571,1.8378257124285713,4.219451366285713,18.19048566142857
9962,4.756342780571429,6.924777135142857,21.99805131571429,4.918548583142857,1.8233599935714284,4.152577065142857,17.87034294
9963,4.720297078000001,6.813557167714285,22.12515972,4.825825774714285,1.8160085607142857,4.135977081000001,17.828131404285717
9964,4.713182799,6.686448593142857,21.902719785714286,4.707728597428571,1.8088942747142858,4.202614256428571,17.836668605714287
9965,4.7058313944285715,6.495785759428571,21.80738848142857,4.56449429,1.8088942747142858,4.369562827,17.78615710714286
9966,4.698717115428572,6.543451467857143,21.569059882857147,4.674054321142856,1.8162457075714287,4.553111381714285,17.676597132857143
9967,4.677137152857142,6.511674309999999,21.31507986,4.54765718,1.8162457075714287,4.686622801714286,17.356454185714288
9968,4.662671469285714,6.543451467857143,21.267651332857138,4.6235429067142855,1.8162457075714282,4.7032227859999995,17.39012829142857
9969,4.669785748285714,6.273345711571429,20.997545632857143,4.531057195714285,1.8233599935714284,4.670022817571429,17.078285307142856
9970,4.676900027285714,6.225680003142857,20.91810276714286,4.539594285285714,1.8233599935714284,4.586548532285714,17.044610974285714
9971,4.669548622714286,6.162125744000002,20.94987986857143,4.489082871,1.8304742795714284,4.4364370715714285,16.80011665714286
9972,4.669548622714286,6.082682877857144,20.711788509999998,4.514220057714286,1.8304742795714286,4.336362801999999,16.698856645714287
9973,4.691128641714286,6.019128618857144,20.997782874285715,4.463708615142857,1.8449399914285713,4.252888516714285,16.78327949
9974,4.734288623142858,6.050905776714286,21.47420283285714,4.615480012142856,1.8375885585714287,4.202851382,17.07804806857143
9975,4.806617153857144,6.162125744142857,21.855291261428572,4.665991398285714,1.8447028375714287,4.252888516714286,17.347679517142854
9976,4.907640039,6.511674310142857,22.125396961428574,5.002971371,1.873634275285714,4.302925651571429,17.75224531
9977,5.016014328714285,6.622894277714287,22.09361986,4.969059969142856,1.902565713,4.369799952571428,17.752245310000003
9978,5.102808599428571,6.702337144,22.157174061428574,4.901711388428572,1.917031424857143,4.4698742220000005,17.71857120285714
9979,5.276160015285714,6.8453342691428585,22.601816918571426,4.851199945857142,1.9533142812857143,4.519911356857143,17.752482774285713
9980,5.355602881428571,6.797668504142857,22.347599882857143,4.767014227142858,1.9459628484285714,4.519911356857143,17.54166278857143
9981,5.514488613857142,6.686448480142857,22.17282571285714,4.412959934142857,1.9677799931428572,4.419837087428571,17.204682899999998
9982,5.673374346285714,6.575228512714285,22.331711445714287,4.320237125714286,1.9751314260000001,4.253125670857143,17.221757305714284
9983,5.846725762142857,6.5911171198571425,22.713037338571432,4.2021400049999995,1.9751314260000001,4.103014238428571,17.348154445714286
9984,6.121100063285714,6.750002852142857,23.11025167,4.269725739571428,1.9895971378571429,4.0861771004285705,17.440877479999997
9985,6.438871471571427,6.638782828142857,23.380357597142858,4.126491460428571,2.054574292142857,3.9194656838571427,17.51676312142857
9986,6.7277115127142855,6.575228569142858,23.491577564285713,4.075980017857143,2.1195514324285716,3.802554248,17.499925955714282
9987,7.088880028142858,6.527562860857143,23.60279753142857,4.0842800381428574,2.2279257221428574,3.685879994428571,17.31471735142857
9988,7.262231444000001,6.670559986142857,23.20582021285714,4.286562934142857,2.3144828671428574,3.702479978571428,16.859640174285712
9989,7.421117176285714,6.734114245142857,22.348074587142857,4.328774356428572,2.415505724,3.719079991,15.848225807142857
9990,7.529491466142857,6.686448536714286,21.33144300285714,4.126728642571429,2.509414287857143,3.7356800034285707,14.542042974285712
9991,7.529491466142857,6.209791396142856,19.552397322857143,3.6716514785714294,2.610674284571428,3.7525171414285707,12.831531475285717
9992,7.493208637857142,6.13034853,17.836905731428573,3.494505762142857,2.65407142,3.886028589571428,11.238880028142857
9993,7.319857165428571,5.876131380857143,15.343111381142858,3.1236143451428573,2.6901171367142855,3.936065752571428,8.870771371285715
9994,7.146505749428571,5.606025681,12.372897044142858,2.7190486167142858,2.6974685695714284,3.902628602,5.980237168428573
9995,7.088880027999999,5.050162828142858,10.06976569742857,2.3735314415714286,2.7697971285714287,3.9194657401428574,3.6711771705714287
9996,7.016551440714285,4.700614262142857,8.576714211571428,1.9943399901428571,2.719285700142857,3.969502874857143,2.137574334285714
9997,7.045482864285714,4.176528538714286,7.369420020571428,1.665659992,2.7553314027142854,4.086177128428572,1.0251371955714286
9998,7.182788577571428,4.097322826428571,6.067031396285714,1.7498457108571428,2.7119342531428576,4.1027771127142865,-0.39060566828571436
9999,7.262468513,3.9702142799999995,5.399948604571428,1.7330085657142855,2.668537117714286,4.119377097,-1.165825681
10000,7.421591314571429,3.9225485715714283,5.161620006,1.8174314242857146,2.661422838714286,4.102777084571429,-1.5955285325714286
10001,7.529965604428573,3.8115657297142858,5.653928599857143,1.8345057091428576,2.6758885505714285,4.286325639285715,-1.1487514030000001
10002,7.587591325857143,3.9225485997142857,5.526820025285715,1.8345057091428576,2.618025703428571,4.336362802142857,-1.2580742520000001
10003,7.558659902285713,3.8589943124285715,4.287748619285714,1.8596428535714284,2.6251399964285715,4.402999921,-2.3114628255714287
10004,7.464751352571428,3.8905343162857142,2.540717166285714,1.884779994285714,2.5601628702857147,4.386399936857143,-3.912414237
10005,7.276934196714286,4.160402862142857,-0.28673705799999966,2.103899986,2.603560019857143,4.386399936857143,-6.6260399698571435
10006,7.2551171085714286,4.366954274714286,-1.176259933285714,2.238834273142857,2.6469571552857145,4.386399936857143,-7.392960018714286
10007,7.161208615285715,4.414619983142857,-1.891008490285714,2.2893457017142858,2.661422867142857,4.4364370715714285,-7.907085785571428
10008,7.088880084571429,4.811597132,-5.051885575714286,2.5589771219999995,2.6901171649999998,4.453037112285714,-11.143137108
10009,7.081765805714285,5.129368540285713,-7.037482753,2.643162840857143,2.7695600311428565,4.586311406714286,-13.005657016857143
10010,7.103582950428572,5.1770342768571425,-7.148465623000001,2.626325702714286,2.877934321,4.769860017857143,-13.19110274657143
10011,7.110934354999999,5.1929228275714285,-6.29071991257143,2.761259996857143,2.9791943035714286,4.886534328000001,-12.331697071571428
10012,7.125400094999999,5.177034277,-3.2887285592857145,2.5338399988571427,3.0007742942857143,5.053482898428571,-9.281091366142856
10013,7.053308689857142,5.034037151714286,-2.049657118,2.5001657084285713,3.0802171604285715,5.136957183714286,-8.059094167428572
10014,7.053308689857142,4.923054309857143,-0.4612742721428571,2.4074428505714285,3.1162628628571425,5.303905754142858,-6.441068407428571
10015,7.002797247285714,4.716502869,3.7797885435714287,2.1461114224285716,3.0657514202857143,5.3539428888571425,-2.1687027981428564
10016,6.995682968285714,4.382842881857142,7.178994283571428,2.0282514274285717,3.0297056895714287,5.370779998714285,1.0924856825714284
10017,7.060660094428572,4.414619983142857,9.402682905428572,2.0367885734285713,2.986545679857143,5.304142823428571,3.266611392857143
10018,7.1401029605714275,4.509951428142857,11.038731544714286,1.9862771450000003,2.9286828327142858,5.237505648,4.901474319142857
10019,7.226897174857142,4.398731404142857,12.944885798571429,1.952365722,2.9431485444285714,5.137194253,6.5700114937142855
10020,7.421828553285715,4.4305085054285716,14.406160127142856,1.8847800085714286,2.899751380857143,5.087157118285714,7.842282896571429
10021,7.6167599317142844,4.573268505000001,15.946877321428572,1.909917153,2.805842817,4.986845723285714,9.06428006757143
10022,7.898485580857142,4.5256027965714285,17.312820232857142,1.9016171608571428,2.776911393428571,5.0036828331428564,10.21892868542857
10023,8.100531294714285,4.493825667,18.726428910000003,1.8930800147142859,2.733514258,4.986845723285714,11.432388653285715
10024,8.331745557714287,4.620934241571428,19.933485975714287,1.9350542971428573,2.7190485461428575,5.020282873714286,12.384754375428571
10025,8.591654175285715,4.65271139942857,21.076988725714283,1.9433542892857143,2.7624456814285714,5.120357199571428,13.185348644285716
10026,8.815517090285715,4.748042872857143,21.728183081428572,1.9941028645714287,2.711934267142857,5.120357199571429,13.817334235714286
10027,9.010448525142857,5.113480046,22.74457742714286,2.364994302714286,2.733751411714286,5.153557224428572,14.558879915714284
10028,9.154868574,5.351808588142857,23.395771782857143,2.542140004857143,2.7916142731428573,5.086920049,15.140116995714283
10029,9.248777236714286,5.606025737428571,23.888317417142854,2.7441857187142857,2.806079984857143,4.986845779571428,15.63716847
10030,9.407662969142859,5.987351461285714,24.412640152857144,2.9801428627142856,2.78449998,4.90360862,16.13445707
10031,9.400311621142857,5.955574360142856,24.793965820000004,2.996980000857143,2.7844999799999997,4.770097200142857,16.463136994285716
10032,9.306402958428569,6.0032400685714284,24.96874021714286,3.0560285752857146,2.755568556428571,4.736660049714287,16.72423124
10033,9.320868641999999,6.035017169714286,25.15940305,3.148751426,2.7555685564285715,4.786697184428571,16.909677082857144
10034,9.219845756857142,5.733134312142858,24.74653729285714,2.9042571359999996,2.748217151857143,4.8870085794285725,16.758142811428574
10035,9.104357188142858,5.574248636285715,24.31778287285714,2.828371437571429,2.7624457097142856,5.020519999428571,16.4296999
10036,9.08989139157143,5.44714006157143,23.952345642857146,2.7019742965714286,2.7987285662857144,5.053720024285715,16.134694082857145
10037,8.923891323714285,5.288254329142857,23.428022907142857,2.575577155571429,2.8276600039999997,5.086920049142857,15.704991161428575
10038,8.822868438571428,5.208811462857143,22.88781150714286,2.516765735,2.863705706571429,5.136957183857143,15.359474070000001
10039,8.663982762714285,4.907165730857143,22.506485612857148,2.2302971625714285,2.827660004142857,5.070320008428571,15.115216989999999
10040,8.418302815999999,4.938942888714286,22.538262714285715,2.188085740285714,2.8203085712857145,5.037119983571428,15.317499772857143
10041,8.187088552857142,4.938942888714286,22.633594018571433,2.314482881285714,2.7697971287142864,4.886771397285714,15.435359711428571
10042,7.9487599542857135,5.034274305428572,22.58592825285714,2.407205746142857,2.7121714212857144,4.803297112,15.527845507142858
10043,7.638102881571428,5.0660514632857145,22.66537112,2.626325752,2.690354276571429,4.8533342467142875,15.822851324285717
10044,7.443171503142858,5.145494329428572,22.983142358571428,2.778097177142857,2.646957127,4.903371381428571,16.362114221428573
10045,7.269820030714286,5.5268200532857135,23.602796625714284,3.106777143571428,2.567514274857143,4.853334246714286,17.111959865714287
10046,7.0964686147142855,6.209791452428571,24.14300825142857,3.721925724857143,2.531231418285714,4.869934287428571,17.88717987857143
10047,6.887071439857143,6.321011476428572,24.063565385714288,4.008394283142858,2.4733685569999997,4.903134312285714,17.89547984285714
10048,7.277171434857144,6.765891515857143,24.571762445714285,4.160165736571429,2.531231404142857,5.0200457481428575,18.207322825714286
10049,7.717782816285713,7.258200024857143,25.461285172857142,4.497145737428572,2.6033228515714284,5.070082882857143,18.814171399999996
10050,8.136814235285714,7.591860040285715,26.176033955714285,4.623542878428572,2.6756514105714286,4.986845723285714,18.999617017142857
10051,8.512211365142857,8.052628573714285,26.76367388142857,4.977360017428572,2.7695599744285713,4.870171413142857,19.210199990000003
10052,8.931005658428571,8.243291463857144,27.033542568571427,5.128894345142858,2.8561171337142857,4.836734262571428,19.033291575714287
10053,9.415014260285714,8.433954297571429,27.462296535714284,5.078382902571429,2.9718428281428575,4.8367342625714285,18.906894434285714
10054,9.927717103285715,8.592839973428573,27.90693939285714,5.145731454999999,3.1020342484285712,4.786697127857143,18.906894434285714
10055,9.891671401857142,8.815042782571428,28.11349089,5.3394771485714285,3.0659885460000003,4.870171413,18.99961724285714
10056,9.877205719,8.656394289,27.795719651428577,5.229917117428571,3.0515228060000004,5.003682889428572,18.755360164285715
10057,9.869854257857142,8.76761425642857,27.71627655857143,5.288965706142858,3.0659885460000003,5.153794293571429,18.721685831428573
10058,9.891671402428571,8.624617187857144,27.33518813,5.011034293857143,3.1164999887142857,5.220431468999999,18.30052011142857
10059,9.834045681000001,8.624617187857142,27.271633701428573,4.994197127571428,3.1309657005714278,5.353942889,18.334194444285714
10060,9.761717037142857,8.59284008657143,27.192191061428577,5.112057122571429,3.1091485841428574,5.337342848285714,18.207797304285712
10061,9.725671334714287,8.751725875428573,27.065319668571426,4.960522851428572,3.1017971795714283,5.454254227571427,18.13214890142857
10062,9.682274170428572,8.640743033714285,26.81110263285714,4.82582569,3.152308593857143,5.470854268285715,17.98037739142857
10063,9.617296987142856,8.497745851999998,26.74754843,4.8512000024285715,3.1741257384285713,5.504291362285715,17.803231512857142
10064,9.559671265714286,8.370637220857143,26.36646000142857,4.724802861285715,3.1307285748571423,5.604365688142857,17.567274397142857
10065,9.574136949857145,8.132308622285715,26.016911435714285,4.648917134571429,3.1162628629999998,5.771314258571429,17.120497182857143
10066,9.602831304285715,8.068754306714286,25.87415160571428,4.379285714285715,3.1162628629999998,5.8047514090000005,16.800354235714288
10067,9.646228468000002,7.893980023714286,25.55661738,4.185540020714286,3.1307285748571436,6.004900004285715,16.614908392857142
10068,9.646228468,7.528542850571429,25.33417744571429,4.075980046,3.1307285748571436,6.054937195428572,16.25255391
10069,9.63176278457143,7.290214252,24.85775748714286,3.873697206428571,3.1162628629999998,6.088374289428572,15.789176881428572
10070,9.631762784571427,7.1154399690000005,24.349560201428574,3.5703914817142857,3.094445718428571,6.071537179571429,15.350936981428573
10071,9.646228468,6.940665742428572,24.270117335714286,3.401782890285714,3.1089114301428573,5.988062894285714,15.207702674285715
10072,9.631762783857141,7.067774317,24.63555456571429,3.5450171694285713,3.0799800065714282,5.921425718857143,15.620568317142855
10073,9.660694150857141,6.654671435428573,24.158897368571427,3.3849457379999994,3.0728656992857144,5.954625743714286,15.140116882857143
10074,9.747488478571428,6.2574571610000005,23.920568769999996,3.199500008428571,3.080217103857143,5.954625743714286,14.617691264285714
10075,9.920839894857142,6.146237137,23.92056877,3.064565707285714,3.1236142392857147,5.988062837714287,14.508131402857144
10076,10.13023701257143,6.0667942707142855,23.872903004285714,2.9550057044285714,3.159659970142857,6.0046628784285705,14.297311417142856
10077,10.361214262999999,6.209791452428571,24.143008704285712,2.9210942742857138,3.2248742784285716,6.021499988285714,14.373197059999999
10078,10.527214330571429,6.193902845285715,24.22245157,2.8705828315714284,3.217522873857143,6.038337098142857,14.229962752857142
10079,10.693214284714287,6.146237136857143,24.381100062857143,2.6936742762857144,3.217522873857143,6.054937082428572,14.12893998
10080,10.989405730000001,6.448119994428572,25.064071518571428,2.879119991857143,3.2609200375714282,5.971462797285715,14.710414185714285
10081,10.722145650857142,6.575228569000001,25.12762572142857,2.955005718571428,3.203057190428571,5.888225637714286,15.182328531428572
10082,10.375442818571429,6.845334268857143,25.254734351428567,3.2668486032857147,3.1091486124285717,5.904825678428572,15.738428481428572
10083,9.963762804714287,7.004220001285715,25.22295725,3.5533171898571427,3.0512857369999997,5.9214256627142845,16.168368417142858
10084,9.501571291285714,7.083662811000001,24.508208692857142,3.705088615,2.935560014285714,5.904588552857144,15.890437117142856
10085,9.060959853571429,7.178994284428572,23.698128605714285,3.9495829051428575,2.942911418857143,5.954625687571429,15.61226857857143
10086,8.584302770142857,7.083662811142858,22.554625855714285,3.9832571812857145,2.957377130571428,6.054700013428572,14.997119927142853
10087,7.984805656714286,6.8453342691428585,20.68048577142857,3.831485756142857,2.8561171197142854,6.138174298571428,13.573077156285715
10088,7.840148538714287,6.781779953571429,18.75844302285714,3.7302257452857144,2.8561171197142863,6.221411458142858,11.76984276357143
10089,7.6523313828571435,6.384565679142857,16.598071450142857,3.4437571445714283,2.863468552571429,6.221411458142858,9.797999920857142
10090,7.5368428707142865,5.987351404714286,15.073242807285714,3.292222845,2.8563542735714287,6.338322893857144,8.340045690714286
10091,7.428468637428572,5.796688571,13.659397118857145,3.2839228528571427,2.914217120857143,6.671982852714286,6.957977075285714
10092,7.428468637428571,5.526582814571428,12.102791487571427,3.089940005428571,2.979194275285714,7.088879971142857,5.398999960571429
10093,7.551308554285714,5.351808531571428,10.514408528,2.9889171485714283,3.0081256990000003,7.55605135,3.814648582714286
10094,7.630751420571428,5.510694207428571,9.815548521285715,3.1238514355714284,3.116499988857143,8.106697014142858,3.0225914337142856
10095,7.7320114879999995,5.621914231428572,9.227908482428573,3.2841600067142855,3.1380799795714287,8.657342678285714,2.2388343032857145
10096,7.8693172578571415,5.812577121571429,8.401939957999998,3.3600457194285718,3.138079979571429,9.107677003857143,1.4214028684285716
10097,7.883782941428572,5.796688571,6.591117105857142,3.241948570571428,3.130965700714286,9.45793700342857,-0.4999286162857142
10098,7.898248625,5.590137130285714,5.59061145242857,3.098477137571429,3.1020342771428573,9.608048520714286,-1.5869914714285716
10099,7.8261572198571425,5.542471421999999,4.8758628388571434,3.0396657028571425,2.9936599874285714,9.758160038571429,-2.0672057514285713
10100,7.609408696857144,5.5583600291428565,3.620902854,3.1406885597142855,2.921331400142857,9.89143438957143,-3.288965732571429
10101,7.327682934571429,5.335920037714287,1.873634331857143,3.073102853428572,2.8708199574285715,9.974671606285714,-4.713245772571428
10102,7.096468614857143,5.383585746142857,2.667825755,3.098240011857143,2.8492399667142854,10.041308781142858,-3.626182945714286
10103,6.872605699857144,5.510694264142857,1.9371886191428571,3.1992628687142854,2.8418885338571434,10.191420185428571,-4.308917191
10104,6.691902879285714,5.971462854142857,-0.8423628987142858,3.654339990285714,2.8923999481428573,10.458443025714287,-6.702162907571428
10105,6.525665742285716,6.336900027285715,-2.0655457824285715,3.924208536142857,2.885285669142857,10.825540135714286,-7.822900011285713
10106,6.3954743078571425,6.638782884857143,-4.892999977571429,4.1516285622857145,2.9213313998571424,11.15920015,-10.721971445142858
10107,6.323145720571428,7.020108552000001,-5.798174214142857,4.294862841428571,2.9720799962857143,11.376185855714285,-11.547939969
10108,6.381008567714285,7.369657118,-6.7035856612857145,4.564494233285715,2.9720799962857143,11.67664578857143,-12.424182753428571
10109,6.409939991428571,7.639762817857142,-10.039237087000002,4.716265658571428,3.0804542859999997,11.926831462857143,-15.69390855
10110,6.438634289285714,7.846314315285714,-10.753985615714287,4.943922810428572,3.123851421285714,12.093780032857143,-16.435454342857145
10111,6.4891456754285715,7.671539975714286,-8.975176947714287,4.699428548714286,3.138317161285715,12.177017135714285,-14.84280278142857
10112,6.583054225142858,7.560319951714286,-8.832179765857145,4.733102881428572,3.2177600274285716,12.193617062857143,-14.455311393857144
10113,6.669848496,7.433211377142858,-6.719711281571429,4.640379988428571,3.2177600274285716,12.160416981428572,-12.196762782999999
10114,6.720597064285714,7.17899428457143,-4.718462792571429,4.530819985571428,3.224874306428571,12.24389121,-10.098285706285713
10115,6.80715420942857,7.00422000157143,-1.0970542422857135,4.370748596571428,3.217522901857142,12.310528385714287,-6.7024000647142845
10116,6.929994182714286,6.813557167857143,3.0327884934285723,4.227514289142857,3.1451943428571427,12.444039861428573,-2.6742913647142847
10117,7.038368472571428,6.559339962142857,6.686211269428573,4.008394283285714,3.123377198285714,12.727662742857143,0.8228544009999997
10118,7.2840485322857145,6.448119994714287,10.673057048571428,3.797811423428571,3.0799800347142856,13.028122902857143,4.615005758142857
10119,7.486331371714286,6.368677128571429,14.437462779428573,3.5701542715714285,2.993185735714286,13.361782918571427,8.036502782
10120,7.710194230142856,6.289234318857143,17.773114289428573,3.460594268571429,2.986071428571429,13.528494364285711,10.96901139542857
10121,7.890659924857142,6.305122869428572,19.965025838571428,3.4774314348571425,2.9210942741428565,13.51165731,12.940854212999998
10122,8.020851359285714,6.289234318857142,20.886325892857144,3.4522942764285713,2.906628534142857,13.411583041428573,13.867845735714283
10123,8.150805668,6.0985714852857145,21.60107467571429,3.3258971352857145,2.8850485151428567,13.211434502857143,14.45785703
10124,8.223134198714286,6.178014351428572,22.029829095714287,3.3341971274285713,2.8274228077142856,12.961248715714287,14.896096928571428
10125,8.237599882142858,6.178014351428573,22.42704320142857,3.393245716,2.7624456674285716,12.64418862857143,15.224776965714288
10126,8.288111381285715,6.225680059857143,22.760703104285714,3.469131414428571,2.7769113792857145,12.34396582,15.494408414285717
10127,8.345974228571428,6.336900027285715,23.04669724142857,3.5535542871428567,2.7695599464285716,12.127217240000002,15.738902732857142
10128,8.403837075857144,6.336900027285714,23.348580042857144,3.427157117857143,2.7479799557142854,11.993942890000001,15.932648539999999
10129,8.446997113857144,6.257457161,23.47568867285714,3.3512714194285715,2.7263999649999997,11.760357142857142,15.991697015714283
10130,8.461462797428572,6.273345711571428,23.571019977142857,3.3512714194285715,2.7335142439999998,11.493334303285716,16.033671312857145
10131,8.497508499857144,6.162125744142857,23.555131314285717,3.2502485624285717,2.798491384285714,11.276348597571427,15.974622837142858
10132,8.468577019714287,6.114460035714286,23.316802941428573,3.241711416428572,2.8561170917142857,10.959288622285714,15.764039864285717
10133,8.331508432000001,6.035017226,22.871923071428572,3.140688559571429,2.8634685245714286,10.592191512714285,15.469034272857145
10134,8.100294168857143,5.8602429429999985,22.236617380000002,2.9467056981428574,2.8274228220000004,10.275131538142857,15.081305532857144
10135,7.876431366857142,5.6060257938571425,21.505980158571425,2.8203085712857145,2.8129571102857143,10.124783008142856,14.626228354285715
10136,7.674385653,5.590137243285715,21.092877164285714,2.7444228445714285,2.8058428312857138,10.124783008142856,14.28901122714286
10137,7.486568553571429,5.4471401181428565,20.489348574285714,2.676837138285714,2.7916142734285714,10.191657196285714,13.867608494285715
10138,7.298751454142858,5.208811519571428,19.94937418714286,2.609251432,2.7555685708571427,10.225094403428571,13.606514248571427
10139,7.045957228571427,5.224700070142857,19.536508431428576,2.6514628541428573,2.683477151571428,10.375205807285713,13.345182877142857
10140,6.850788668,5.272365778571428,19.552396868571428,2.887419998142857,2.6327285832857146,10.475280076857144,13.63165149142857
10141,6.713482954571428,5.494805769999999,19.98115128857143,3.232937159142857,2.6327285832857146,10.59195438714286,14.170914501428573
10142,6.5688258365714285,5.6378028951428565,20.378128381428574,3.3678714320000003,2.618262857285714,10.608791552857143,14.634528882857142
10143,6.395474364142856,5.7649114131428565,20.648234081428573,3.586991437857143,2.5893314195714288,10.625391594285714,15.283588994285717
10144,6.200542929285713,5.923797089,20.64823408142857,3.7556000011428567,2.5385828512857147,10.625391594285714,15.570294622857142
10145,5.983794349714286,6.273345655,20.85478557857143,4.008394311428572,2.509651413571429,10.658591562857142,15.772577405714287
10146,5.860954319999999,6.432231387428572,20.950116881428574,4.067442871857144,2.516765706714286,10.675428730000002,16.109557405714288
10147,5.781511453857142,6.384565679,20.950116881428574,3.9410457307142863,2.524117125428572,10.708865824285715,15.991697241428572
10148,5.680488568714286,6.384565679,20.60080532857143,3.8905342881428573,2.4736056970000004,10.75890295857143,15.764277102857145
10149,5.593931423571428,6.432231444,20.060831167142858,3.991557145142857,2.4517885664285717,10.808940094285717,15.351174107142855
10150,5.507137152857143,6.368677185000001,19.775074042857145,3.865160004142857,2.429971435857143,10.842377188571431,14.938071111428572
10151,5.427694286571429,6.305122925857144,19.600299872857143,3.898834308571429,2.4228571427142853,10.942451571428574,14.80313688
10152,5.435045747714286,6.130348642857143,19.361971274285715,3.8314857278571424,2.408391430857143,10.925851531428574,14.67673973857143
10153,5.3990000451428575,5.923797202000001,19.298417072857145,3.738762891285714,2.4157428495714286,10.892414324285715,14.634765442857143
10154,5.370068621571428,5.907908594857142,18.980882847142855,3.662877192857143,2.4228571425714285,10.875814395714286,14.499831325714284
10155,5.319557179,5.923797202,19.044200037142854,3.654340046857143,2.4155057097142856,10.875814395714286,14.55864278857143
10156,5.29797716,6.003240011714287,19.36197150142857,3.7216886275714285,2.401039983857143,10.85897722857143,14.879022748571428
10157,5.305091438857143,5.955574303285714,19.187197331428568,3.7807371878571425,2.4083914025714286,10.842377299999999,14.845348415714284
10158,5.305091438857143,5.907908595,19.23486287,3.688014323,2.4010399838571423,10.808940092857144,14.895859802857142
10159,5.305091438857143,6.225680003142857,19.615951524285713,3.8649228784285716,2.4010399838571423,10.808940092857144,15.30872556
10160,5.290625755285714,6.511674253714285,19.774600017142856,4.075505738285714,2.357642848428571,10.825540132857144,15.401448367142857
10161,5.247465717285714,6.591117119857143,20.012691377142858,4.1345542985714285,2.314245699,10.825540132857144,15.570056817142856
10162,5.247465717285714,6.448119938142858,19.631602721428575,4.008157157428571,2.336062843571429,10.758902957142856,15.224776852857143
10163,5.269045736285714,6.464008545285714,19.72669701285714,4.042068559285714,2.422857128428571,10.725702988571427,15.308962685714286
10164,5.2040686101428575,6.638782828285714,19.758474114285715,4.193602830571429,2.4083914167142852,10.708865822857144,15.384848554285712
10165,5.204068610142857,6.781779953428571,19.86969430857143,4.1684657004285715,2.4157428354285715,10.708865822857145,15.317500001428572
10166,5.182488591142857,6.543451411428571,19.647491385714286,3.9495828484285718,2.4083914167142852,10.725465862857146,15.115217217142858
10167,5.2258856982857145,6.479897152285715,19.711045814285715,3.873697121714286,2.429971421571428,10.675428728571429,15.24161435857143
10168,5.290862880857143,6.607005726857143,19.997040178571428,4.016931401,2.466254278,10.508480158571428,15.511245807142858
10169,5.348488602428572,6.781780009857143,20.632345869999998,4.286799975142857,2.4589028592857143,10.341768714285717,16.12639445857143
10170,5.398999988571428,6.956554292857142,20.96600577285714,4.3792857142857144,2.408391430857143,10.124782896428572,16.345514407142858
10171,5.565237125571429,6.829445718285713,21.204097131428572,4.2360514351428575,2.4589028592857147,9.857997182,16.438237215714288
10172,5.724122858,6.956554292857142,21.505742692857147,4.396122852428571,2.480482864142857,9.541174332571428,16.750080085714288
10173,5.947985716571429,7.083662867428571,22.07749418142857,4.311699979714286,2.5238799995714283,9.190914276714286,16.943825667142857
10174,6.106871448999999,6.956554292857143,22.347599881428575,4.278025703428571,2.5456971301428575,8.857491386857143,17.036548701428572
10175,6.337848586428571,6.861222876142857,22.36348854428572,4.1684657004285715,2.560162856142857,8.590705672571428,16.901614357142858
10176,6.6195742919999985,6.718225750857143,22.427042972857144,3.9154342644285713,2.6109114244285716,8.323682832571428,16.547560064285715
10177,6.879720035142857,6.543451467857142,22.252268802857145,3.570154271428572,2.646957141142857,8.140134334428572,16.117857142857144
10178,7.067537191142857,6.543451467857143,22.157174512857143,3.469131414428572,2.6543085739999994,8.090097199714286,15.814551474285716
10179,7.211957183428572,6.495785759428571,22.220728942857143,3.4605942684285713,2.683239997714286,8.040060065,15.637642834285716
10180,7.291400049571428,6.416342893285715,21.44242595714286,3.5701542714285712,2.719285700285714,8.073497272142857,15.00565712857143
10181,7.370842915714285,6.368677184857143,20.489348801428573,3.511105682857142,2.8058428595714284,8.090097312857143,13.960568429
10182,7.370842915714285,6.257457160857142,18.440434434571426,3.4098457002857145,2.877934292857143,8.206771509857143,11.769605651714286
10183,7.276934366,6.416342893285715,17.715093435333333,3.5952914017142854,2.957377159,8.206771509857143,8.837096982
10184,7.248002942428571,6.432231443857143,13.5271900125,3.662639982428572,3.051285737,8.190171469142857,5.314577072857142
10185,7.211957239857143,6.495785702857143,9.098033393833333,3.8732228422857142,3.1233771702857145,8.323682832571427,1.6234484885714284
10186,7.204605778714286,6.368677128285715,4.076256588166667,3.645802844285714,3.195705757428571,8.473794236714285,-2.6069428800000005
10187,7.1901400387142855,6.384565678857142,-0.5009166538333331,3.671177128428571,3.2609200657142856,8.52383137142857,-6.719237071428572
10188,7.276934253,6.654671378714286,-4.8741866971666665,3.7892742774285715,3.2972029221428576,8.673942775571428,-10.494314136142858
10189,7.385308542857143,6.829445661714286,-8.247030025833334,3.9073713981428573,3.3406000575714287,8.924128562857144,-13.283588371714286
10190,7.5370799398571435,6.845334212285714,-8.800402833571429,3.7389999887142857,3.3621800484285713,9.474774282857144,-15.36499127342857
10191,7.558659902285713,7.083662810857143,-10.214011454000001,3.6799514001428575,3.376645760142857,9.958545702428571,-16.957642721428574
10192,7.565774181285714,6.988331394142857,-11.70706277085714,3.5030428448571422,3.376645760142857,10.191894322428572,-18.55029428285714
10193,7.471865631571427,7.147217126571428,-13.200114200285714,3.562091405142857,3.347714308285714,10.37520580814286,-19.890151335714286
10194,7.377957081857143,7.2425486,-14.820274147142857,3.604065701714286,3.3187828564285717,10.575354346428572,-21.356405755714288
10195,7.146742875285713,7.051885766428571,-16.456322758571428,3.3344342672857143,3.2680342881428572,10.708865710000001,-22.96613172142857
10196,6.886834314285713,7.083662924142857,-17.93348563714286,3.334434267285714,3.260920009142857,10.675665628000003,-24.44068610428571
10197,6.597994329571429,6.750002908857143,-19.426537065714285,3.022591407285714,3.174362864,10.542154152285715,-25.71319471714286
10198,6.388597211142857,6.575228625857144,-20.66560835857143,3.1236142641428577,3.102034305,10.475517089428573,-26.556000407142854
10199,6.2007800551428565,6.622894334285715,-21.316802712857143,3.1826628244285713,3.0444085835714287,10.525791349428571,-27.103800280000005
10200,6.049245783857143,6.750002852285715,-21.36446847857143,3.3090599655714286,3.0083628811428573,10.842851323714285,-27.120637445714287
10201,5.955337177571429,6.734114245142857,-21.110251442857145,3.1153142437142862,2.936034322142857,11.226548473714287,-26.724608855714287
10202,5.984268601142857,6.908888528142856,-20.459057088571427,3.519879965142858,2.9360343221428566,11.526771395142857,-25.99990011571429
10203,5.969802861,6.8612228197142855,-19.680754330000003,3.452294258714286,2.8852857538571426,11.927068585714286,-25.14879446142857
10204,5.955337177571428,7.004220001428571,-18.727677174285713,3.730225688571429,2.971842899,12.227291507142857,-24.087105834285715
10205,5.919291475142856,6.8294457184285715,-17.647491612857145,3.6292028317142857,2.928682889285714,12.410840005714288,-23.151577335714286
10206,5.883245772571429,6.654671435428573,-16.694414457142855,3.5028056907142857,2.9791943035714286,12.494077110000001,-22.07281453
10207,5.883245772571429,6.257457161142857,-15.360248645714288,3.4283033194999994,2.9718428707142857,12.22705427,-20.648771645714284
10208,5.782222943857143,5.828465757142856,-14.121414252857141,3.2611966605,2.9573771588571427,11.909994295714286,-19.131768714285716
10209,5.623337211428571,5.272365750285714,-12.866454296428572,2.7203133153333336,2.877934292714286,11.709845757142858,-17.56425439714286
10210,5.572825768857143,4.843374318142857,-10.324994202571428,2.504236660166667,2.7913771334285715,11.526297145714286,-14.90991426514286
10211,5.558360028714286,4.46228572,-6.385814301142858,2.2289533255,2.733514286142857,11.309311440000002,-10.924017101428571
10212,5.673848597428571,4.303399987571428,-2.0814342954285716,2.0618466665,2.7045828484285717,11.225837211428571,-6.584302770285713
10213,5.847200013428571,4.128625732714285,2.2706114745714276,1.9240666593333333,2.6177885775714285,11.15920014857143,-2.370985580285715
10214,6.099994295571428,4.049182866428572,6.241568590285715,1.977502852142857,2.5672771489999997,11.242674377142858,1.4465400325714282
10215,6.4177657038571425,4.033294287571429,10.387299988857142,1.9943399902857142,2.538345725428571,11.326148605714286,5.171105711142857
10216,6.721071428571429,4.160402862142857,14.167594271,2.0365514267142855,2.5528114371428567,11.45965996857143,8.550154299714285
10217,6.908888584571428,4.2875114367142855,16.693165742857143,2.078525709142857,2.5743914419999996,11.52653427,10.909725739142857
10218,7.118285759571428,4.493825751857143,17.78924008,2.2049228502857146,2.4878342827142856,11.61000849857143,11.803042928285715
10219,7.241125732857142,4.557380011,18.408894345714284,2.415505710142857,2.4949485757142855,11.61000849857143,12.367680081428572
10220,7.349500022571429,4.763931423571429,19.155420004285713,2.5587399892857143,2.4949485757142855,11.643445592857145,12.9999028
10221,7.493920014857143,4.859262897,19.75894859285714,2.642925693857143,2.5165285805714284,11.693482728571428,13.294671378571428
10222,7.566011476428571,5.065814337714286,20.20359145,2.7356485587142854,2.5383457111428567,11.726919935714287,13.581139879999998
10223,7.602057179,5.208811463000001,20.711788509999998,2.7946971331428574,2.552811423,11.726919935714287,14.011079814285711
10224,7.7535914502857155,5.272365722142857,21.18820846857143,2.8369085554285713,2.625139982,11.810157151428571,14.322922572857143
10225,7.833034316428573,5.383585689571428,21.521631357142855,2.912794282142857,2.6611856987142857,11.826994318571428,14.601091111428573
10226,7.840148595285714,5.4471400050000005,21.680280077142857,2.8454457014285715,2.6540714057142862,11.826994318571428,14.727488138571431
10227,7.782285748142857,5.4471400050000005,21.632614312857147,2.794934287142857,2.654071405714286,11.74352009,14.67673962714286
10228,7.6018200532857145,5.415362847142857,21.267414322857146,2.744422872857143,2.661422838714286,11.593408685714286,14.499831099999998
10229,7.500797168142857,5.383585689428571,20.997545862857145,2.778097149,2.683002843571429,11.376422981428572,14.348296942857145
10230,7.3563771758571415,5.288254272571428,20.664123198571428,2.7695600029999996,2.6830028435714293,11.075963047571431,14.137476957142857
10231,7.154094336285714,5.161145726142856,20.283034544285716,2.5504400077142857,2.6180257175714283,10.709102951285717,13.968868392857143
10232,6.886834314142857,5.2088114345714285,20.14003725,2.5253028492857146,2.5459342842857144,10.458680151714287,14.145777032857142
10233,6.6269257531428565,5.097591410714286,20.04470572,2.6180257140000003,2.4809571440000004,10.225094405714286,14.297548542857143
10234,6.403062894571428,5.034037151714286,20.124148585714288,2.7780971312857146,2.4088657107142857,10.191657198571429,14.626228692857142
10235,6.229711422142857,5.081702860142856,20.55290277857143,3.0223542674285713,2.336537137571429,10.27513154,15.266751487142857
10236,6.020314303714286,5.4312514261428575,21.092876938571433,3.4605942509999994,2.2644457042857145,10.392042975714284,16.12615721857143
10237,5.933520032857143,5.669579968142857,21.759959731428573,3.797574223571428,2.213934275857143,10.525554339571428,16.985800075714288
10238,5.789100040571428,6.241568553857143,22.744576975714285,4.387585678142856,2.1705371262857147,10.62562872157143,17.887417342857145
10239,5.753054338,6.607005670428571,23.570545725714286,4.935148567142858,2.1847656982857147,10.692502909714287,18.62066305857143
10240,5.774634357000001,7.083662867571428,23.904205854285713,5.086919964142858,2.2568571315714285,10.876051521428574,18.99131728
10241,5.731237193428572,7.5285427938571425,24.07898025,5.272365665571428,2.300017141285714,10.87605152142857,19.20213726571429
10242,5.687840086285715,7.814537100857144,24.333197512857144,5.373625676428572,2.3434142765714285,10.826014387142859,19.395883072857142
10243,5.60839722,7.941645732,24.26964331,5.323114290285714,2.372108574428571,10.85945148,19.28632309714286
10244,5.485794315857143,8.021088598285715,23.99953761,5.382162879,2.393688579285714,11.026400050000001,19.151388754285712
10245,5.413702854285715,7.893980023714286,23.316566154285713,5.390462842857143,2.400802872285714,11.243148517142858,18.74706020142857
10246,5.312442843428571,7.830425821285714,22.951366164285712,5.146205650285714,2.42973431,11.559971478571429,18.409843075714285
10247,5.17513713,7.973422889857143,23.046697467142856,5.365088530428572,2.4152685982857145,11.743519975714284,18.59528891857143
10248,5.17513713,8.100531520999999,23.142028771428574,5.491485671428571,2.451551454857143,11.89363138,18.74682318857143
10249,5.110159947428571,8.227640095571427,22.871923071428572,5.567371369857143,2.5094143162857145,12.060342711428572,18.60358888142857
10250,5.044945639142857,8.052865756,22.84014597142857,5.516859927285714,2.5238800281428566,12.210454115714287,18.628963024285717
10251,5.073639937,8.465731511714285,23.142028771428574,5.592745625714286,2.5383457398571427,12.327128425714287,18.83978301
10252,5.109685696,8.640505738142858,23.380357369999995,5.660094178142858,2.5746285964285716,12.560714171428572,19.11771442142857
10253,5.153082859714287,8.640505738142856,23.380357370000002,5.752817042857144,2.5819800151428574,12.794299804285714,19.21043723
10254,5.167548543285714,8.465731455142857,23.2055832,5.727679912714287,2.603797159857143,12.994448457142857,18.991317280000004
10255,5.196479966857142,8.449842904428573,23.30091473,5.744517079142857,2.596445726857143,13.211434161428572,19.185062861428573
10256,5.196479966857142,8.51339722,23.237360301428573,5.685468490571428,2.560162870285714,13.445019907142859,19.15138852857143
10257,5.225411390428571,8.386288645428571,22.999031702857142,5.508322781285715,2.553048577142857,13.728642901428572,19.04182855428571
10258,5.1893656880000005,8.116420071428573,22.84014597142857,5.48294852542857,2.531468572285714,13.84531721142857,18.915431412857142
10259,5.145968524428571,8.132308735142857,22.983143039999998,5.584208536285714,2.4951857157142854,13.745242941428572,19.03352859
10260,5.080991341857143,8.068754419571428,22.792480205714288,5.415599972999999,2.4733685851428566,13.661768712857143,18.747059974285715
10261,5.073877062999999,8.227640151999998,23.062585905714286,5.499785691857143,2.473368585142857,13.67836864,19.008391232857146
10262,5.037831360428571,8.052865812571428,22.967254375714283,5.331177128428571,2.4807200181428573,13.745005815714284,18.738759784285715
10263,5.052297100428571,8.052865812571428,23.20558297428571,5.364851461142857,2.4662543064285716,13.711568721428572,18.915668424285716
10264,5.102808542999999,8.402414378571429,23.380357142857147,5.702068587714287,2.4807200182857145,13.528019997142858,18.923968388571428
10265,5.189602813714286,8.434191479857144,23.682239944285715,5.710605733714286,2.4878343114285717,13.261234282857144,19.19359983714286
10266,5.2835113634285715,8.307082848714286,23.475688672857142,5.541997170428572,2.516765735,12.777462864,18.991316828571428
10267,5.449748500285714,8.465968581,23.841125677142855,5.609345722857142,2.5530485915714287,12.327128538285715,19.277785444285712
10268,5.637565656285715,8.338860063,23.857014114285715,5.373388550571428,2.5530485915714287,11.726682808714285,19.210437005714283
10269,5.767519965142857,8.338860063,24.000011182857143,5.322877108,2.5456971585714285,10.992725715714284,19.143088565714287
10270,5.9479856600000005,8.275305747428572,24.317782647142856,5.213317076714286,2.5675143032857144,10.408880027142857,19.10087703
10271,6.0852913734285705,7.9416457320000005,24.44489127857143,5.027871347142857,2.5964457409999997,10.008345824285714,19.02522862714286
10272,6.323619972,7.989311496857143,24.539985568571428,4.884637039714286,2.6471943092857146,9.758160038,18.831483047142857
10273,6.561948570571428,8.005200047428572,24.857756807142856,4.690891346142857,2.6690114539999996,9.90827144257143,18.662874597142856
10274,6.807391448142857,7.766871448857143,24.984628198571425,4.606705683857142,2.705057156428571,9.924871484000002,18.528177491428576
10275,7.0312543065714275,7.750982785142857,25.06407106571428,4.5730314075714285,2.770034282428571,9.89143439,18.469128788571428
10276,7.204605722428572,7.878091359714285,25.270622562857145,4.749939991285714,2.7629199894285716,9.941471524714288,18.69678594142857
10277,7.255117165,7.925757011571428,24.952851098571426,4.901711444714286,2.806079970857143,9.908271443285715,18.469366028571432
10278,7.3490257712857145,8.084642744000002,24.523859667142858,4.834362892285715,2.813194249857143,9.691522863142856,18.01428873714286
10279,7.226185741428572,7.607985546857143,23.14202831857143,4.581568610142857,2.813194249857143,9.574611427285713,16.716405867142857
10280,7.1251628561428575,7.274325588000001,22.061842758571427,4.3878228884285715,2.8347742405714293,8.874091427714285,15.814788599999998
10281,6.9952085472857135,7.1631055641428585,20.823008478571428,4.286800003285714,2.820308528857143,8.173571372,14.73602568142857
10282,6.828971410285713,6.956554179857144,19.34584559857143,4.244588581142858,2.7842628264285714,7.823311372428571,13.311745785
10283,6.720597120571428,6.607005613857143,18.313325577142855,3.9076085801428566,2.820308543142857,7.556288475999999,12.165634312142858
10284,6.785574246714286,6.225679946571428,17.51913415285714,3.5872285634285714,2.8203085431428567,7.322702843142857,11.061734262428573
10285,6.814505670285714,6.019128505857144,16.740831167142858,3.4354571381428576,2.8347742548571424,7.372739977857143,10.227465773714286
10286,6.951811383714286,6.193902788857143,16.693165402857144,3.5701542995714286,2.8347742548571424,7.3395400095714285,10.109605722571429
10287,7.038368528857142,6.225679946714285,16.61372253714286,3.7302257168571424,2.7697971145714284,7.939985739142857,10.07593150257143
10288,7.132277135142856,6.32101142,16.693165402857144,3.789037151571429,2.7192856859999996,8.540431525285713,10.092768668285714
10289,7.197491443428572,6.019128562428571,16.48661402,3.578454291714286,2.711934253142857,8.840654390142856,9.890722897999998
10290,7.154094279714286,5.638039992571429,15.34287403,3.333960001714286,2.632491401,9.024202944714284,9.022780020714286
10291,6.973628584857144,5.479154260285715,14.437462639999998,3.123377141857143,2.618262843142857,9.174314348857141,8.609914321285714
10292,6.908651402142857,5.209048560428571,14.088151312857145,2.929631434285714,2.5748657077142854,9.074240079428572,8.264397174428572
10293,6.727948581571428,4.827722864999999,13.818282738571428,2.7273485665714285,2.5241171394285713,8.957328643571428,8.053577188857144
10294,6.590880050428571,4.748279998857143,13.2624198,2.5841142874285716,2.5962085587142854,8.506994374714287,7.615337177714286
10295,6.468040020571428,4.589394266428571,12.849317032857142,2.5421399908571423,2.6901171225714284,7.90654858857143,7.328868562857144
10296,6.3883599722857145,4.716502841,12.865205582857142,2.4916285622857144,2.6685371318571427,7.189191423142858,7.413054281571428
10297,6.410177117000001,4.8433742898571435,13.278308465714288,2.5592142828571434,2.7769114075714287,6.521871449000002,7.766871392285714
10298,6.496734262142858,4.811597132,13.881837055714287,2.7278228461428573,2.8056057054285715,5.804514283571429,8.348345654285714
10299,6.532780021285714,4.954594257142857,14.08838844,2.9130314077142856,2.827422850142857,5.3207428075714285,8.693862801142856
10300,6.662971455714286,5.240588535857143,14.374145677142858,2.963779976,2.8708199855714285,5.003919958571428,8.879308530857143
10301,6.763994284428572,5.19292282742857,14.723457117142859,2.9130314077142856,2.8421257158571427,4.903845632571428,9.06475426042857
10302,6.8579028907142865,5.065814252857143,14.945897051428572,2.7529599904285713,2.7987285805714284,4.953882823714286,9.165777145285714
10303,6.901300054285714,5.081702803428572,15.549425641428572,2.7361228524285712,2.8058428594285716,5.337579973714285,9.502757146142857
10304,7.009437218285714,5.208811349857143,16.04173415,2.7529599905714286,2.8129571665714286,5.738114290142856,9.831437182714286
10305,7.031254363,5.145257090857143,16.15295411714286,2.6011885654285716,2.7697971568571425,6.2218857095714295,9.86511151557143
10306,7.002322882857142,4.938705678428571,16.502265557142856,2.373768567428571,2.8058428594285716,6.605582916142858,10.151580017142859
10307,7.002322882857143,4.700377136285715,16.613485524285714,2.221997142142857,2.8131942922857145,6.872368630428572,10.337025747
10308,7.067300008857143,4.557379982714286,17.05836562142857,2.137811423285714,2.8276600041428575,6.939005805857143,10.783565722857142
10309,7.146742875,4.509714274285714,17.550911482857142,2.0111771354285715,2.798728580428571,7.0224800911428575,11.247179991428569
10310,7.305628607428572,4.3508285984285715,18.074997205714286,1.960665706857143,2.7697971568571425,6.972442956428571,11.76130575857143
10311,7.471865744428571,4.398494306714285,18.726191559999997,1.9689656988571431,2.7266371471428568,7.0224800911428575,12.334242875714285
10312,7.659682900428572,4.509714330714286,19.313831485714285,2.0026399892857145,2.7121714354285715,7.055917241714285,12.747108518571427
10313,7.825920037428572,4.589157168571428,19.854042885714286,2.0363142797142855,2.654308588142857,7.039080018857143,13.084088519999998
10314,7.970340029857143,4.620934269857143,20.298922982857142,2.069988570142857,2.6324914434285716,7.0056428684285725,13.496954162857142
10315,8.057134357285715,4.732154265571429,20.632345645714285,2.1204999987142856,2.6035600198571425,7.039080019000001,13.71607411142857
10316,8.129462888,4.763931423428572,20.72743971,2.1627114279999997,2.6253771645714283,7.122317122142857,13.732911277142856
10317,8.172860051714286,4.795708524714286,20.64799684428571,2.1710114201428574,2.6616600209999994,7.322465661,13.59797693285714
10318,8.107882869142857,4.668599950142857,20.48934835,2.120499991714286,2.6471943092857138,7.606088485142856,13.471579791428573
10319,8.071600040857144,4.60504563457143,20.426031385714285,2.078525709142857,2.6398428762857145,7.77279987342857,13.437905572857144
10320,8.093180059857144,4.620934241714286,20.378365847142863,2.061688556857143,2.661660021,7.956348428,13.42106851857143
10321,8.078714376285713,4.636822848857143,20.36247718285714,2.0448514045714288,2.6690114538571423,8.073259920285714,13.30320858
10322,8.028202877142856,4.605045691142857,20.156162924285717,2.002877122,2.683477165571428,8.373482785142857,13.151437184285713
10323,7.97034003,4.573268533285714,19.902183127142855,1.977739977571429,2.697942877428571,8.607068474428573,12.974528544285713
10324,7.840385721142857,4.573268533285714,19.536983135714287,1.977739977571429,2.705057156428572,8.740579950999999,12.747108518571427
10325,7.739125766714286,4.509714274285715,19.219211671428575,1.9694399854285716,2.7121714352857142,8.707142857,12.502851439999999
10326,7.638102881571428,4.287511436857144,18.964994410000003,1.7671571248571427,2.7339885799999997,8.790617198857142,12.283731377142857
10327,7.457637186714286,4.239845728428572,18.980882847142855,1.8513428437142856,2.7195228682857144,8.807454365285713,12.435502774285714
10328,7.226422866999999,4.19218002,19.04443705,2.0114142892857143,2.7050571565714288,8.957565769428571,12.646085634285715
10329,7.002322939285714,4.398731460714286,19.092102814285713,2.1039000002857144,2.683240011857143,9.074240079571428,12.991602724285713
10330,6.792925820857143,4.621171452142858,19.266876984285716,2.2554342715714286,2.6398428622857146,9.224351596857144,13.35395698142857
10331,6.626688683857142,4.795945791714286,19.536982684285714,2.4913914155714285,2.618262871571429,9.407900094999999,13.783659789999998
10332,6.489620096285714,5.177271515428572,20.02929130714286,2.7188114135714287,2.611148592714286,9.54141145842857,14.37343396
10333,6.359665787571429,5.574248635857143,20.41037996142857,3.182188548428571,2.603797159857143,9.658085768571429,14.954908278571432
10334,6.280222921428572,6.0667943271428575,20.712025750000002,3.401308554285715,2.6109114387142855,9.37446294442857,15.409985344285714
10335,6.229711478857142,6.559340018428572,21.14078016857143,3.5952913734285716,2.603560005714286,9.007365778571428,16.008296717142855
10336,6.786048554714285,6.686448593000001,21.919083154285715,3.8397856634285716,2.7048200165714285,8.423520032999999,16.26962820142857
10337,7.284285657714285,6.877111426714287,22.792480431428572,3.983019970857143,2.8131943204285714,7.839674287428571,16.59830835142857
10338,7.761179867428571,7.290214308285714,23.808874777142854,4.202139976714286,2.9576143127142855,7.289028623285715,17.070222809999997
10339,8.244951343428571,7.401434275857143,24.349086175714284,4.32,3.0441714577142855,6.738382959142856,17.25566865142857
10340,8.736074167428571,7.719205684,25.016406207142857,4.463234279142857,3.109148612142857,6.288048633571428,17.441114494285713
10341,9.176685605428572,7.655651425,25.30240034428572,4.547657151857143,3.1959429111428572,6.338085768285714,17.188320211428568
10342,9.646228467142858,7.830425708000001,25.810597404285716,4.572794338571428,3.2682714701428575,6.421560053428571,17.053385867142854
10343,9.544968569428573,8.084642800714287,26.080465865714284,4.716028646,3.2464543255714284,6.555071473428571,17.323017315714285
10344,9.49445718342857,8.307082792,26.382348439999998,4.901474375714286,3.231988585571429,6.688582893428571,17.752720011428572
10345,9.4799915,8.132308452428571,26.096591314285714,4.825588677285714,3.1814771711428578,6.855531463999999,17.584111334285716
10346,9.479991499999999,8.195862711428571,26.271128471428568,4.800451518857143,3.1743628640000003,7.122554360571428,17.693671310000003
10347,9.400548633857142,8.100531294714285,26.159908502857142,4.733102966428571,3.1817142685714286,7.172591495285715,17.60094827571429
10348,9.378731489142856,8.227639869285714,26.477442954285717,4.699428633714286,3.1672485285714287,7.306102915285714,17.94646559285714
10349,9.349800009,7.925757011714285,26.0963543,4.632080053,3.138317105000001,7.556288588857143,17.74418281
10350,9.270357142857142,7.846314145571428,25.794708511428574,4.606705740571428,3.102271374142858,7.823311428857143,17.424039862857146
10351,9.212494295714283,7.687428413285715,25.461048608571428,4.581331428142858,3.0659885177142856,8.173571371857143,17.137571474285714
10352,9.17621146742857,7.735094121714286,25.39749418,4.446634266714286,3.0081256422857146,8.507231330714287,17.0280115
10353,9.046257102142857,7.655651312000001,24.96873976142857,4.471771425142857,2.9718427858571426,8.924128449285716,16.72470571857143
10354,9.002860051571428,7.655651312000001,24.96873976142857,4.5813313998571426,2.9355599294285715,9.357862734,16.78351718142857
10355,8.995745716142858,7.592096996428572,24.905185332857144,4.539120005857144,2.906628505857143,9.674685582428571,16.665420004285714
10356,8.988394368142856,7.607985603571429,25.159165355714286,4.589631420142857,2.9210942177142853,9.858234193142858,16.82572849
10357,9.031791418714286,7.623874267285714,25.127388254285712,4.480071445428571,2.9210942177142862,10.208494249714287,16.97726276142857
10358,9.082539930428572,7.735094347714287,25.34982819,4.497145737428572,2.9863085260000006,10.52555433757143,16.96872555857143
10359,9.133288442142856,7.750982898285715,25.699139744285713,4.623542878571428,3.000774237857143,10.725702990000002,17.314242648571426
10360,9.277708490999999,7.814537157285715,26.36622276142857,4.623542878571428,3.080217104,10.87605152,17.69343407142857
10361,9.364502705285714,8.021088654571429,26.842642494285712,4.674054321142857,3.1091485558571432,11.126237194285716,17.954765555714282
10362,9.508922754285715,8.227640038857142,27.14452552142857,4.682354313285714,3.152545719428572,11.309785805714284,18.114836802857138
10363,9.639114132714285,8.259417140142856,27.192191287142858,4.656980057428571,3.1596600265714287,11.526771511428572,18.097999862857144
10364,9.75460270142857,8.275305690714287,27.509725514285716,4.665517203428571,3.2175229020000002,11.560208604285714,18.232934205714283
10365,9.89902274957143,8.322971342571428,27.779831214285714,4.5642571925714295,3.1812400455714283,11.410097087142857,18.41837982285714
10366,9.985579951428571,8.608728467428572,27.93871672,4.808514328571428,3.1738886127142854,11.326622744285713,18.384705489999998
10367,10.122885664428571,8.656394232428571,27.986382485714284,4.791677162285715,3.137842910142857,11.226311348571429,18.460591358571428
10368,10.325168559714285,8.576951366285714,27.891051408571432,4.6821171875714285,3.159660054714286,11.12623707857143,18.31735705142857
10369,10.455122811142857,8.32273427357143,27.70038835,4.581094330571427,3.145194314714286,10.942688467142858,18.14898584
10370,10.642940022571429,8.465731455285715,27.970494050000003,4.564257164285714,3.1885914501428565,10.659065586571428,18.207797077142857
10371,10.303588651857144,8.354511431285713,27.49407409142857,4.480071417285714,3.1885914501428574,10.492117016571429,17.929628652857144
10372,9.891908638,8.147960047142856,26.44566563142857,4.437859995142857,3.174125738285714,10.50871705657143,17.33131728
10373,9.49469436342857,7.830425821142856,25.34959140714286,4.193602859142857,3.2030571901428573,10.658828460857142,16.75838027714286
10374,8.953060040571428,7.576208671999999,23.8406512,4.117954286285714,3.1380800358571435,10.759139856571428,15.88190014
10375,8.346211466285714,7.480877198571428,22.554150928571428,4.117954286285714,3.036820025,10.826014158000001,15.148654424285715
10376,7.681737226857143,7.512654356428571,21.140542477142862,4.370748596714285,2.978957177857143,11.042999863714286,14.322685787142857
10377,7.045957172142857,7.449100040857144,19.171070975714287,4.396122909,2.8995143117142854,11.326622744285714,13.117762965285712
10378,6.879720035142858,7.3378800168571425,17.995553884285716,4.480308656,2.8776971671428577,11.610245625714285,12.232982863857142
10379,6.720834302857144,7.290214308428572,16.788496818571428,4.446634379714285,2.8921628790000002,11.910468547142857,11.171057110714287
10380,6.735299986428572,7.290214308428572,16.089636925714284,4.615005817285714,2.8850485717142855,12.127454252857143,10.412674264142856
10381,6.792925707857143,7.306102859,15.819531227142859,4.631842955428572,2.8995142834285708,12.327602791428573,9.982971455142858
10382,6.901299997571429,7.178994284428572,15.422317121428573,4.606705768714286,2.9644914378571428,12.544351370000001,9.553268646000001
10383,7.038605711000001,7.210771385571428,15.438205785714286,4.505682883571429,2.9644914378571428,12.66102568,9.334148583571428
10384,7.045957115714287,7.115439968714285,15.311097267142856,4.412959990571428,2.9500257260000002,12.677625721428573,9.064517191714284
10385,7.060422799285713,6.829445718285713,14.374145901571428,4.311937105428571,2.856117148,12.677625721428571,7.918405762714286
10386,7.024139970999999,6.511674253571428,13.627620130285715,4.025468518857143,2.726162853285714,12.494314235714285,7.345468646142857
10387,6.865254295142857,5.828702826142856,12.02334867642857,3.2165742299999995,2.697231429714286,12.244128561428571,5.938025746000001
10388,6.663208581285715,5.352282839428571,9.974434436,3.1140099431666663,2.690117150857143,11.86043141142857,3.999857151428571
10389,6.547482830428571,4.8440856949999995,7.909631490428572,2.5238799758333337,2.6540714201428566,11.426697127142859,1.9352914158571426
10390,6.424642800571429,4.335651453142857,6.289471373285714,2.2289533133333332,2.690117150857143,11.042999977142857,0.5363857184285713
10391,6.3667799532857146,4.049657146285715,5.050400024428571,1.9929566506666667,2.7045828627142856,10.709339961142858,-0.6856114238571428
10392,6.359665674428572,4.160877113714285,4.573742827285714,1.8258499916666666,2.7695599888571425,10.392279985857144,-1.073102853285714
10393,6.410177060571429,4.144988563,4.637297142857142,1.9240666636666666,2.8923999762857138,10.275368550142858,-0.9889171344285714
10394,6.431757023000001,4.446634266571429,5.066288575142857,2.405743312833333,2.942911418857143,10.074982886285714,-0.5506771367142859
10395,6.532779908285714,4.748279970285714,6.067031481428572,2.5758142705714286,2.993422833142857,9.908034315571427,0.5027114421428572
10396,6.518551350428572,5.049925674,7.544194388428573,2.946705698,2.9500256977142856,9.841397140285713,1.9943400044285713
10397,6.525665629428572,5.335919924571429,8.417828734142859,3.0391914088571426,2.928445678714286,9.924871481714286,2.997217168857143
10398,6.496734205857144,5.383585632857143,9.164354448714287,3.1236142675714285,2.942911390428572,10.024945750571428,3.806111486
10399,6.496734205857143,5.304142823285714,9.355017282285715,3.081402831142857,2.9429113904285713,10.125020020142857,4.092580058428571
10400,6.547482774142858,5.367697082285714,9.021357266857143,3.081402831142857,2.971842842285714,10.158457227285712,3.452294346857143
10401,6.5979942167142855,5.288254216142856,8.830694433142858,2.9886799804285715,2.9936599870000005,10.24193145542857,3.165825774285714
10402,6.691902766428571,5.256477058428571,8.830694433142858,2.887419969571429,2.9647285634285714,10.525554336142857,3.199500050571428
10403,6.850788498714286,5.272365665571429,8.814805770285714,2.862045685428572,3.1020342768571427,10.825777257142859,3.4942685727142857
10404,6.995445673142858,5.145257090857143,9.275337178857143,2.820071417142857,3.1525457194285713,11.009325755714286,3.679714245857143
10405,7.197728569142858,5.1770342487142855,10.307857087428571,2.8620457137142856,3.138080007714286,11.15943716,4.581568524714285
10406,7.414240023,5.367697082285715,12.214011512285714,2.929394280285714,3.174362864142857,11.242911388571429,6.2164314364285715
10407,7.630751533428572,5.4471399485714285,14.342368746285715,2.921094288142857,3.152545719571429,11.242911388571427,8.264159991714285
10408,7.847500113000001,5.621914231571429,16.518391688714285,2.9547685785714286,3.0586371415714284,11.226311348571427,10.295051479
10409,7.941408662714286,5.590137130285713,18.392531547142855,2.9716057167142855,3.0007742942857143,11.059599903714286,11.90454006457143
10410,7.984568700714285,5.621914231428572,19.869694538571427,2.9042571360000005,2.8997514372857145,10.876051292285712,13.016977316285715
10411,7.984568700714285,5.542471421857142,20.647997297142858,2.752485696714286,2.813194292285714,10.508954183,13.783897365714285
10412,8.020614403285716,5.320031430428571,21.140305920000003,2.516528545571429,2.8060800132857144,10.175294167999999,14.247274508571431
10413,8.042431548000001,5.049925730571429,21.426063044285716,2.3227828379999997,2.762682877857143,9.891671287285714,14.533743011428571
10414,7.9848058264285715,4.779820030714285,21.410174379999997,2.1878485438571427,2.6832400115714283,9.641485501142856,14.58425451
10415,7.8982486248571435,4.5573800392857144,21.44195148,2.0614514027142854,2.6469571551428572,9.457937002857145,14.66014015285714
10416,7.883782941285714,4.430271436428572,21.457840142857144,1.8677057021428571,2.632491443428571,9.32442563942857,14.660140152857142
10417,7.898248624857142,4.191942894428572,21.31484284714286,1.6402857112857145,2.6251400105714287,9.157714195142857,14.457857257142857
10418,7.963225807571429,4.080722870428572,21.426062814285718,1.5475628534285715,2.646720001285715,9.157714195142857,14.50836864285714
10419,7.905600086000001,4.064834291571429,21.42606281428571,1.5224257127142857,2.6322542895714283,9.224588496285714,14.533742898571429
10420,7.7898743349999995,3.985391425428571,21.076751259999998,1.505588571142857,2.588857154142857,9.324662878857142,14.306085745714284
10421,7.652568565142857,3.9377257169999997,20.8386599,1.4887514330000002,2.588857154142857,9.474774283,14.205062861428571
10422,7.572888629714287,3.890060008571428,20.53701411142857,1.446777147142857,2.6177885777142857,9.608285646428572,13.994242875714287
10423,7.399537213857143,3.7155228794285713,20.02881705285714,1.3203800025714287,2.6177885777142853,9.791834144714285,13.775122812857143
10424,7.175674355285714,3.969740028571429,20.076482818571428,1.5055885712857144,2.5817428609999995,9.858471320142858,14.053291351428571
10425,6.944460035571429,4.255734335571428,20.012928617142855,1.8174314208571425,2.552811437285714,9.925108495571427,14.255574134285714
10426,6.727711456,4.557617221428571,19.981151515714288,2.1712485774285715,2.5383457112857144,9.991745670857142,14.499831214285717
10427,6.633802906285714,4.90716578742857,20.203354438571427,2.364994288571429,2.5746285678571432,9.92510849542857,14.761162700000002
10428,6.5688257801428565,5.161382936571428,20.584442867142855,2.5758142812857145,2.5890942797142857,9.841634266714285,15.19086550857143
10429,6.489382913999999,5.701594336285715,21.187971457142858,2.8537457111428575,2.6035599915714287,9.758160038,15.764039749999998
10430,6.438871471428571,6.305122925857143,21.58494854857143,3.2751485671428573,2.6324914151428573,9.624648674428572,16.17690562
10431,6.417291452571429,6.543451468,21.727945617142858,3.5533171332857143,2.668537131857143,9.558011499000001,16.311602724285713
10432,6.373894289000001,6.670560042571429,22.22049125142857,3.6375028521428567,2.6830028437142857,9.457937116428573,16.69079414714286
10433,6.35231427,6.813557167714285,22.728925550000003,3.7892742774285715,2.6974685697142857,9.357862847142858,17.086822735714286
10434,6.2584057202857135,6.908888584571428,22.840145517142854,4.075742835714286,2.661185713142857,9.324425640000001,17.381828325714284
10435,6.128451411428571,6.972442843714285,22.538499954285715,4.218977114857143,2.646720001285714,9.207751329857144,17.213219875714284
10436,5.9550999955714286,6.924777135285714,22.173062724285717,4.412959990571429,2.5962085727142856,9.141114154428573,17.010937092857144
10437,5.839374301142856,6.877111370285715,21.98263690285714,4.522519965285714,2.5601628559999994,9.074476979,16.943588427142856
10438,5.702068587714286,6.781779953428573,21.458551179999997,4.3961228242857135,2.524117139285714,8.991002750285714,16.716168514285716
10439,5.579465740000001,6.781779953428571,21.061337075714285,4.472008522714285,2.4662542779999996,8.940965615571429,16.51388573142857
10440,5.427694343142856,6.622894221142857,20.41014272,4.303399931142858,2.4083914165714284,8.890928480857143,16.10955717857143
10441,5.276160015428571,6.6546713788571425,20.235368324285712,4.252888544999999,2.3649942671428574,8.857728512571429,15.999997204285714
10442,5.160434321000001,6.734114245,20.31457395285715,4.396122852428571,2.3073685457142856,8.874328553285713,16.10955717857143
10443,5.109922878428572,6.750002852142858,20.21924265,4.396122852428571,2.285551401142857,8.824291418571429,16.17690561857143
10444,5.037831416857143,6.607005727000001,20.07624558142857,4.286562877714286,2.2637342565714285,8.757417117428572,16.109556952857144
10445,5.0449456957142855,6.5275628608571425,20.393780032857144,4.3707485965714294,2.249268544857143,8.774017044999999,16.235954094285717
10446,5.0449456957142855,6.559339962142857,20.330225602857144,4.3287743,2.2421542658571427,8.824054179714285,16.202279761428574
10447,5.073877119285713,6.654671378857143,20.26667140142857,4.337311446,2.2421542658571427,8.70737986957143,16.06734541714286
10448,5.059411435714286,6.464008545285715,19.83791720857143,4.278262857428571,2.2205742751428574,8.523831371428573,15.65424264857143
10449,5.110160004,6.479897095857143,19.663380049999997,4.109654265857143,2.2205742751428574,8.356882744428571,15.527845507142857
10450,5.088579985000001,6.4163427802857145,19.552397094285713,4.101117119857142,2.1918799912857145,8.239971308571429,15.553219875714287
10451,5.088579985000001,6.495785646428572,19.774837030000004,4.2021400049999995,2.1847657122857145,8.139897039142856,15.662780077142857
10452,5.081465706142858,6.305122812714286,19.393748375714285,3.966182861,2.177414279428571,7.97318570742857,15.283588539999998
10453,5.0956942640000005,6.241568553571428,19.361971275714286,3.932271459142857,2.1774142794285716,7.789637209285715,15.275051564285715
10454,5.160671390142857,6.193902845285715,19.409637040000003,3.9910828938571425,2.1845285584285716,7.7061629805714285,15.258214624285714
10455,5.2616942188571425,6.305122812714286,19.775074268571426,3.9910828938571425,2.206108549142857,7.772800042857143,15.586894548571427
10456,5.348251364,6.193902845285714,19.88629423714286,3.9488714715714286,2.220337121142857,7.873111494428572,15.56152018
10457,5.463739932714286,5.892019987714286,19.600300100000002,3.6624028849999997,2.2419171259999997,7.889711535142857,15.039094450000002
10458,5.608159925000001,5.7013571541428565,19.36197150142857,3.350560000285714,2.2563828378571427,7.806237250000001,14.592317234285716
10459,5.702068474714286,5.733134312,19.36197150142857,3.350560000285714,2.2781999824285712,7.772800042857143,14.541805848571428
10460,5.788862745571429,5.399474296714287,19.028548611428572,3.0557914357142857,2.2781999824285717,7.722762851714285,14.137240055714285
10461,5.875419890714286,5.304142879857143,19.218974207142857,2.946231432714286,2.256619991714286,7.75596282,14.128939865714285
10462,6.012725604000001,5.161145754571428,19.31406849857143,2.777859995142857,2.242391419714286,7.722525726000001,13.968868391428572
10463,6.092168470142857,5.272365721999999,19.583937185714287,2.9042571644285715,2.2208114290000003,7.705688559571429,14.112339938571429
10464,6.222122778857142,5.574248579571427,20.266908641428575,3.081165748,2.2063457172857146,7.772562860714287,14.73578844142857
10465,6.3449628087142855,5.7649114131428565,20.87043723,3.376171466428572,2.2063457172857146,7.9060742805714295,15.443659902857144
10466,6.518314281142857,6.0667942707142855,21.696405754285713,3.5784543341428576,2.2063457172857146,7.989548622428572,16.041971275714285
10467,6.706131437142856,6.416342836714286,22.268157242857143,3.9659457634285715,2.2423914340000004,8.07302290757143,16.362351235714282
10468,6.814505726857142,6.511674253571429,22.28404590571429,3.9659457634285715,2.3218342860000005,8.123297167999999,16.336977092857143
10469,6.8939485931428575,6.607005670428571,22.17306295142857,4.167991477285715,2.422857142857143,8.123297167999999,16.151531477142857
10470,6.915528555714286,6.638782828285714,21.585422798571425,4.159691457,2.5167657067142857,8.173334302714286,15.620568542857143
10471,6.915528555714286,6.495785703,20.775342711428575,4.0838057302857145,2.6611857131428573,8.13989709557143,14.693577245714286
10472,6.879245671,6.575228569142857,19.60006286,4.109179986142857,2.719048574428571,8.10646000157143,13.42106863214286
10473,6.749291362285716,6.559339962,17.884571495714287,4.151391408428571,2.784025714714286,8.056422866857144,11.92944012614286
10474,6.6624970914285715,6.527562804142858,15.99454286042857,4.033531413428571,2.892400004428572,8.006385732142858,10.269203001000003
10475,6.6264513890000005,6.4640085449999996,14.596822734714284,4.177002818285714,2.8708199995714283,7.956111471714286,9.16530295157143
10476,6.6264513890000005,6.416342836571428,13.437194194714285,4.101354245428571,2.8347742971428573,8.056422866857144,8.095077234142858
10477,6.749291418857142,6.4481199942857135,12.80188861757143,4.075979961285714,2.8421257300000002,7.972948638142858,7.344994352142857
10478,6.937108574857143,6.479897152142857,12.389022861857143,4.1098913914285715,2.8784085864285713,7.922911503428572,6.755220012571428
10479,7.103345768285714,6.559340018428572,12.373134199000003,4.059142851428572,2.9215685961428575,7.956348597428572,6.595148538857141
10480,7.3272086267142855,6.527562860571428,12.992551339,3.9832571247142856,2.907102884428571,7.9729485250000005,7.041688570571429
10481,7.406651492857143,6.511674310000001,14.088388550000001,3.806348541142857,2.9071028844285713,7.889474239857144,7.884494261428571
10482,7.486094359,6.400454286142859,14.120165764285714,3.494505712857143,2.9791943318571428,7.806237080285714,7.791771396714284
10483,7.457162935285714,6.209791396,13.738839983857142,3.1404514305714284,3.0223543132857142,7.622688525571428,7.463328541857143
10484,7.414002953714286,5.907908538428572,12.134568516285714,2.8456828518571435,3.058400015714285,7.656125619571428,5.912888516571428
10485,7.269582961428571,5.749022806,10.037751400285714,2.660237136428571,3.0150028519999994,7.6060884848571435,3.9325084998571427
10486,7.110697229142857,5.494805656714285,7.702842838714285,2.3569314117142857,3.0439342755714285,7.572651390857144,1.6741971272857141
10487,7.038368641857143,5.3200313737142855,5.463265687571427,2.230534270571429,3.1523085652857143,7.622688525571429,-0.5082286028571428
10488,6.922880073142857,5.097591382285715,3.652442822142857,2.188322848285714,3.1812399890000003,7.706162810714285,-2.1430914445714286
10489,6.8650171694285715,5.224699956857143,2.2864999462857147,2.3230199955714284,3.166774249,7.822837064285714,-3.407062855142857
10490,6.814505726857143,5.335919980857144,2.413608578142857,2.525302852714286,3.195705700857143,7.906074223857144,-3.356551412571428
10491,6.742177139714286,5.526582814571429,4.033768595714285,2.6685371318571427,3.2101714127142853,7.9561113585714285,-1.7638999649999998
10492,6.763994284285714,5.653691389142857,6.432231500285714,2.820071417142857,3.2172857200000005,8.089622835142858,0.6461829174285715
10493,6.785574246714286,5.749022806,8.989342983285715,2.9633056962857145,3.1523085657142857,8.173097063857144,3.115314275428571
10494,6.771108563142858,5.717245704857142,10.959051447285715,2.9969800008571426,3.1233771421428567,8.173097063857144,5.07861994357143
10495,6.893948536571429,5.764911413285715,12.499768614142855,3.013817139,3.0510485548571427,8.206534271,6.5953857209999995
10496,6.8650171129999995,5.606025737428571,14.421574314285715,2.929631420142857,3.0294685641428574,8.256571405714286,8.331271419428571
10497,6.915528555571428,5.510694320571429,15.136322869999999,2.980142834428571,2.9718428425714287,8.273408572142857,9.207514317714285
10498,7.038368528857142,5.288254329142857,15.549188627142858,2.8874199837142855,2.928445707142857,8.206771509857143,9.645754328857143
10499,7.088879915000001,5.113480046142857,16.04173426142857,2.761022842714286,2.856354273857143,8.22337143742857,10.126205762714287
10500,7.255117052000002,4.938705763142857,16.67703995285714,2.676837138,2.906865716428572,8.206771509857143,10.724517248857142
10501,7.363491341857143,4.970482864285715,17.7252114,2.6180257032857144,2.827422850285714,8.223608676285714,11.617834325142857
10502,7.507911390714286,4.891039998142857,18.805397185714288,2.567514274857143,2.7987285805714284,8.190171469142857,12.468939979428571
10503,7.688614267714286,4.922817099428572,19.79025144285714,2.500165708285714,2.726400007428571,8.207008635571428,13.328582722857144
10504,7.861965683714287,4.9387056501428575,20.743328598571427,2.3486314370000003,2.7408657192857144,8.32368283257143,13.969105630000001
10505,7.9629885122857145,4.9387056501428575,21.473965592857144,2.2473714402857143,2.740865719285714,8.423757102000001,14.466156992857142
10506,8.05689711857143,4.9863713585714295,21.648502751428573,2.2222342960000003,2.7553314309999997,8.457194309142858,14.558879914285715
10507,8.085828598714286,5.002259909285714,21.77561138285714,2.2305343022857143,2.7048199884285715,8.523831371428573,14.651365595714285
10508,8.150805781428572,4.970482808142857,21.839165811428575,2.2134600102857145,2.719285700142857,8.456957070285712,14.668202762857144
10509,8.150805781428572,5.034037123714286,21.727945618571425,2.3313200194285715,2.733751412,8.323445650428571,14.558879801428573
10510,8.179737261571429,5.049925730857142,21.743834282857144,2.4155057241428572,2.7626828497142855,8.073022794714287,14.53350566
10511,8.114760135428572,5.11348004642857,21.74383428285714,2.525065727142857,2.7048199882857142,7.856274271714286,14.600854100000001
10512,8.093180229571429,5.1929229125714285,21.823277148571428,2.685374298428571,2.639842848,7.672725660428571,14.78629994142857
10513,8.093180229571429,5.240588621,21.98216288,2.7358857268571426,2.618025703285714,7.405702764,14.954671265714286
10514,8.013737363285715,5.1929229125714285,21.98216288,2.7612600109999996,2.574628567857143,7.1721170747142855,15.03909411142857
10515,7.862203035428571,5.177034305428571,21.743834281428573,2.752960018857143,2.502300008857143,7.088642789571429,14.93807133857143
10516,7.688851563,5.097591439142858,21.47396582,2.6687743000000004,2.4299714357142856,7.12207994,14.887322827142857
10517,7.558897254142858,5.002259965714286,21.17232003142857,2.6265628777142855,2.4010399979999995,7.222154209428571,14.718714262857143
10518,7.414477261857143,4.875151391,20.72767717428571,2.5675143032857144,2.3721085744285717,7.272191400714285,14.407108629999998
10519,7.1977286257142845,4.5417285295714285,20.251257215714286,2.3989057328571426,2.343177150857143,7.272191400714285,14.2724113
10520,6.923117198857143,4.382842825428572,19.997277192857144,2.3566942964285715,2.2855514294285717,7.455739955285715,14.255574134285714
10521,6.684788600285714,4.462285691571429,19.91783432571429,2.53360288,2.2423914197142856,7.589251375142858,14.457856917142857
10522,6.446460001714286,4.382842825285715,19.870405798571426,2.558977164142857,2.2063457031428575,7.789637096142857,14.7106512
10523,6.251528566714285,4.668837075714285,20.04494295571428,2.7022114432857145,2.177414279571429,7.973185707428572,14.921471184285712
10524,6.605345677571428,5.034274248857144,20.99778287285714,2.9130314288571424,2.2642085644285714,8.123534293714288,15.570293942857143
10525,7.0025600084285715,5.510931389571428,22.14128562428571,3.292222866142857,2.358117128285714,8.240208490714286,16.278165404285716
10526,7.436057111000001,6.257457132571429,23.14179130571429,3.679714316714286,2.4954228275714287,8.423757102,16.716168290000002
10527,7.934531339714285,6.781779953285715,23.82476276142857,3.9832571530000003,2.632491415285714,8.507231443857142,16.876239762857143
10528,8.447234239428571,7.020108551857143,24.301419732857145,4.059142879714286,2.740628551142857,8.64074292042857,16.893076928571425
10529,8.931005715571429,7.560320008000001,25.047945391428573,4.3624485761428575,2.8779342502857146,8.673942888714285,17.120496841428572
10530,9.451060019857144,7.687428582714285,25.68348832142857,4.606942866142858,3.0152399494285715,8.774017158142858,17.356453957142858
10531,9.39319717257143,7.909868630714286,25.572268352857144,4.657454308714286,3.0368199684285715,8.874091427571429,17.11219687857143
10532,9.357151357000001,7.973422946285714,25.111737057142854,4.707965751285714,3.058399987428572,8.907528634714286,16.825491024285714
10533,9.306402845285715,7.798648663285715,24.81009149571429,4.707965751285714,3.0583999874285714,8.924128562285714,16.631745444285713
10534,9.226959979142856,7.782760112714286,24.81009149571429,4.817525782428571,3.0583999874285714,8.907528521571427,16.724468252857143
10535,9.097005613857142,7.750982954857144,24.82598015857143,4.733340035428571,3.0583999874285714,8.840891346142858,16.631745444285713
10536,9.017562747571429,7.512654356285715,24.508208694285717,4.623780060714286,3.036582842857143,8.840891346142858,16.412625494285713
10537,8.938119881428571,7.576208615285715,24.333434297142855,4.412960046999999,3.036582842857143,8.807454139,16.159831212857146
10538,8.88049416,7.449099984142857,24.063565837142857,4.530820042,3.0365828428571424,8.740579837857144,16.008059702857146
10539,8.844448457428571,7.2902142517142865,24.063565837142857,4.320237153857143,3.1089114018571427,8.82405406657143,15.99975973857143
10540,8.82286843842857,7.464988534714286,24.190674241428574,4.412959962142858,3.108911401857143,8.890928367714285,16.07564538
10541,8.808402754857143,7.306102802285714,23.936457205714284,4.227514232571429,3.1017970945714284,9.024202718571427,15.721828325714286
10542,8.87337993742857,7.417322769857143,23.841125677142855,4.202139948428572,3.1307285464285712,9.124276988000002,15.645942684285714
10543,8.931242784714286,7.512654243285715,24.047677174285717,4.218977086571429,3.145194286428572,9.174314122714287,15.595431185714286
10544,8.916777101142857,7.4490999842857155,24.015900074285717,4.404422788,3.1162628628571434,9.25778846457143,15.66277985142857
10545,8.89495995642857,7.24254854357143,23.571019977142857,4.016931358571428,3.1017971228571426,9.357862847142858,15.300425594285715
10546,8.873142811857143,7.178994228000001,23.634574179999998,3.991557074428571,3.022354256714286,9.45793711657143,15.249914095714285
10547,8.815279964714286,7.035997046285715,23.523354212857146,3.9159085017142856,2.9789571212857147,9.491137198,15.199402597142859
10548,8.764768578714285,7.147217070285714,23.634574179999998,3.9917942001428566,2.964491409571429,9.574611426571428,15.393148404285714
10549,8.743188559714286,6.924777078857142,23.459800010000002,3.9244456477142857,2.9573771022857143,9.691285736571428,15.342636905714286
10550,8.64928001,6.718225638,23.28502561428571,3.840259928857143,2.9213313715714286,9.841397254428571,15.2584513
10551,8.706905731571428,6.718225638,23.300914051428574,3.764374230285714,2.9284456505714287,9.908034429857143,15.191102634285715
10552,8.743188559714286,6.686448536714287,23.634574179999998,4.025468518714286,2.914217092714286,9.991508658428572,15.494645427142858
10553,8.772120039857143,6.765891402857143,23.475688447142858,3.9495828202857135,2.878171390142857,10.02470874042857,15.24185125857143
10554,8.837097222571428,6.718225694428571,23.428022682857144,3.8400228455714287,2.878171390142857,10.208257239000002,14.989056975714288
10555,8.909188627571428,6.670559986,23.555131087142858,3.721925724857143,2.8565913994285714,10.174820145142858,15.03956824857143
10556,9.003097177285714,6.829445718285713,23.80934812285714,3.646039998142857,2.8492399948571427,10.208257239428573,15.149128222857142
10557,9.205379960142858,6.988331450714286,23.95234541714286,3.553317133428571,2.8421257158571427,10.208257239428573,15.24185103142857
10558,9.32110565442857,6.9724429,24.26987986857143,3.5701542998571427,2.820545725142857,10.39180573757143,15.435596838571428
10559,9.581014271714285,7.147217183,24.968739762857147,3.6377400344285715,2.8710571394285718,10.491880007571428,15.83992561857143
10560,9.855625697714286,7.306102915428572,25.540491251428573,3.7809743135714284,2.9431485727142856,10.55875430757143,16.387488365714287
10561,10.20967999042857,7.417322939428571,26.06457697428571,3.7641371754285715,3.0010114481428576,10.508717171857143,16.733005682857144
10562,10.534802803999998,7.687428639285714,26.588662924285718,3.941045759,3.0875685932857144,10.625628607142858,17.14610867714286
10563,10.794711421571426,7.909868687285715,27.23985750428572,4.294862898,3.1454314405714285,10.708865822857144,17.432577291428572
10564,10.448008589857142,8.164085836428573,27.208080177142858,4.522282895857143,3.138080007714286,10.792340051428573,17.778094381428573
10565,10.10130570157143,8.227640095428573,26.779325758571428,4.505445729428572,3.130965728714286,10.608791553285716,17.87081718857143
10566,9.631762840285715,8.386525771285715,26.09635430285714,4.547419969428572,3.0659886025714287,10.358605879285713,17.660234215714286
10567,9.111471411,8.275305747285714,25.413382847142856,4.699191394571429,3.0444085835714283,10.108420093142856,17.508699944285716
10568,8.454111393571429,8.195862881,24.682745852857146,4.850725694142857,2.9505000057142854,9.891671514142857,17.407439932857145
10569,7.825682855428572,8.148197229142855,23.825000001428574,4.791914231285714,2.842125715857143,9.724722944142856,17.07022280714286
10570,7.2333000204285725,8.148197229142855,22.776591317142856,4.775077064857142,2.7697971285714287,9.491374324142857,16.716168514285716
10571,7.2259486157142865,8.036977148714286,22.64948291142857,4.850962763428571,2.7987285521428578,9.324662878857142,16.41262572
10572,7.233062894571428,8.021088598142857,22.68126001285714,4.910011352142857,2.8058428311428574,9.274625744142856,16.345277281428572
10573,7.2838114062857136,7.496765749142858,21.744071520000002,4.547657095428571,2.820308543,9.308062838142858,15.376074449714284
10574,7.406651379714286,7.210771442142858,20.886325894285715,4.235814224714285,2.784262840571429,9.341262806428572,14.347823142571427
10575,7.536605688428572,6.97244284357143,20.25102020285714,3.814411351,2.820308543,9.491374210571431,13.724374526857142
10576,7.5439571494285715,6.416342780285715,19.456828778571428,3.4603570862857143,2.820308543,9.674922709142857,12.940617311142859
10577,7.500797111571429,5.812577008571429,18.948631491428575,3.0391913948571436,2.777148561571429,9.97514563057143,12.426728784
10578,7.457637073714286,5.2882542159999995,18.05910853857143,2.4913914189999997,2.7626828498571427,10.24193134442857,11.727394526857143
10579,7.277171379,4.684725654714286,17.058365844285714,1.9435914095714286,2.733751426142857,10.508954184428571,10.800403004000001
10580,7.168797145714286,4.716502812428572,17.10603161,1.9267542572857146,2.8274228501428564,10.809177105857144,10.859451592857143
10581,7.0677743170000005,4.8753885448571435,17.37613731,1.952128569714286,2.849002840857143,11.142837120857143,11.04489721
10582,6.995682855428571,5.097828592857143,17.43969151285714,2.1966228597142856,2.885048571714286,11.376422867142859,11.01952284142857
10583,7.038842837,5.367934292571428,17.566800144285715,2.4830914462857145,2.9500257261428575,11.543371437142858,11.095408482857142
10584,7.154331462142857,5.701594307857143,17.48735727857143,2.6431628918571426,3.0294685640000005,11.576808531428572,10.850914164
10585,7.204842904714285,5.796925724714286,16.883828689999998,2.8200714648571426,3.072865699285714,11.59364569857143,10.19355414657143
10586,7.334797213428571,6.162125744000001,16.02608295,3.106540046142857,3.152308565571428,11.610245625714287,9.36758556557143
10587,7.298514328714285,6.273345768,14.961785713714287,3.2751486235714284,3.0802171322857146,11.543371324285715,8.499642687857142
10588,7.219071462571429,6.14623719342857,14.072262873714285,3.241474319142857,3.0728656994285717,11.510171355714286,7.884494148428571
10589,7.125162856285713,5.955574303285714,12.896745783714286,3.157288600428571,3.0368199685714288,11.493334188571428,6.780594211571429
10590,7.096231432571428,5.844354335857142,12.118442797999998,2.9635428787142857,3.022354256714286,11.276348482857143,6.064422844571429
10591,6.987857142857142,5.542471478285714,11.642022839428572,2.8371457235714286,3.0150028521428576,11.242911388571429,5.777954229714285
10592,6.922880016714285,5.463028612142857,11.816797122285712,2.8034714332857145,2.978957149714286,11.209474294285716,6.005611438142857
10593,6.9157657377142865,5.224700013571428,12.293454206571429,2.626562849571428,2.950025697857143,11.276348595714285,6.452388595857143
10594,6.973628641428571,5.049925674,13.071757078571428,2.4074428437142856,2.942674265,11.443297167142857,7.118048577285713
10595,7.045720046428572,4.859262840285714,13.69117421857143,2.2810457025714284,2.928445707142857,11.52653427142857,7.6236371414285715
10596,7.175674355285713,4.668600006571429,14.676028474285713,2.1546485614285715,2.9139799954285714,11.660045748571429,8.542091461142856
10597,7.320331473285714,4.493825723571429,15.692660058571429,2.0704628425714287,2.8995142554285707,11.927068588571428,9.350985749571427
10598,7.558660015285715,4.636822848857143,16.59807145,2.146348555142857,2.8634685245714286,12.110617087142856,10.033482953285715
10599,7.7754085382857125,4.7798199740000005,17.487594289999997,2.1968599835714286,2.870582803428572,12.277328531428571,10.749654376571428
10600,7.890897050571428,4.954594256999999,18.36122858,2.247371412142857,2.8490028127142857,12.277328531428571,11.440451544142856
10601,8.028202764,4.970482864142857,19.060325712857143,2.2895828485714285,2.827422822,12.210691355714287,12.005088697571427
10602,8.12946283142857,5.0181485725714285,19.648202877142857,2.323257139,2.784025672428572,12.127454251428572,12.468702965714284
10603,8.172859938571428,5.065814281000001,20.140748512857147,2.3652314215714285,2.733514243857143,11.927305712857144,12.873268645714285
10604,8.158394255142857,5.081702831714286,20.410616974285716,2.407205704,2.675888536428572,11.743757215714286,13.151437184285713
10605,8.04290568642857,4.922817099285714,20.48982282714286,2.348157129428571,2.5964456844285713,11.460134447142858,13.336882914285713
10606,7.941645732142857,4.779819974142858,20.505474251428573,2.297645701,2.553048549,11.209948661428571,13.412768557142856
10607,7.920065713142856,4.636822848857143,20.568791441428573,2.2976457009999995,2.5025371204285713,11.076437298571431,13.564539954285715
10608,7.833271385714284,4.605045691142857,20.616219967142857,2.2976457009999995,2.423094268285714,11.043000204285716,13.699474297142858
10609,7.74647705842857,4.573268533428572,20.584442867142858,2.289108555,2.386811411857143,11.009563111428575,13.766822848571426
10610,7.667034248714286,4.525602825,20.505,2.289108555,2.3649942672857143,11.059600245714288,13.766822848571428
10611,7.486331371571429,4.430271408142857,20.171577109999998,2.2808085629999995,2.3144828388571423,11.076200172857144,13.631888617142858
10612,7.327445639142857,4.398494306857144,19.854042658571426,2.2385971408571423,2.314482838857143,11.176274442857144,13.46351718
10613,7.2119570704285705,4.350828598428572,19.536508432857143,2.2217600027142854,2.2710856894285714,11.226311577142857,13.294908617142857
10614,7.0167885662857135,4.001517158142858,19.187196878571427,1.952128575428571,2.2421542658571427,11.19287437,13.11800009
10615,6.792925707857144,3.6839828755714286,18.758442685714282,1.7076342888571427,2.235039972857143,11.126000068571429,12.92401715857143
10616,6.590642868285714,3.890534316285714,18.774331122857145,1.943591446857143,2.213459982142857,11.176037202857145,13.277834325714284
10617,6.352314269714286,3.954088575428571,18.74255402142857,1.9435914468571427,2.199231410142857,11.159437161428572,13.505254238571426
10618,6.200779998571428,4.097085700714286,18.758442685714282,2.0446142895714288,2.235277126714286,11.176274327142858,13.716074111428572
10619,6.171848575,4.208305668285714,19.044199810000002,2.1795485624285713,2.321834257714286,11.092799985714285,14.128939754285714
10620,6.0561228805714284,4.383079951285715,19.39351113714286,2.390368562,2.343651402285714,11.10963715142857,14.643065519999997
10621,5.998260033428572,5.145494216714285,20.028817054285717,2.9886799838571427,2.3941628307142855,11.126237191428572,15.435122699999999
10622,5.998260033428572,5.749022806285714,20.775342711428575,3.5279428631428575,2.4302085472857144,11.109637151428572,16.176668378571428
10623,5.969565735571428,5.796688514714285,21.108765601428576,3.536479981,2.4880713944285717,11.109637151428572,16.404325531428572
10624,6.554597222571429,6.193902789142856,22.029828417142856,3.865159975571428,2.646957126714286,11.07620005857143,16.716168514285716
10625,7.125162969428571,6.638782828428572,22.982905572857142,4.075979961142857,2.7842628542857146,11.02592579857143,17.137334234285714
10626,7.536843040428571,6.972442843714285,23.71378003285714,4.227514260714286,2.8205457107142857,11.109400140000002,17.39842848
10627,7.999271623142856,7.194882835142857,24.33343452428571,4.252651391,2.914454274571429,10.992488704285716,17.491151288571427
10628,8.490631573,7.242548543428571,24.77831439428572,4.235814281142857,3.0157142854285715,10.959288735714285,17.364754147142854
10629,8.952823030000001,7.385545668571429,25.159640062857143,4.1684657004285715,3.1385543011428574,10.975888775714285,17.280568541428572
10630,9.407900208142859,7.560319951571429,25.461522862857144,4.185302866714285,3.232462865,10.959288734285716,17.171008567142856
10631,9.285060178285717,7.5920971092857155,25.334651471428568,4.177002846428571,3.210645720428571,11.042762962857143,17.17954577
10632,9.061197263142857,7.3219913530000005,24.889771374285715,4.092580030142857,3.102271430714286,11.126237191428572,16.952125857142857
10633,8.895197195285714,7.163105620714286,24.524334144285714,4.042068587571428,3.008362866857143,11.05936289,16.724705944285713
10634,8.793937184428572,7.194882778428572,24.46077971571429,4.058905753857142,2.9865457222857144,11.109400025714285,16.741543111428573
10635,8.64216578742857,7.194882778428571,24.174785352857146,4.159928582571428,2.9215685680000005,11.17603708857143,16.674194445714285
10636,8.562722921285713,7.321991353,24.111231150000005,4.362211450428571,2.8347742690000004,11.17603708857143,16.657357280000003
10637,8.504859961,7.337879903714286,24.111231150000002,4.328537146,2.791377133571428,11.142599995714288,16.64052011285714
10638,8.446997113714286,7.131328463000001,23.87290255142857,4.218977171285714,2.7553314027142863,11.009088631428572,16.387725604285713
10639,8.490157151714287,7.3696570050000005,24.079454050000002,4.261188593571429,2.791377105142857,10.909014362857144,16.53095991142857
10640,8.518851506285715,7.623874210714287,24.22245111857143,4.370748596428571,2.8203085428571426,10.85897722857143,16.606845552857145
10641,8.540668651,7.639762761428571,23.984122520000003,4.379285714285714,2.8203085428571426,10.758902958571428,16.497285577142858
10642,8.591180037142859,7.639762761428572,24.031788284285717,4.2528885732857145,2.8490028407142853,10.625391595714287,16.497285577142858
10643,8.620111517285716,7.560319895285715,24.04767694714286,4.109654265857143,2.8708199854285716,10.508717285714287,16.421399935714287
10644,8.641691536285714,7.369657061571429,23.650462617142857,4.0928171277142855,2.863705706571429,10.425242942857142,16.151768487142856
10645,8.714020067,7.4967656361428565,23.793459911428574,4.261188565285714,2.899751437428571,10.441842871428573,16.286465818571426
10646,8.786348597714285,7.258437094142858,23.666351279999997,4.1684657004285715,2.9286828609999995,10.508717171428572,16.0419715
10647,8.858677128428571,7.242548430428572,23.65046284285714,4.126254278285714,2.9718428707142857,10.5921914,15.949248691428574
10648,8.909188514428571,7.274325588142857,23.88879144142857,4.218977143142857,2.993660015285714,10.72570287714286,15.991460001428573
10649,9.010448525285714,7.035997046142858,23.936457205714284,4.067442871857143,3.015477131714286,10.876051405714287,15.645942911428572
10650,9.09724273957143,6.781779897,23.793459911428574,3.8400228738571434,3.0297056895714287,11.009562882857143,15.38484843857143
10651,9.227197104857142,6.924777022285714,24.238340007142856,3.797811451571429,3.072865699285714,11.05960001857143,15.494408412857142
10652,9.378968501714285,6.781779897,24.063565611428572,3.5872285917142857,3.058399987428572,11.143074360000002,15.216239761428572
10653,9.523388549999998,6.750002795714287,24.000011408571428,3.5113428649999996,3.0510485828571423,11.10963726714286,14.971982568571425
10654,9.732785668857144,6.638782828285715,24.222451342857145,3.4608314505714284,3.072865699285714,10.99296295714286,14.853885391428571
10655,9.971114267142857,6.527562804285715,24.349559974285715,3.334434309428571,3.087331411142857,10.842851439428573,14.819974045714288
10656,10.202091403857143,6.845334212571428,24.984865891428573,3.5281800028571433,3.116262863,10.609265694142858,15.342399775714286
10657,10.498045723428572,7.226659992857143,25.731391775714286,3.7387628627142857,3.1885914502857142,10.392279988428571,15.839451364285713
10658,10.808702852857143,7.337879960285714,26.49380587142857,3.9325085562857143,3.275385721,10.158694242,16.210105811428573
10659,10.476465704714286,7.623874267285715,26.74802313285714,4.0083942548571425,3.253805702,9.908508455285714,16.67372008
10660,10.129762817,7.957534226142856,26.79568889857143,4.177002846428572,3.261157106571428,9.741559884285715,17.06144882
10661,9.667571416,7.862202809285714,26.334920365714286,4.269725683,3.203294259428571,9.641485614714286,17.12049752142857
10662,9.176448535714286,7.830425708142857,25.73115453714286,4.387585678,3.1454314122857143,9.59144848,16.859403275714286
10663,8.598768567142857,7.274325701285713,23.920331530000002,4.075742821428571,3.0586371132857146,9.574611426714286,15.721828892857143
10664,7.934294271,6.781779953571428,22.109508522857144,3.7807371030000003,2.9647285352857145,9.574611426714286,14.542043087571429
10665,7.255354234285714,6.400454286285714,19.520382981428572,3.4437571161428573,2.8129571101428574,9.608048633857143,12.84836869842857
10666,7.132514261,6.035017113142858,18.011442775714286,3.2329371305714285,2.834537129142857,9.491137198,11.230342994714286
10667,7.024139971142858,5.510694264142858,16.248285532857142,3.030654262857143,2.7840257148571426,9.341025680714287,9.578642901285715
10668,7.038605654714284,5.272365722142857,14.628125471428573,2.862045699571429,2.784025714857143,9.207514317285716,8.070177116571427
10669,7.096468501857141,5.065814281285713,13.150962705714287,2.7019742822857142,2.776911435857143,9.023965819142859,6.612222801857142
10670,7.161445628,5.065814281285713,12.467991249999999,2.7273485805714293,2.762445724,8.923891436571429,5.845302866714285
10671,7.248239898857144,5.129368540285715,11.72146559142857,2.8454457154285713,2.8058428592857143,8.773779919285714,5.0278714601428565
10672,7.255591359857144,5.1770342487142855,11.260934184285714,2.9633057247142855,2.8131942921428568,8.673705649857142,4.5642571925714295
10673,7.190614233714286,5.192922855857143,10.847831415714284,3.140451434,2.762682849571429,8.640505681571428,4.564257192571429
10674,7.147217070142858,5.208811462999999,11.070271349999999,3.190962876571428,2.7553314167142866,8.673942888714286,4.909774339571428
10675,7.002797077857144,5.192922855857143,11.356265714285712,3.0645657355714286,2.7482171377142857,8.740579950999999,5.373388663857143
10676,6.786048554857143,5.1134799897142855,11.626371414285716,2.929631448571428,2.7192857,8.807217013285713,5.904351568714286
10677,6.627162878999999,5.2882543292857145,12.515894141428573,3.005517147,2.726637132857143,8.857254147999999,6.966277322428572
10678,6.504322905714285,5.2247000702857145,13.484859734285715,3.1065400038571434,2.6761257185714284,8.974165583857143,8.019665844285713
10679,6.453574281,5.129368653428572,14.310828371428572,3.089702865714286,2.6905914304285714,9.040802646142856,8.677025861857143
10680,6.482268578857143,5.049925787285715,14.755708467142858,2.980142862857143,2.6979428632857143,9.07400261442857,9.03938011857143
10681,6.554597166142857,5.272365778714286,15.200351324285716,3.005517147,2.7484543058571425,9.040565407285715,9.359522953
10682,6.655620051285714,5.526582927857143,15.391014044285715,3.2751485954285715,2.7771485755714282,9.023965479714285,9.511057224142858
10683,6.727711456285713,5.749022919285714,15.327459728571428,3.334197155714286,2.798728580428571,9.090839780857143,9.291937161714285
10684,6.8071542659999995,5.828465729,14.406159787142858,3.325660009714286,2.8131942922857145,9.157714081999998,8.322734272857144
10685,6.821619949428571,5.971462854142858,13.357751328571428,3.3341971557142855,2.8347742829999993,9.157714082,7.336931457428572
10686,6.814505670428571,6.209791396142856,13.167088382857145,3.4522942764285713,2.827422850142857,9.141114154428571,7.26958284857143
10687,6.792925651428571,6.368677072,12.785762602857144,3.511105711,2.8056057054285715,9.14111415442857,6.949440014142857
10688,6.756879948857142,6.193902789,12.753985501428572,3.4605942684285718,2.7769114075714287,9.124514226857142,7.050462899
10689,6.735299929857143,5.907908481999999,12.896745557142859,3.207799958142857,2.769797128571429,9.074477092142857,7.0673000654285705
10690,6.749765613428571,5.923797089142857,13.643271215714284,3.250011408714286,2.7626828497142855,9.041039998142857,7.943780089142858
10691,6.778697093428571,5.828465672285715,14.739345552857143,3.208037140428572,2.798728552142857,8.991002863428571,9.073054338
10692,6.872605699714286,5.828465672285715,16.08963703857143,3.098477137571429,2.784262840428571,8.991002863428571,10.581282884857144
10693,6.995445729571429,5.574248579714285,17.264917002857143,2.8876571519999996,2.8058428311428574,9.024439957428571,11.71885721142857
10694,7.277171435285713,5.526582871285714,18.757968432857144,2.8371457094285715,2.914217121,9.041277123857142,12.982828734285714
10695,7.5081486292857145,5.431251397857143,19.83815422,2.7695600029999996,2.993659987142857,9.091314258571428,13.758285760000001
10696,7.732011487714287,5.510694264142858,20.711788509999998,2.7358857125714287,3.037057122571429,9.174788487285714,14.550579951428572
10697,7.948760123857143,5.304142823285714,21.347094427142856,2.567277121,3.051522834285714,9.174788487285715,14.87072289857143
10698,8.194203001428573,5.383585689428571,21.823514385714283,2.5672771210000005,2.986545708285714,9.174788487285714,15.039094335714285
10699,8.338622993714285,5.288254272571429,22.061605745714285,2.5672771209999996,2.957614284571428,9.224825622,14.963445705714287
10700,8.461225898,5.431251397714286,22.25226857857143,2.6431628194285715,2.936034293857143,9.308062838142858,14.97174566857143
10701,8.482805917,5.36769713857143,22.31582278,2.651699965428572,2.8565914277142856,9.458174242285716,14.929534134285715
10702,8.54066876414286,5.494805713142857,22.363488545714286,2.693911387714286,2.740865705,9.591685605714286,14.870485658571429
10703,8.497271600571427,5.431251454,22.538262941428574,2.7951713844285715,2.7190485885714284,9.674922821857143,14.912459955714285
10704,8.497271600571429,5.510694320285714,22.411154310000004,2.828845674857143,2.6756514389999997,9.791597131999998,14.743851280000001
10705,8.396248715428571,5.304142879571429,22.188714375714287,2.7529599622857144,2.6756514389999997,9.941708536285713,14.583779807142857
10706,8.345737329428571,5.145257147285713,21.96651145428572,2.6516999655714284,2.7119342955714285,10.05838284585714,14.389796988571428
10707,8.230248704142857,5.002260022142857,21.50598016,2.550677122857143,2.6830028718571426,10.141857073999999,14.078191244285714
10708,8.071362971714285,4.875151447571429,20.966006,2.4242799959999997,2.6758885928571425,10.208494248857141,13.707537022857142
10709,7.869080075714284,4.763931480142857,20.29892298142857,2.3315571452857142,2.6977057375714284,10.325168559428572,13.294671267142856
10710,7.796988670571428,4.748042873,19.663617291428572,2.1966228724285712,2.6545457278571427,10.425242829,12.839831327142857
10711,7.616522919142858,4.620934298285714,19.647728627142858,2.1797857342857143,2.6905914445714285,10.525317098571431,13.04211411
10712,7.385308599428571,4.589157140428571,19.63183996285714,2.188085726428571,2.668774299857143,10.55851718,13.32028276142857
10713,7.146980000857143,4.763931423428572,19.726934252857145,2.2725085849999997,2.6035600197142856,10.525080087142857,13.623825554285716
10714,6.930231421285714,4.7798199740000005,19.69515715142857,2.3315571594285713,2.5819800148571423,10.508480047142857,13.91029416857143
10715,6.74976572657143,4.827485682428573,19.949137174285713,2.4157428641428567,2.553048577142857,10.575117222857143,14.264111222857142
10716,6.583765715285715,5.224699956857143,20.743328597142856,2.8454457157142863,2.516765720714286,10.525080087142856,15.174028340000001
10717,6.374131414714286,5.5901371300000005,21.569297121428573,3.1572885722857147,2.4733685711428572,10.475042952857143,16.142994045714286
10718,6.215245682285714,5.939685696,21.95062279,3.511342851142857,2.4373228544285714,10.374968683285715,16.699331347142856
10719,6.085291429999999,6.432231387285715,22.44316865142857,3.915908544285714,2.401277137714285,10.341768601857142,17.263968385714286
10720,5.976917140142858,6.750002795428571,22.808605881428573,4.328774243571428,2.379697132857143,10.275131425857142,17.912791258571428
10721,5.897474274000001,7.115439912142857,23.22147141142857,4.7499399350000004,2.350765709285714,10.158220103,18.426917025714285
10722,5.796214263142857,7.433211320428572,23.602797078571427,5.044945639285714,2.292902862142857,9.991508658428572,18.84002002142857
10723,5.7094199922857145,7.607985659999999,23.714017045714286,5.196717092714286,2.2497428524285716,9.924871483571428,19.059139971428568
10724,5.615511442571429,7.671539919142857,23.602797077142856,5.390462786142857,2.213697135857143,9.874834348285715,19.067677174285713
10725,5.535831450714285,7.87809136,23.491577108571427,5.660094234571429,2.177651419285714,9.841634266857142,19.07597713857143
10726,5.514014306142856,7.735094291285714,23.17380564285714,5.584208535999999,2.1705371262857143,9.824797214,18.840020022857143
10727,5.441685719,7.830425708142856,23.237359845714284,5.601045702428572,2.148957121428572,9.941471524285715,18.73876001142857
10728,5.355128573857143,7.989311496999998,23.412134241428568,5.7442800098571425,2.1273771165714286,10.125020022857143,18.848082747142858
10729,5.2180600425714285,8.116420128142856,23.237359845714284,5.794791452428571,2.1129114047142856,10.175057157428572,18.898594019999997
10730,5.117037157428571,7.893980080142858,22.887811279999998,5.643019999000001,2.091094274142857,10.175057157428572,18.696548475714284
10731,5.001548588714286,7.989311553428571,22.713036884285714,5.643019999000001,2.0692771435714286,10.258531385571429,18.738522772857145
10732,4.922105722571429,7.909868687285714,22.633594018571426,5.491248545571429,2.047460013,10.39180573657143,18.637499774285715
10733,4.8644800009999996,8.036977205285714,22.681259784285714,5.643019999000001,2.0329943011428573,10.508717172285715,18.704848440000003
10734,4.799502874857143,8.021088654714285,22.61770558142857,5.735742863857142,2.018528589428571,10.442079996571428,18.81440864142857
10735,4.748991488714286,7.862202865857143,22.172825485714288,5.601045702428571,2.0040628777142855,10.308568632714286,18.527940027142854
10736,4.7634571722857135,7.798648550285714,22.12515994714286,5.491485727714285,1.9969485847142856,10.241931457428572,18.351031612857145
10737,4.7200600651428575,7.893979967142857,22.07749440857143,5.592745738571429,1.9969485847142856,10.191894322714287,18.199260102857142
10738,4.727411469714285,7.814537101,21.91860867571429,5.533934332142857,1.9969485847142856,10.075220013142857,18.039188628571427
10739,4.734762930857142,7.878091416571428,22.04571730714286,5.584445774714287,1.9969485847142856,9.875071361,18.056025795714284
10740,4.741877209857143,7.735094291428571,21.63285155142857,5.356788622857144,2.0040628778571428,9.658085655285715,17.929628654285715
10741,4.806854336,7.544431457714285,21.52163158428571,5.129131470857142,2.0256428827142856,9.574611426714286,17.727345644285712
10742,4.907877164714286,7.417322882999999,21.77584884714286,4.935148651714286,2.0545743062857142,9.524574291999999,17.685371572857143
10743,5.073877175999999,7.433211433571429,21.775848847142857,4.994197183857142,2.1195514464285714,9.424500022571427,17.76955717857143
10744,5.211182889285714,7.449099984142857,21.839403049999998,4.977360017428572,2.1774142935714282,9.341025793857142,17.735882845714286
10745,5.391648584142857,7.512654299714286,22.18895161714286,4.918311428857143,2.2208114290000003,9.174077223285716,17.786394118571426
10746,5.593931423714286,7.178994284285714,21.80762595,4.716028589285714,2.2568571315714285,9.074002953857143,17.40720269428571
10747,5.767282839571428,7.051885709714286,21.966511681428575,4.547657151714286,2.30736856,8.940728603,17.07022258142857
10748,5.962451400142858,6.718225694428571,21.55364592571428,4.218977142999999,2.3434142765714285,8.840654220428572,16.539496887142857
10749,6.1429170950000005,6.543451411428571,21.458314395714286,4.109654265714285,2.3649942814285714,8.690542703142857,16.328676675714288
10750,6.251291384857142,6.336899970714287,21.442425731428568,3.9664199865714287,2.386574286285714,8.557031339714287,15.974622382857143
10751,6.482268522285715,6.209791452714286,21.664865665714284,3.713625704571428,2.3792228675714284,8.390082769142857,16.10931948714286
10752,6.670085678285714,6.098571428714286,21.887305825714286,3.5872285635714283,2.3863371605714283,8.306608540428572,16.10931948714285
10753,6.901062872142857,6.336899970714286,22.90393741,3.6884885179999998,2.4442000218571427,8.223134311714286,16.80865385857143
10754,7.124925787142859,6.765891402857143,23.967997521428572,4.2528885451428575,2.466017166571428,8.15626001057143,17.651222535714286
10755,7.312742886571429,7.099551418142857,24.74630028142857,4.547894277714286,2.5023000231428574,8.106222875857144,18.19048543285714
10756,7.3924229348571435,7.4014342758571425,25.222957478571427,4.749939963285714,2.523880028,8.139660083,18.51916558285714
10757,7.486331484571429,7.512654299714286,25.365954547142856,4.8846370964285715,2.4878343114285717,8.306371414714286,18.805871435714284
10758,7.4358200420000005,7.4967656925714286,25.191180377142864,4.985659981571429,2.502300023285714,8.423282850571429,18.435217215714285
10759,7.356377175714285,7.226659936142857,23.920331757142858,4.716028561285715,2.5601628705714288,8.590231421142857,17.196620174571425
10760,7.146980000714286,6.877111370142857,22.093620085714285,4.454697161428571,2.545697158714286,8.690542816285715,15.671317279285715
10761,6.959162788285714,6.416342836714286,20.203591224285713,3.991319991142858,2.516765720857143,8.673942888714285,13.943731488714286
10762,6.821857131428572,6.193902845285714,18.932742830000002,3.7470628268571424,2.5672771351428567,8.657342961142858,12.662922911857143
10763,6.850551372857142,5.923797145428571,17.53478557857143,3.5618542794285717,2.632254261285714,8.623905754,11.264017158
10764,6.843199968142857,5.907908594857143,16.56581998571429,3.443994284428571,2.7045828344285714,8.473794349857142,10.328488433714284
10765,7.059948547714287,5.828465728714286,15.660408595714287,3.2502485627142863,2.7624456815714282,8.373720080428571,9.485682742714285
10766,7.240414299142857,5.892020044285714,15.501522864285716,3.368108557714286,2.7913771051428573,8.257045770285714,9.157002762142858
10767,7.442697138714286,6.098571485142857,15.94640296,3.4017828338571428,2.870819971428571,8.257045770285714,9.275099938857142
10768,7.594468592142857,6.273345768142858,16.43871158142857,3.4103199798571424,2.9213313999999997,8.307082905,9.797762795142857
10769,7.652094313571429,6.2574571610000005,16.72470571857143,3.3849456957142854,2.8852856974285714,8.357120039714285,10.134742796285716
10770,7.5871171874285706,6.146237193571429,16.692928617142858,3.2500114087142857,2.8421257160000004,8.357120039714285,10.396074167285715
10771,7.558422889571427,5.923797145571429,16.597597087142855,3.0899399914285715,2.8203085712857145,8.357120039714285,10.303351358428571
10772,7.3850714737142855,5.653691445714285,16.62937418857143,2.904494261714286,2.7913771477142864,8.440594268428573,10.446585666571428
10773,7.312980012142857,5.558360028999999,16.883591224285716,2.8539828474285716,2.7769114358571434,8.540668537857144,10.766728557714286
10774,7.262468569571429,5.558360028999999,16.947145427142857,2.786634266714285,2.762445724,8.573868506142858,10.83407711057143
10775,7.334797156857142,5.478917162857143,17.185474025714285,2.786634266714285,2.805842859285714,8.723979910285715,10.817240057714287
10776,7.421591427714285,5.542471478428572,17.074254058571427,2.744422844428571,2.8563542735714287,8.874091314428572,10.606657197714286
10777,7.594942843714285,5.653691445857143,17.50324549,2.778097120571428,2.9213313995714287,8.957565656285714,10.724517250571427
10778,7.73201143142857,5.780800020571429,17.868682720000002,2.8117713967142857,2.964728535,8.924128562285714,10.952174402285715
10779,7.833034316571428,6.082682878142857,18.17056552,3.089939963,3.058637113,8.757179991714285,11.112483000857143
10780,7.825682912,6.209791452714286,18.440671220000002,3.250011380285714,3.0802171320000005,8.690305690571428,11.348440117142857
10781,7.912240057142857,6.321011420142858,18.69488848142857,3.3681085292857142,3.1451942581428574,8.623668628285715,11.432625835714289
10782,7.854377209857144,6.2892342622857145,18.456559882857142,3.2417113882857147,3.1741257099999998,8.440120017,11.171294350000002
10783,7.8183315072857145,6.305122813,18.472448545714286,3.2165742440000002,3.1667743054285715,8.173097177,11.272317235714285
10784,7.746240102142857,6.209791396142857,18.440671445714287,3.115551401285715,3.1449571608571425,7.922911446857143,11.289154401428574
10785,7.6957286595714285,5.955574246857142,18.408894344285716,2.955479984,3.137605728,7.7727999862857144,11.213268647142856
10786,7.674148640571429,5.764911413285714,18.32945147857143,2.845920009285714,3.04369715,7.589251431571429,11.120545725714285
10787,7.739125823142857,5.7172457048571435,18.52011453857143,2.6941485841428574,2.9787199955714283,7.389102892714286,11.339665674285714
10788,7.710194456000001,5.463028555571429,18.631097267142856,2.542377159,2.877697138714286,7.222154265714287,11.660045634285712
10789,7.804103005714286,5.351808531571429,19.171071654285715,2.6097257397142855,2.8053685515714286,6.738382846285714,12.216145585714285
10790,7.9774544217142855,5.208811406285714,19.75871158,2.660237168142857,2.7114599735714284,6.3214856714285705,12.654385597142857
10791,8.128988693,5.192922855714286,20.330463067142855,2.668537160142857,2.639368554285714,5.937788521428571,13.092625608571428
10792,8.345737216,5.208811462857144,20.87043722857143,2.719048588714286,2.6033228517142857,5.654165697285714,13.4971914
10793,8.548019999,5.129368596571429,21.410411615714285,2.5758142954285717,2.6033228517142852,5.403979967285714,13.867845734285714
10794,8.699791396,5.002260022,21.680280075714283,2.525302867,2.617788563571428,5.070319951999999,14.044754374285715
10795,8.902074179,4.970482920857143,21.886831574285715,2.4579543004285713,2.639368554285714,4.8035342377142864,14.053054451428569
10796,8.974402709714285,4.891040111285714,21.934497340000004,2.3230199992857146,2.6249028424285714,4.853571372428571,14.044754487142855
10797,9.024914095714283,4.859262953571428,21.96627444142857,2.255671432714286,2.682765689714286,4.886771397285714,13.994242987142856
10798,9.039379779285714,4.811597188571429,21.98216288,2.238834294714285,2.6972314015714285,4.919971422142857,13.994242987142856
10799,8.909425527,4.827485739285714,21.918608677142856,2.2471342867142856,2.6611856848571427,4.970008556857143,14.019380117142855
10800,8.757654130142857,4.827485739285715,21.759722944285716,2.272271416857143,2.617788549428571,5.0866828669999995,14.00254295
10801,8.584302714142856,4.763931423714285,21.537520022857144,2.272271416857143,2.567277121,5.286831462285714,13.943494361428572
10802,8.345974172142856,4.636822849,21.156431367142858,2.2468971327142855,2.466254278142857,5.420342882142856,13.833934274285713
10803,8.158157072714285,4.573268533428572,20.823008477142853,2.2468971327142855,2.4157428497142854,5.6038914932857145,13.682162877142858
10804,7.934294270714285,4.462048537714286,20.37836562,2.204685696285714,2.3652314211428576,5.9709886025714285,13.454505725714286
10805,7.681500045142856,4.271622858,19.774837029999997,2.095125700285714,2.3147199927142856,6.421560053714286,13.117525725714287
10806,7.464751465571427,3.8905343022857144,19.23486264285714,1.7159342771428572,2.2713228574285718,6.8386942977142855,12.746871392857143
10807,7.233774328142857,3.6047771492857144,19.04443682142857,1.5812371405714287,2.2281628477142856,7.355902811142856,12.873268647142856
10808,7.017025748571428,3.6524428577142865,19.123642674285716,1.6656599991428571,2.1847657122857145,7.739599904714287,13.016739967142858
10809,6.800277169,3.5096828300000005,19.23462563,1.7161714275714284,2.134254283857143,8.039822826142858,13.176811440000003
10810,6.597994329571429,3.4143514131428567,19.29817983285714,1.7415457115714286,2.0763914225714286,8.356882800857143,13.311745669999999
10811,6.36678001,3.493794251,19.393511362857144,1.8511057145714285,2.0114142824285715,8.523831371428573,13.564539952857144
10812,6.215245682142856,3.8431056631428575,19.99703995285714,2.103900003857143,1.9751314260000001,8.723979910285715,14.280711262857142
10813,6.049008545285714,4.4942999185714285,20.950117108571426,2.7107485648571434,1.9317342764285714,8.957565656285714,15.308725557142855
10814,5.9477485344285705,5.018385613714286,21.569534362857144,3.131914302142857,1.9028028528571428,9.124514226857142,15.932411072857144
10815,5.861191389285715,5.320268471285715,21.982637131428568,3.4435199905714287,1.888337127,9.25802570342857,16.505348302857143
10816,5.760168560571429,5.653691332714286,21.951097042857146,3.6458028582857147,1.888337127,9.541648471142858,16.80889109714286
10817,5.6302142517142855,5.971462741000001,21.919319941428572,3.8900600085714285,1.873871415142857,9.791834144857145,16.943588202857143
10818,5.507374278428571,6.0826827649999995,22.062079771428568,4.033294287714286,1.8520542704285714,10.075219899571428,17.30594245857143
10819,5.370068565142858,6.257457048,22.220965502857144,4.302925707857143,1.8375885585714287,10.258768510285714,17.65999675142857
10820,5.269045736428571,6.241568497428572,21.982636904285716,4.403948593,1.8375885585714287,10.342242739142856,17.499925277142857
10821,5.146205762999999,6.289234205714286,21.63308833857143,4.446160015285714,1.8302371257142858,10.358842779714285,17.247130994285715
10822,5.016251454285715,6.336899914142857,21.362982638571427,4.412485739142857,1.808657127857143,10.44231700857143,17.11219665
10823,4.9512742717142855,6.432231331,21.68051709,4.564257164428571,1.8086571278571426,10.47551709,17.432339597142857
10824,4.878945684571428,6.305122756428572,21.791499818571427,4.539120006,1.8015428418571429,10.492117129999999,17.761019747142857
10825,4.8213199630000005,6.4004541732857145,21.83916558285714,4.741402845571429,1.794428555857143,10.425479954285716,17.89595409142857
10826,4.785274260428571,6.321011307142856,21.473965592857148,4.5139828475714285,1.7873142698571431,10.392042747142856,17.373528361428573
10827,4.763694241428572,6.4004541732857145,21.299191422857145,4.598405692,1.7873142698571431,10.375205694285714,17.373528361428573
10828,4.734999943571429,6.479897039571428,21.37863428857143,4.716502812714286,1.7873142698571431,10.325168559714285,17.508225692857142
10829,4.72053426,6.416342780428571,21.315080087142857,4.775551401285715,1.7873142698571431,10.241694330857143,17.508225692857142
10830,4.6626714127142845,6.241568497428572,20.7751057,4.598642817571429,1.7654971251428573,10.008345710428571,17.02801127142857
10831,4.61215997,6.622894221142857,21.01343429857143,4.741877125,1.7581456992857143,9.724722830285714,17.204919685714287
10832,4.590342825285715,6.797668504142857,21.156431594285714,4.784088603714286,1.779725697142857,9.39106281542857,17.33961679
10833,4.568525680571429,6.765891402857143,21.20386012,4.859974330428572,1.794191416,9.174314236428572,17.42380262142857
10834,4.575639959571428,6.797668560714286,21.36274585285714,4.809225762142858,1.8086571278571426,8.907528521571429,17.550199762857144
10835,4.553822814857143,6.861222876285715,21.346857188571427,4.648917219142858,1.8231228397142858,8.774017044999999,17.449176764285713
10836,4.575402777428571,6.622894277857142,20.933991431428574,4.438334359285713,1.8591685634285715,8.690542703142857,17.129034042857143
10837,4.676662788285715,7.020108552142856,21.56929712285714,4.707965807714285,1.902565713,8.740579837857142,17.659759964285715
10838,4.821082837142858,6.988331394428571,21.36274585142857,4.775314360142858,1.9459628625714287,8.857491273714286,17.57557435857143
10839,4.965502829571428,6.8135571114285725,21.283302985714283,4.6235429067142855,1.9748943002857142,9.024439844285713,17.263968614285716
10840,5.1462057067142855,6.861222819857142,21.521631584285718,4.631842898857143,2.0182914357142856,9.057639812571427,17.364991387142858
10841,5.297977160142858,6.924777078857143,21.68051731571428,4.581331456285715,2.0472228734285713,9.007602677857141,17.407202922857145
10842,5.507374335142857,6.940665629428572,22.157174512857143,4.690891431,2.083505729857143,8.707379869571428,17.60948593285714
10843,5.7385886547142855,7.290214195428573,22.999031701428574,4.834125738428571,2.1124371534285715,8.373719910857142,18.131911664285713
10844,5.904588666,7.035997102857144,23.03080880285714,4.505445729714286,2.162948581857143,8.190171412714285,17.862280215714286
10845,6.041894379428571,6.622894277714287,22.999031475714286,4.278025731714286,2.177414293714286,7.97318570742857,17.466251625714285
10846,6.273108699,6.829445718428572,23.76144557142857,4.303399987571429,2.2279257221428574,7.639525748571428,17.938166082857144
10847,6.583528702571428,7.115439968857143,24.317308622857148,4.345611438,2.278437150571429,7.339302940285713,18.38494318428571
10848,6.836322984571429,7.178994284428571,24.85728278428572,4.345611438000001,2.3362999977142858,7.355902867857142,18.629200262857143
10849,7.1687972019999995,7.020108552000001,24.841394121428575,4.244588609285715,2.4012771521428573,7.589488613857143,18.553314394285714
10850,7.493682889142856,7.004220001285715,25.222482550000002,4.1938400410000005,2.4807200042857147,7.889948604285714,18.49450293142857
10851,7.818805758571428,7.337879960142857,25.55614267857143,4.396122908714285,2.5819799868571427,7.739837143571429,18.688248511428565
10852,8.028202877,8.020851415857143,26.20757427142857,4.598405776428571,2.6903542624285715,7.739837143571429,19.05890273142857
10853,8.158157129285714,8.116182889285714,25.34982864571428,4.640380073,2.8421256875714285,7.990022873714286,18.28344548
10854,8.187088496285714,8.068517237428571,24.50820847,4.690891459142857,2.9720799822857145,8.207008579,17.23835700571429
10855,8.208668515285714,7.528305781285715,22.72940002857143,4.387585748571428,3.0225914107142864,8.37395714957143,15.392911276714287
10856,8.13633998457143,7.178757243571428,21.172794395714284,4.033768581285714,3.087568536714286,8.507468513000001,13.640188468571427
10857,8.078714263,6.940428701571428,18.980883072857143,3.8317228392857143,3.1236142674285716,8.557505647714285,11.592222716857142
10858,8.042431434857143,6.574991584857143,17.106505862857144,3.578928529,3.1162628628571425,8.907765647285714,9.687965637571429
10859,8.071362915,6.0667944121428565,15.216240102857142,3.233411382142857,3.202820008,9.24142566257143,7.690985693857143
10860,8.194202944857143,5.764911498000001,13.643745806571431,3.0142914045714284,3.181240017285714,9.508211377,5.9468000032857145
10861,8.252065792142858,5.447140033142857,11.674037292571429,2.7951714269999997,3.065751448571429,9.89190852642857,3.679951428285715
10862,8.410951524571429,5.558360057142857,11.324488614,2.786634281,3.109148584,10.108657106428572,3.1826628844285723
10863,8.526440093285714,5.796688627428571,11.435471456857142,2.8791199919999997,3.087331439428571,10.291968592142856,3.283685713
10864,8.475691581571429,5.637802894999999,11.943668629714283,2.8705828458571427,3.0441714297142854,10.525317212142857,3.7387628345714288
10865,8.374668696285713,5.4153629035714275,12.181997228285713,2.7102742817142853,3.0010114199999998,10.825540020000002,3.9830199707142855
10866,8.25182866642857,5.113480045999999,11.816560111571428,2.5668028557142857,2.8928742841428567,11.009088631428574,3.789037109142857
10867,8.013500067857143,4.954594370142857,11.896002977857142,2.3984314180000004,2.813431418,11.092562860000001,3.991082823
10868,7.840148708428571,4.859262953428571,12.38831160042857,2.1456371287142857,2.856591399428571,10.875577155428571,5.002497105285714
10869,7.659682957,4.8910400545714285,12.070540249,2.2637342918571433,2.8347742830000002,10.65882857542857,5.322877122
10870,7.486331541142856,4.954594313714287,11.64178594185714,2.2808085838571426,2.8276600039999997,10.425479955,4.985897121142857
10871,7.435820041999999,4.922817156000001,9.005231592285712,2.2385971617142855,2.863705706571428,10.208731375714285,2.449417154142857
10872,7.399774282999999,5.034037123571428,6.7021001321428555,2.415742863857143,2.8852856972857137,9.941945661857144,0.4102256744285713
10873,7.4358199855714275,5.177034248857142,6.19390295942857,2.693911423,2.9502628234285715,9.591685605714288,0.16596853842857126
10874,7.392422878428571,5.192922799428572,4.907402977714286,2.710748575285714,2.921331399857143,9.341499932142856,-1.0474914577142855
10875,7.392422878428571,5.367697082428571,2.9538200834285715,3.047965709,2.9720799962857147,9.29146279742857,-3.1711057535714287
10876,7.334560031285714,5.320031374142857,2.636285743857143,3.0225913965714284,2.9144542748571434,9.291462797428574,-3.735742920428571
10877,7.240651425000001,5.192922799428572,1.0320143044285712,2.997217112428572,2.8928742841428567,9.308062838142858,-5.143185764
10878,7.110697172857143,5.224699957142858,1.0002371467142857,2.997217112428572,2.9073399958571424,9.341499932142858,-4.991414366999999
10879,7.009437161999999,5.2088114064285715,1.0635543082857144,2.862282839571429,2.972317150285714,9.408137107428571,-5.100974341714285
10880,6.929994295714286,5.145257147285713,0.2216971627142857,2.651699993857143,2.936034293857143,9.541411458285713,-6.095314374428571
10881,6.872131392,5.002259993857144,0.28525145,2.6263256955714285,2.8997514372857145,9.691522861857141,-5.918168665142858
10882,6.742177083285715,4.5735056872857145,1.2859942857142859,2.3144828459999998,2.7984914264285714,9.79159713114286,-4.519262939428572
10883,6.706131324285715,4.367191428571428,1.1906628688571428,2.1207371454285715,2.719048560142857,9.874834347285715,-4.552937229857143
10884,6.792925651571429,4.081434303857143,2.651937126857143,1.9689657131428573,2.704582848428571,9.991508657428572,-2.892700047714286
10885,6.980742751,3.891008567714285,5.145731364142857,1.7920571435714285,2.610674284571428,10.041545792142857,-0.5162914980000004
10886,7.082002761857142,3.6529171231428563,7.6077485841428585,1.775219991285714,2.458902845285714,10.07498288642857,2.1634228324285716
10887,7.168797032714287,3.510157095428571,10.085654227714286,1.6656599882857144,2.3578800024285713,10.158457114571428,4.640854267857143
10888,7.2916370625714295,3.4627285408571424,12.452340024999998,1.6488228501428572,2.3291857045714286,10.208494250285714,6.865491364285714
10889,7.4215913712857144,3.605488540428571,14.64425137642857,1.733008562,2.2497428525714285,10.358605654571429,8.786822764285715
10890,7.479217092714285,3.605488540428571,16.264411324285714,1.7666828452857144,2.235277140857143,10.35860565457143,10.244539953428573
10891,7.558659902428572,3.6529171231428568,17.47170574142857,1.8425685508571428,2.148482855857143,10.39204274842857,11.196668493857143
10892,7.558659902428572,3.7321228635714276,18.329451479999996,1.9438285475714283,2.1050857205714286,10.358605654428573,12.03923705857143
10893,7.667034192142857,3.858994312428571,19.10775424,1.9606656998571428,2.0979714415714286,10.308568519571427,12.527988457142856
10894,7.775408481857143,4.017642890857143,19.663617064285713,2.0280142664285714,2.083505729857143,10.208494250714285,12.949391301428571
10895,7.8548513479999995,4.065071445428571,20.01292839142857,2.0365514124285715,2.069040018,10.058382846142857,13.227559952857144
10896,7.934294157714286,4.017405737,20.330462842857145,2.0114142680000002,2.0763914367142857,9.841634266571429,13.49719140142857
10897,8.013737080428571,4.033057162,20.663885732857143,2.0282514061428576,2.0835057297142856,9.858471319857143,13.741685605714284
10898,8.020851415857143,4.064834291571429,20.854311328571423,2.0367885521428573,2.0979714415714286,9.825034226,13.876619948571427
10899,7.977454308714285,4.064834291571429,20.822534227142857,2.019951414,2.0908571484285714,9.841634266714285,13.876619948571427
10900,7.869080018999999,4.0012800042857135,20.584442867142855,1.9948142695714288,2.0692771435714286,9.824797213428571,13.750222807142858
10901,7.796751488285714,3.9377257169999997,20.33046307,1.9694399925714288,2.112674278857143,9.808197172714285,13.564777078571426
10902,7.695728603142856,3.6360800132857145,20.092371710000002,1.7081085645714287,2.1413685627142853,9.791597131999998,13.429842734285716
10903,7.543957206142856,3.3344342954285717,19.806614585714282,1.4214028524285713,2.1629485675714286,9.724722830857143,13.235859914285713
10904,7.349025714714287,3.4138771615714285,19.91783455285714,1.4804514268571427,2.177414279428571,9.641248602142857,13.454979864285715
10905,7.118048577285713,3.4774314488571427,19.94961165285714,1.455077142714286,2.1847656981428574,9.54117421957143,13.665562724285712
10906,6.886834314142858,3.5886514445714286,20.013165855714284,1.6739599947142858,2.1918799912857145,9.457937003428572,13.99424264857143
10907,6.670085734571429,3.573000019571428,19.965500091428574,1.6739599947142858,2.1989942844285717,9.307825486142859,14.187988455714287
10908,6.417291396,3.620665756142857,20.21947988857143,1.758382846142857,2.1555971491428574,9.207751216714286,14.575716967142858
10909,6.222359961,4.128862872285715,20.727676947142857,2.255671418142857,2.1195514465714287,9.090839780857143,15.376311235714285
10910,6.0563599497142855,4.621171423714286,21.204096905714287,2.7275857059999997,2.090620023,9.107676947285714,16.04220828714286
10911,5.933519976428571,4.732391391285715,21.235874007142858,2.7697971424285717,2.076154311142857,9.091076906571429,16.269628425714284
10912,5.817794225571428,4.795945706857142,21.204096907142855,2.946705726142857,2.061688599285714,9.157951207714286,16.387488364285712
10913,5.7312370804285715,5.002497147714286,21.315079861428565,2.988917148428571,2.054574306142857,9.157951207714287,16.412862732857143
10914,5.666259954285715,5.478917162714285,21.712056952857143,3.393245701857143,2.047460013,9.274862643571428,16.935288462857145
10915,5.601282828142857,5.749022862571429,21.855054248571427,3.6460399981428573,2.047460013,9.341499819000001,17.27226857714286
10916,5.507374278428571,5.876131437285714,21.68028008,3.7553628754285717,2.0548114317142856,9.191388414857144,17.02777425857143
10917,5.413465728714285,5.955574303571429,21.25152566,3.9493457511428565,2.0621628504285714,9.174551248428571,16.724231464285715
10918,5.312442843571428,6.1303485865714284,20.94988009714286,4.227277191714285,2.069514269142857,9.157714082,16.580997157142857
10919,5.225885698428571,6.5116742538571435,20.949880097142856,4.4717714534285715,2.0621628504285714,9.057639812571429,16.690557131428573
10920,5.196954274857142,6.718225638142857,20.88632566857143,4.648680008714286,2.0548114317142856,8.940728376714286,16.867465771428574
10921,5.1680228512857145,6.750002739428572,20.85454856714286,4.598168622571428,2.0548114317142856,8.723742671428571,16.78327994
10922,5.117511408714286,6.765891290142858,20.7751057,4.598168622571429,2.0332314268571428,8.623668402,16.69055713142857
10923,5.066762840428572,6.988331281428572,20.94987986857143,4.733102909714286,2.025880008142857,8.707142743857144,17.069748554285713
10924,5.030479955714286,7.242548430571429,21.37863428857143,4.842662884428571,2.0114142964285713,8.607068474428571,17.516525655714283
10925,5.023128551,7.496765636285715,21.743834280000005,4.977597171428571,1.9969485847142856,8.423519976285714,17.95476555428571
10926,4.987082848428572,7.290214252,21.775611380000004,4.994434337857143,1.9824828588571428,8.156497136285715,17.97183996
10927,4.936571405857143,7.1631056772857145,22.061605742857147,5.078857238857144,1.953551421142857,7.8562743280000005,18.182422707142855
10928,4.886059963285715,7.035997102714286,21.823514382857148,5.087394328428572,1.9317342765714287,7.622688638714286,17.895954091428568
10929,4.900525703285715,7.004220001428572,21.934734351428574,5.137905742714286,1.9388485695714286,7.405702877000001,17.89595409142857
10930,4.907877108,6.940665742428572,21.791737282857145,5.1296057222857145,1.9172685647142858,7.405702877,17.626322644285715
10931,4.980205695285716,6.877111483428572,21.791737282857145,5.1296057222857145,1.9172685647142858,7.389102949428572,17.550437002857144
10932,5.009137119,6.718225750999999,21.39476019,5.070557133714286,1.9243828577142854,7.138917219285715,17.137571474285714
10933,5.160671390285714,6.797668560571429,21.52186882142857,5.036882857428571,1.9606657141428572,6.922168639714286,17.289105745714284
10934,5.247228535428571,6.861222876142857,21.458314620000003,4.876811383714285,2.0040628637142857,6.7552200692857145,17.15440864142857
10935,5.341137141571429,6.861222876142857,21.616963114285713,4.960997102571428,2.0329943014285714,6.521634379857145,17.238594474285716
10936,5.398762863142856,7.051885709714286,21.505743145714284,4.944159992714285,2.040345720142857,6.171374380285714,17.19638294
10937,5.528717171857143,7.1631057337142865,21.728183081428572,4.901948570571428,2.069277143714286,5.6541657537142855,17.33131728285714
10938,5.637091461571429,7.1631057337142865,22.061842982857144,4.834362835857143,2.1053228602857144,5.036882857714287,17.42404009142857
10939,5.8033285985714285,7.1789942842857135,22.331711444285713,4.648917134428572,2.127139990857143,4.703222842428572,17.558737195714283
10940,5.918817167285715,7.242548599857143,22.58592848142857,4.615242801714286,2.127139990857143,4.419599990142857,17.508225695714284
10941,6.092168583142857,7.1789942842857135,22.871922618571432,4.589868545857143,2.141605702571429,4.186251398142857,17.415502887142857
10942,6.316031441714286,7.321991466,23.28502538714286,4.480308571142857,2.1705371261428574,4.019539953285714,17.54190002714286
10943,6.57617712842857,7.417322939428572,23.999773944285714,4.539357103285715,2.213697135857143,3.9695028185714287,17.95500302142857
10944,6.879482853142856,7.131328632428572,24.269879644285712,4.328537089428572,2.293140002142857,4.219688548714286,17.938165855714285
10945,7.226185685,7.194882891428572,24.555636770000003,4.202139976714286,2.365468575285714,4.603385698714286,17.94646581857143
10946,7.565537112142857,7.496765692571429,25.49282526142857,4.429797100428572,2.4593771532857143,5.103994284571429,18.33419421857143
10947,7.854614222428571,7.8460771330000005,25.762931187142858,4.598168538,2.603797145571428,5.620965700714286,18.351031385714286
10948,8.035317043000001,8.22716567457143,26.04868853857143,4.749939991428572,2.668774285857143,6.288285703142856,18.671174107142857
10949,8.150805611714286,8.417828564714286,26.255240035714284,4.943685684857143,2.704820002428572,6.688582837428571,18.923968390000002
10950,8.201317054285715,8.592365608857142,26.23935137285714,5.145968580857144,2.748217137857143,6.805257147571427,18.949105519999996
10951,8.100294169142858,8.84658270157143,25.699139972857143,5.381925724857143,2.7626828495714286,6.638545702714285,18.434979978571427
10952,7.991919935857142,8.608254159571429,24.92083721285714,5.306277152000001,2.7771485614285716,6.4549971479999995,17.76102009
10953,7.869317031714286,8.163374233285717,23.951871620000002,5.0112714475714295,2.842125715714286,6.204811417857143,16.88454017857143
10954,7.782522817428571,7.893505659142858,23.014682901428575,4.893411452571428,2.7842628685714286,5.921188593714286,16.117620130000002
10955,7.919828530714286,7.734857165571428,22.17306272571429,4.7838514214285714,2.8710571675714287,5.520654333714286,15.106443114285712
10956,8.021088541571428,7.591859983857142,21.15643136714286,4.623780004142857,2.9794314574285714,5.4205800641428565,13.909820255714285
10957,8.136577110285714,7.2425486001428565,19.981151515714284,4.3202371255714285,3.0662257564285715,5.470854324428571,12.586800144285714
10958,8.360440025285714,7.2107714988571425,19.60006286142857,4.135028549857142,3.1238514779999997,5.470854324428571,11.895765737571427
10959,8.497745738714285,7.433211490285714,19.075977138571428,4.404659970142857,3.174362892285714,5.437417173999999,11.24670574042857
10960,8.511974409571428,7.3378800168571425,17.980139927142854,4.430034254285714,3.044171457857143,5.303905754142856,10.277740034714286
10961,8.533791554285715,6.924777135285715,17.122394301428567,4.151865688,3.015240034142857,5.287305713428571,9.342448604142856
10962,8.338622993714285,6.575228569285715,16.089874392857144,3.8063485551428573,2.9789571777142854,5.270705672857143,8.457668560714286
10963,8.215782963857142,6.146237137,15.120908687142856,3.4776685605714284,2.921094302285714,5.220668538142857,7.775171356714287
10964,8.100294395142857,5.939685696142858,14.326717150000002,3.3849456957142854,2.8921628504285715,5.270705672857142,7.050462842571429
10965,7.948760010857142,5.558359972428572,13.484860074285715,3.207799986428572,2.870582831428571,5.3207428075714285,6.502662856142858
10966,7.8188056455714285,5.367697082285714,12.897220035714286,2.8959571440000005,2.834299975,5.421054202571428,6.25840566357143
10967,7.826156993714286,5.494805657000001,13.548414390000001,2.9801428628571425,2.870582831571429,5.621202797857143,6.932365665
10968,7.768294146428572,5.7490228061428565,14.374382914285716,3.1570514465714288,2.8995142552857147,5.838188559571429,7.850819928428572
10969,7.7322484440000006,5.8761313241428565,15.105020021428572,3.3930085764285716,2.8634685245714286,5.904825734857143,8.69338855042857
10970,7.616759875285715,6.289234149285714,15.994542861428572,3.7048514611428573,2.8347742548571424,5.921662844714286,9.595005704428571
10971,7.566248432714287,6.622894164714286,16.756957070000002,3.9325085848571426,2.7553314028571427,5.971699979428572,10.48832278142857
10972,7.6094084707142855,6.908888471571429,17.50348284142857,4.286562849571428,2.776911421857143,6.005137129857142,11.145682743142856
10973,7.594942787142855,6.956554179857143,18.05934577857143,4.345611409857143,2.719285714428572,6.021737170571428,11.583922754285714
10974,7.594942787142856,6.988331337571429,18.25000861285714,4.311937105428571,2.7624456958571426,6.005137129857142,11.626134177142857
10975,7.5878284517142855,6.956554179857143,18.678762807142856,4.303637113285714,2.7553314168571426,5.7715513839999995,11.870628495714286
10976,7.652805634285714,6.877111370285716,18.83764854,4.185539964285714,2.791377147571428,5.754951343428571,12.005562725714286
10977,7.761179867571428,6.638782828142857,18.932979844285715,3.9832570682857136,2.7695600028571428,5.804988478142858,12.005562725714286
10978,7.847737012714286,6.448119994571428,19.36173426428571,3.7555999445714283,2.863468566714286,5.804988478142858,12.317405595714286
10979,7.855088473857142,6.2892342622857145,20.09237148571429,3.5364799668571427,2.8058428451428568,5.788151368285715,13.109462774285715
10980,7.970577042571429,6.257457161142857,21.14077994428572,3.5025685367142856,2.8563542735714287,5.771551327571428,14.120639902857144
10981,8.11499709142857,6.336900027285714,22.12539718857143,3.561379999571428,2.8563542735714287,5.754714217714285,15.16549125
10982,8.302814303999998,6.416342893428571,22.951365712857143,3.544542833285714,2.8708199854285716,5.804751352428572,15.915336892857143
10983,8.519562883571428,6.654671435428571,24.285531295714286,3.7890371515714287,2.849239966428572,5.704677083,16.993862574285714
10984,8.743425798571428,6.670559986142857,25.14327714714286,3.738525737285715,2.9215685254285715,5.521128528428571,17.609011225714287
10985,8.902311530857142,6.527562804285715,25.55637991571429,3.553317175714286,2.8852856689999995,5.3207428640000005,17.878642674285715
10986,9.075662946714287,6.495785703000001,25.683488320000002,3.5279428915714286,2.9139799387142857,5.187231444142857,17.802994044285715
10987,9.205617312000001,6.464008545142858,25.937468344285712,3.536480037571429,2.906865659857143,4.970245739,17.853505544285714
10988,9.306640197142857,6.22567994657143,25.826485388571427,3.241711444857143,2.8926371020000006,4.786697127857143,17.47431412142857
10989,9.393197285714285,6.019128505714286,25.54072849,3.0394286052857145,2.8781713901428567,4.636585723571429,17.12879703142857
10990,9.436594336285713,5.653691389142857,25.111974297142858,2.6939114442857144,2.8421256877142858,4.586548588857142,16.640045632857145
10991,9.458174355285715,5.526582814571428,25.175528499999995,2.651700007857143,2.784262840571429,4.553111438285714,16.682256942857144
10992,9.451060019857144,5.463028555571428,25.302637131428565,2.7275857204285714,2.7048200025714286,4.503074247,16.833791214285714
10993,9.378731489142856,5.38358568942857,25.41385709857143,2.6180257175714283,2.632728583285714,4.469874222142858,17.02753702142857
10994,9.227197104857142,5.1611456979999994,25.048657107142855,2.4325800021428567,2.567514303142857,4.503311372714286,16.757905572857144
10995,9.025151334428571,5.0975914389999994,24.714997205714287,2.432580002142857,2.5023000229999997,4.486711388571429,16.648345598571428
10996,8.80128853242857,5.018148629428572,24.33367131142857,2.4157428498571427,2.451551454714285,4.486711388571429,16.496811327142858
10997,8.59165428842857,4.954594313857142,23.84112567714286,2.398905711714286,2.4226200168571426,4.4532742380000006,16.25255424857143
10998,8.353325689857142,4.875151447571429,23.316802941428573,2.3737685815714284,2.379222881428571,4.403237103285714,15.9829228
10999,8.122111426714286,4.732154294142858,22.744814440000003,2.373768581571429,2.372108588428571,4.336599984428571,15.570057157142857
11000,7.905362790571429,4.6527114278571435,22.109508750000003,2.230534295285714,2.3431771648571424,4.303162833857143,15.05593139
11001,7.724659970142857,4.525602853285714,21.50598016,2.1968600048571427,2.32159716,4.253125699,14.584017045714287
11002,7.5294914095714285,4.493825695571429,20.823008704285712,2.1968600048571427,2.3071314341428573,4.253125699,14.187988568571427
11003,7.312742773428572,4.462048537714286,20.219480115714283,2.180022866857143,2.2784371362857145,4.253125699,13.665562838571429
11004,7.110459933857143,4.430271379857143,19.870168561428574,2.1631857145714286,2.249505712714286,4.269725683142857,13.379094222857143
11005,6.922642777857143,4.652711427857143,19.663854302857143,2.3483942761428573,2.227925707857143,4.319762817857143,13.362257055714284
11006,6.792688525714285,4.891039998142857,19.695631404285713,2.575814274142857,2.220574275,4.336362830285714,13.514028452857143
11007,6.684314236,5.1452571474285715,19.727171492857142,2.870819985571429,2.220574275,4.336362830285714,13.825871437142856
11008,7.153857154142857,5.558359972428571,20.394254285714283,3.106777129571429,2.321597117857143,4.369562798714286,14.002779964285713
11009,7.601819997428571,5.812577121571429,21.06133707714286,3.1994999802857143,2.3939256909999997,4.402999949285715,14.154551361428572
11010,8.092942821571429,6.130348529857143,21.66486566571429,3.3427342735714283,2.509414259714286,4.419599933571429,14.47469430857143
11011,8.540905720857143,6.273345711571429,22.17306295142857,3.494268573142858,2.5743914,4.30292568,14.651602948571428
11012,9.046494340999999,6.400454286142856,22.665371347142855,3.561854279571429,2.697231387428572,4.186251398142857,14.491294462857143
11013,9.537617221,6.702337143714287,23.11025121714286,3.5364799954285715,2.791139951285714,4.153051373285715,14.40710863142857
11014,10.007160082571428,6.940665742285716,23.507465547142857,3.5869914380000005,2.906628534142857,4.052977103857143,14.2724113
11015,9.963762918285713,7.004220057857142,23.412134242857142,3.603828576142857,2.906628534142857,3.9028656997142863,14.314622834285714
11016,9.90590007057143,6.893000090428572,23.173805644285714,3.6711771567142857,2.928208524857143,3.7359171291428575,14.02815422
11017,9.848274348999999,6.845334382,23.046697239999997,3.6543400185714288,2.913742813,3.5692057125714287,13.868082747142855
11018,9.826457204285715,7.067774373428572,23.142028544285715,3.747062855142857,2.9571399484285714,3.5025685654285716,13.935431187142857
11019,9.797525724714285,7.194882891428572,23.253248511428573,3.7639000214285714,2.928208524857143,3.4356942925714287,14.196762671428571
11020,9.768594245142856,6.893000033857143,22.50672285285714,3.654340018428571,2.928208524857143,3.352220007285714,13.497191400857144
11021,9.732548542714285,6.765891402714286,22.52261129142857,3.5869914377142855,2.9282085248571432,3.302182844285714,13.463280055142857
11022,9.674685696142857,6.781779953428571,22.474945527142857,3.511105739285714,2.9355599577142857,3.2689828477142853,13.488654198
11023,9.689151379571427,6.892999920857143,22.888048295714288,3.5616171537142853,2.9500256977142856,3.1357085675714282,13.825634312285715
11024,9.681800031571427,6.892999920857144,22.824493867142856,3.569917145857143,2.9429114188571432,2.9853599952857146,13.732911390857144
11025,9.631288532428572,6.654671322285715,22.617942595714286,3.468894288857143,2.957377130571429,2.885285711714286,13.513791440857144
11026,9.573662811000002,6.559339905571428,22.459057089999998,3.418382846285714,2.9284457070000003,2.7686114157142856,13.328345710857144
11027,9.53761710857143,6.591117063285714,23.142028545714286,3.519642857142857,2.9068657162857146,2.6519371479999996,14.154314121428571
11028,9.523151425,6.543451354857142,23.110251444285712,3.612365722,2.8852856972857146,2.501825729714285,14.162851324285713
11029,9.487105722428572,6.543451354857142,23.094363007142853,3.7724371674285715,2.8563542737142855,2.384914293857143,14.289248465714286
11030,9.436594336428572,6.289234205714286,22.601817372857145,3.6714143104285712,2.813194264,2.418114276285714,13.952268351428572
11031,9.45106002,6.289234205714287,22.697148902857148,3.663114318285715,2.7987285521428573,2.5184257138571424,13.969105517142856
11032,9.552320031428573,6.464008488714286,22.91958883857143,3.6377400341428574,2.7769114075714283,2.6016628592857143,14.07866549285714
11033,9.667808599571428,6.289234205714286,22.808368644285714,3.553317189714286,2.784262840428571,2.6016628592857143,14.028153994285715
11034,9.783297168714286,6.400454173142857,22.983143039999998,3.4352200408571427,2.784262840428571,2.5013514288571423,13.94373115
11035,9.898785737142857,6.193902732285714,22.983143039999995,3.2246371810000007,2.7697971287142855,2.501351428857143,13.825633972857142
11036,10.07213715342857,6.019128449285715,23.07847434285714,3.1236142958571427,2.7842628404285716,2.451314294142857,13.699236831428573
11037,10.193633339333333,6.225679871166666,23.459800085,3.1333766901666666,2.7950133101666665,2.401316691,13.947723010000002
11038,10.313264016,6.158947853000001,23.704484028,3.1234720092,2.8100639678,2.3077480136,14.177743654
11039,10.391450047500001,6.031044862250001,23.5988249675,3.1824850262499997,2.78242498225,2.1092950034999998,14.183719655
